0 0 4.17564
1 0 -1.12451
2 0 -0.638954
10 0 -0.163549
11 0 -0.00559462
12 0 -0.000284247
13 0 0.000102299
14 0 -0.135497
15 0 0.0107231
16 0 0.00057648
17 0 3.58574e-05
18 0 -0.414118
19 0 -0.0254442
20 0 0.00136264
21 0 -8.43834e-05
22 0 -0.361111
23 0 -2.34188e-17
24 0 -1.51788e-16
25 0 -1.21431e-16
26 0 -0.359488
27 0 -0.0655014
28 0 -0.00556467
29 0 -0.000547662
30 0 0.166667
31 0 -2.21177e-17
32 0 -1.00289e-17
33 0 1.75641e-17
34 0 -0.0451649
35 0 -0.0163602
36 0 -0.000187713
37 0 0.000165892
50 0 0.192383
51 0 0.0121517
52 0 -0.000382058
53 0 8.65074e-06
82 0 -1.77809e-17
83 0 -1.34441e-17
84 0 -2.55601e-17
85 0 4.33681e-18
86 0 -1.59242e-18
87 0 6.28837e-18
112 0 0.080594
113 0 0.0121809
114 0 0.00152694
115 0 0.000191078
116 0 -0.00782195
117 0 -0.00151211
118 0 -0.000261488
119 0 -4.21075e-05
120 0 0.00087664
121 0 0.000210802
122 0 4.45549e-05
123 0 8.58002e-06
124 0 -0.000104997
125 0 -3.01974e-05
126 0 -7.46736e-06
127 0 -1.65827e-06
128 0 -0.0182135
129 0 -0.0028185
130 0 -0.00024437
131 0 -2.00821e-05
132 0 0.00155966
133 0 0.00019255
134 0 2.34896e-05
135 0 2.56206e-06
136 0 -0.000122239
137 0 -1.72821e-05
138 0 -2.45243e-06
139 0 -3.17392e-07
140 0 9.65362e-06
141 0 1.62042e-06
142 0 2.60256e-07
143 0 3.82761e-08
144 0 -3.90313e-17
145 0 -2.86229e-17
146 0 -5.81132e-17
147 0 -8.67362e-18
148 0 6.88468e-18
149 0 1.56125e-17
150 0 -1.12757e-17
151 0 -9.54098e-18
152 0 -1.87296e-17
153 0 -3.25261e-18
154 0 2.61903e-18
155 0 5.09575e-18
0 1 -1.12451
1 1 4.31176
2 1 -0.75
10 1 -0.171343
11 1 0.00839193
12 1 0.00042637
13 1 -0.000153449
14 1 0.208333
15 1 3.31766e-17
16 1 -1.04083e-17
17 1 4.70544e-17
26 1 0.539233
27 1 0.0982521
28 1 0.008347
29 1 0.000821494
30 1 -0.166667
31 1 -4.34562e-17
32 1 1.34441e-17
33 1 -4.15249e-17
34 1 -0.265586
35 1 0.0245403
36 1 0.000281569
37 1 -0.000248838
38 1 -0.208333
39 1 -5.85469e-17
40 1 4.33681e-17
41 1 -2.75387e-17
42 1 0.208333
43 1 9.97466e-18
44 1 -5.52943e-18
45 1 -2.29851e-17
88 1 1.73472e-17
89 1 -1.69136e-17
90 1 7.80626e-18
91 1 -9.32414e-18
92 1 6.07153e-18
93 1 5.09575e-18
94 1 1.30104e-17
95 1 -1.38778e-17
96 1 9.1073e-18
97 1 -7.04731e-18
98 1 5.63785e-18
99 1 4.11997e-18
112 1 -0.120891
113 1 -0.0182713
114 1 -0.0022904
115 1 -0.000286616
116 1 0.0117329
117 1 0.00226817
118 1 0.000392233
119 1 6.31613e-05
120 1 -0.00131496
121 1 -0.000316203
122 1 -6.68324e-05
123 1 -1.287e-05
124 1 0.000157496
125 1 4.52961e-05
126 1 1.1201e-05
127 1 2.4874e-06
150 1 -5.20417e-18
151 1 2.3744e-17
152 1 9.97466e-18
153 1 -7.88757e-18
154 1 1.95156e-18
155 1 -9.32414e-18
0 2 -0.638954
1 2 -0.75
2 2 3.58343
10 2 0.208333
11 2 -1.04083e-17
12 2 2.92735e-18
13 2 2.97071e-17
14 2 -0.213422
15 2 -0.0160846
16 2 -0.00086472
17 2 -5.37861e-05
18 2 0.0795103
19 2 0.0381663
20 2 -0.00204396
21 2 0.000126575
30 2 -0.166667
31 2 4.431e-17
32 2 -5.20417e-18
33 2 3.69713e-17
38 2 0.208333
39 2 3.31766e-17
40 2 -1.04083e-17
41 2 4.70544e-17
42 2 -0.208333
43 2 -3.54534e-17
44 2 8.2833e-17
45 2 3.90313e-17
46 2 -0.333333
47 2 -6.85216e-17
48 2 1.01048e-16
49 2 -1.8323e-17
50 2 -0.288574
51 2 -0.0182275
52 2 0.000573086
53 2 -1.29761e-05
94 2 -3.46945e-18
95 2 2.56956e-17
96 2 9.97466e-18
97 2 3.59142e-18
98 2 -2.92735e-18
99 2 -8.45678e-18
100 2 1.9082e-17
101 2 -1.04083e-17
102 2 2.0383e-17
103 2 -9.32414e-18
104 2 6.28837e-18
105 2 1.20617e-18
106 2 2.51535e-17
107 2 -2.1684e-17
108 2 1.99493e-17
109 2 -1.10589e-17
110 2 9.1073e-18
111 2 4.44523e-18
128 2 0.0273202
129 2 0.00422775
130 2 0.000366555
131 2 3.01232e-05
132 2 -0.00233949
133 2 -0.000288826
134 2 -3.52343e-05
135 2 -3.8431e-06
136 2 0.000183359
137 2 2.59232e-05
138 2 3.67865e-06
139 2 4.76088e-07
140 2 -1.44804e-05
141 2 -2.43064e-06
142 2 -3.90383e-07
143 2 -5.74142e-08
150 2 1.56125e-17
151 2 -1.21431e-17
152 2 9.1073e-18
153 2 9.32414e-18
154 2 -4.01155e-18
155 2 3.84892e-18
3 3 1
4 4 1
5 5 1
6 6 1
7 7 1
8 8 1
9 9 1
0 10 -0.163549
1 10 -0.171343
2 10 0.208333
10 10 0.508599
11 10 -0.00401612
12 10 0.000634423
13 10 -0.000261748
14 10 -0.0625
15 10 0.0208333
16 10 2.77556e-17
17 10 -1.88651e-17
26 10 -0.0920832
27 10 -0.010837
28 10 -0.00052298
29 10 -9.28822e-06
30 10 -0.0416667
31 10 -0.0166667
32 10 -3.25261e-18
33 10 -1.40946e-18
34 10 0.0978987
35 10 -0.0137943
36 10 0.00146129
37 10 -0.000193831
112 10 -0.0738534
113 10 -0.0185025
114 10 -0.00145647
115 10 -0.000142267
116 10 0.0200602
117 10 0.00326299
118 10 0.0004719
119 10 6.3157e-05
120 10 -0.0022957
121 10 -0.000491247
122 10 -9.173e-05
123 10 -1.56104e-05
124 10 0.000277266
125 10 7.31011e-05
126 10 1.64494e-05
127 10 3.32399e-06
150 10 0.00833333
151 10 -7.69784e-18
152 10 3.90313e-18
153 10 1.0327e-17
154 10 -2.00577e-18
155 10 4.33681e-18
0 11 -0.00559462
1 11 0.00839193
2 11 -1.04083e-17
10 11 -0.00401612
11 11 0.249918
12 11 -0.00319583
13 11 0.00102017
14 11 -0.0208333
15 11 0.00833333
16 11 -0.00297619
17 11 -1.27936e-17
26 11 0.00335623
27 11 0.000516195
28 11 9.40238e-05
29 11 1.10613e-05
30 11 0.0208333
31 11 0.00555556
32 11 0.00238095
33 11 -2.64274e-19
34 11 -0.00505102
35 11 0.00122657
36 11 -0.000298675
37 11 5.76744e-05
112 11 -0.0183687
113 11 -0.00205789
114 11 -6.54696e-05
115 11 3.68791e-06
116 11 -0.0457651
117 11 -0.0112096
118 11 -0.000859752
119 11 -8.04338e-05
120 11 0.00888595
121 11 0.00153632
122 11 0.000244921
123 11 3.37038e-05
124 11 -0.00113842
125 11 -0.000259253
126 11 -5.00511e-05
127 11 -8.70767e-06
150 11 0.00138889
151 11 -0.000198413
152 11 -2.98156e-19
153 11 0.00337302
154 11 -8.13152e-19
155 11 5.15843e-18
0 12 -0.000284247
1 12 0.00042637
2 12 2.92735e-18
10 12 0.000634423
11 12 -0.00319583
12 12 0.167624
13 12 -0.00265045
14 12 -1.0842e-17
15 12 0.00297619
16 12 -0.00133929
17 12 0.000496032
26 12 -0.000378356
27 12 -9.82438e-05
28 12 -2.20595e-05
29 12 -3.96733e-06
30 12 1.01915e-17
31 12 -0.00297619
32 12 -0.000892857
33 12 -0.000396825
34 12 0.000676691
35 12 -0.000228887
36 12 6.31644e-05
37 12 -1.45663e-05
112 12 0.00091675
113 12 0.000129023
114 12 2.2862e-05
115 12 2.76422e-06
116 12 -0.00767608
117 12 -0.00076794
118 12 9.23774e-06
119 12 7.1518e-06
120 12 -0.0328637
121 12 -0.00801789
122 12 -0.000611583
123 12 -5.66141e-05
124 12 0.00506177
125 12 0.000925332
126 12 0.000159318
127 12 2.23895e-05
150 12 0.00297619
151 12 -0.000744048
152 12 8.2672e-05
153 12 0.000446429
154 12 -4.96032e-05
155 12 0.0014881
0 13 0.000102299
1 13 -0.000153449
2 13 2.97071e-17
10 13 -0.000261748
11 13 0.00102017
12 13 -0.00265045
13 13 0.126037
14 13 -1.84314e-17
15 13 9.54098e-18
16 13 -0.000496032
17 13 0.000238095
26 13 5.21577e-05
27 13 1.77995e-05
28 13 4.79834e-06
29 13 1.07071e-06
30 13 -2.49366e-18
31 13 -3.31359e-18
32 13 0.000496032
33 13 0.00015873
34 13 -0.000100812
35 13 4.04409e-05
36 13 -1.26304e-05
37 13 3.31454e-06
112 13 -0.000111323
113 13 -2.72329e-05
114 13 -6.15556e-06
115 13 -1.15017e-06
116 13 0.000377328
117 13 3.54553e-05
118 13 4.81179e-06
119 13 1.86646e-07
120 13 -0.00414887
121 13 -0.00035731
122 13 2.78101e-05
123 13 7.52237e-06
124 13 -0.0256108
125 13 -0.00623954
126 13 -0.000475023
127 13 -4.38041e-05
150 13 4.33681e-18
151 13 -3.69984e-18
152 13 2.58853e-18
153 13 0.000992063
154 13 -0.000198413
155 13 0.000198413
0 14 -0.135497
1 14 0.208333
2 14 -0.213422
10 14 -0.0625
11 14 -0.0208333
12 14 -1.0842e-17
13 14 -1.84314e-17
14 14 0.350919
15 14 -0.00955156
16 14 -0.00163803
17 14 -0.000102199
18 14 0.0133742
19 14 -0.0055292
20 14 0.000243825
21 14 -1.14432e-05
30 14 -0.0416667
31 14 0.0166667
32 14 4.11997e-18
33 14 -1.36609e-17
50 14 -0.016597
51 14 0.00479541
52 14 -0.000258028
53 14 1.76767e-05
128 14 -0.0470197
129 14 0.00783547
130 14 0.000377742
131 14 2.18835e-05
132 14 -0.00513806
133 14 -0.000517698
134 14 -6.42746e-05
135 14 -5.89876e-06
136 14 0.000382773
137 14 5.11226e-05
138 14 6.87407e-06
139 14 8.22762e-07
140 14 -2.95566e-05
141 14 -4.91955e-06
142 14 -7.51589e-07
143 14 -1.04685e-07
150 14 0.00833333
151 14 2.08167e-17
152 14 4.77049e-18
153 14 -7.77915e-18
154 14 8.67362e-19
155 14 -5.42101e-18
0 15 0.0107231
1 15 3.31766e-17
2 15 -0.0160846
10 15 0.0208333
11 15 0.00833333
12 15 0.00297619
13 15 9.54098e-18
14 15 -0.00955156
15 15 0.15461
16 15 -0.00561563
17 15 -0.000441489
18 15 0.00176457
19 15 2.98841e-05
20 15 1.04799e-05
21 15 -1.31009e-06
30 15 -0.0208333
31 15 0.00555556
32 15 -0.00238095
33 15 -4.67562e-18
50 15 -0.00175467
51 15 -4.28032e-05
52 15 -1.3268e-05
53 15 2.15637e-06
128 15 -0.00231354
129 15 -0.0012087
130 15 -4.51396e-05
131 15 -1.76118e-06
132 15 0.0279256
133 15 -0.0047951
134 15 -0.000231154
135 15 -1.32415e-05
136 15 0.00253933
137 15 0.000151993
138 15 2.99796e-05
139 15 2.99684e-06
140 15 -0.000156664
141 15 -2.4616e-05
142 15 -3.41139e-06
143 15 -4.30131e-07
150 15 -0.00138889
151 15 0.00496032
152 15 1.04083e-17
153 15 -0.00178571
154 15 -1.00289e-18
155 15 2.76472e-18
0 16 0.00057648
1 16 -1.04083e-17
2 16 -0.00086472
10 16 2.77556e-17
11 16 -0.00297619
12 16 -0.00133929
13 16 -0.000496032
14 16 -0.00163803
15 16 -0.00561563
16 16 0.0994598
17 16 -0.00387858
18 16 7.26469e-05
19 16 -2.44619e-06
20 16 9.38018e-07
21 16 -1.63724e-07
30 16 -2.0383e-17
31 16 0.00297619
32 16 -0.000892857
33 16 0.000396825
50 16 -6.32659e-05
51 16 2.32863e-06
52 16 -1.30909e-06
53 16 2.7224e-07
128 16 -0.000492168
129 16 3.81917e-06
130 16 -2.69117e-06
131 16 -3.10164e-07
132 16 0.000667201
133 16 0.000589285
134 16 1.71546e-05
135 16 3.21271e-07
136 16 -0.0199105
137 16 0.00343647
138 16 0.000165666
139 16 9.47181e-06
140 16 -0.00158865
141 16 -4.45013e-05
142 16 -1.78924e-05
143 16 -1.91571e-06
150 16 0.00297619
151 16 -0.000297619
152 16 0.00274471
153 16 0.000595238
154 16 -0.00119048
155 16 0.000347222
0 17 3.58574e-05
1 17 4.70544e-17
2 17 -5.37861e-05
10 17 -1.88651e-17
11 17 -1.27936e-17
12 17 0.000496032
13 17 0.000238095
14 17 -0.000102199
15 17 -0.000441489
16 17 -0.00387858
17 17 0.073051
18 17 2.9646e-06
19 17 -3.57621e-07
20 17 1.01384e-07
21 17 -2.06311e-08
30 17 -2.00577e-17
31 17 1.30104e-17
32 17 -0.000496032
33 17 0.00015873
50 17 -1.76007e-06
51 17 3.59477e-07
52 17 -1.43277e-07
53 17 3.37795e-08
128 17 -2.50148e-05
129 17 -9.39541e-07
130 17 -2.66363e-07
131 17 -4.34925e-08
132 17 0.000252847
133 17 -2.34412e-06
134 17 1.08907e-06
135 17 1.04665e-07
136 17 -0.000194058
137 17 -0.00036746
138 17 -8.31784e-06
139 17 6.87054e-08
140 17 0.0154756
141 17 -0.00267603
142 17 -0.00012901
143 17 -7.37124e-06
150 17 -4.20128e-19
151 17 0.0014881
152 17 -0.000138889
153 17 -0.000496032
154 17 0.000257937
155 17 -0.000138889
0 18 -0.414118
2 18 0.0795103
14 18 0.0133742
15 18 0.00176457
16 18 7.26469e-05
17 18 2.9646e-06
18 18 0.357869
19 18 -0.0351034
20 18 -0.00385815
21 18 0.000239665
22 18 0.0347222
23 18 0.0180556
24 18 6.50521e-19
25 18 2.60209e-18
50 18 -0.0158766
51 18 0.0161085
52 18 0.00104562
53 18 -2.14874e-05
128 18 -0.0186125
129 18 0.00410274
130 18 0.000775813
131 18 6.18782e-05
132 18 -0.00336409
133 18 -0.000394297
134 18 -6.72788e-05
135 18 -7.76599e-06
136 18 0.000165157
137 18 3.62415e-05
138 18 6.00769e-06
139 18 8.64527e-07
140 18 -9.73552e-06
141 18 -3.05779e-06
142 18 -5.78846e-07
143 18 -9.53946e-08
144 18 0.025
145 18 3.30682e-18
146 18 6.34258e-18
147 18 9.6494e-18
148 18 -2.62919e-18
149 18 -3.08998e-18
0 19 -0.0254442
2 19 0.0381663
14 19 -0.0055292
15 19 2.98841e-05
16 19 -2.44619e-06
17 19 -3.57621e-07
18 19 -0.0351034
19 19 0.128947
20 19 -0.0148468
21 19 -0.00102351
22 19 -0.0180556
23 19 -0.00462963
24 19 -0.00257937
25 19 1.95156e-18
50 19 -0.0153591
51 19 0.0164077
52 19 0.00641319
53 19 4.81914e-05
128 19 0.00506246
129 19 0.0117027
130 19 -0.00170551
131 19 -0.000333375
132 19 -0.000329302
133 19 0.00204442
134 19 0.000178099
135 19 3.8001e-05
136 19 9.76382e-06
137 19 -9.98626e-05
138 19 -1.84754e-05
139 19 -3.33459e-06
140 19 -1.73417e-07
141 19 5.79777e-06
142 19 1.62093e-06
143 19 3.2321e-07
144 19 -0.0106481
145 19 0.00152116
146 19 4.46556e-18
147 19 0.00800265
148 19 2.597e-18
149 19 5.69206e-18
0 20 0.00136264
2 20 -0.00204396
14 20 0.000243825
15 20 1.04799e-05
16 20 9.38018e-07
17 20 1.01384e-07
18 20 -0.00385815
19 20 -0.0148468
20 20 0.0738947
21 20 -0.00834471
22 20 2.38524e-18
23 20 0.00257937
24 20 0.000744048
25 20 0.000429894
50 20 0.00795309
51 20 -0.0071849
52 20 0.014831
53 20 0.00341292
128 20 -0.00142078
129 20 -0.00225497
130 20 -0.00841896
131 20 0.00090308
132 20 -1.37033e-05
133 20 0.00013447
134 20 -0.00146352
135 20 -0.000103254
136 20 -1.88119e-07
137 20 -1.49736e-06
138 20 7.14166e-05
139 20 1.1847e-05
140 20 5.33199e-08
141 20 -2.07891e-07
142 20 -4.13365e-06
143 20 -1.06946e-06
144 20 0.00257937
145 20 -0.000644841
146 20 7.1649e-05
147 20 -0.00342262
148 20 0.000380291
149 20 0.00340608
0 21 -8.43834e-05
2 21 0.000126575
14 21 -1.14432e-05
15 21 -1.31009e-06
16 21 -1.63724e-07
17 21 -2.06311e-08
18 21 0.000239665
19 21 -0.00102351
20 21 -0.00834471
21 21 0.0501157
22 21 1.08962e-17
23 21 5.42101e-20
24 21 -0.000429894
25 21 -0.000132275
50 21 -0.000491794
51 21 0.00328307
52 21 -0.00415278
53 21 0.0124156
128 21 7.47847e-05
129 21 0.000694712
130 21 0.00130044
131 21 0.00656469
132 21 -2.54526e-06
133 21 1.26103e-05
134 21 -7.06446e-05
135 21 0.00113919
136 21 2.11396e-07
137 21 -3.9305e-07
138 21 -7.24683e-07
139 21 -5.55663e-05
140 21 -2.32035e-08
141 21 2.18687e-08
142 21 2.81497e-07
143 21 3.21238e-06
144 21 8.32125e-18
145 21 -7.98244e-18
146 21 5.41423e-18
147 21 0.000859788
148 21 -0.000171958
149 21 -0.00152116
0 22 -0.361111
18 22 0.0347222
19 22 -0.0180556
20 22 2.38524e-18
21 22 1.08962e-17
22 22 0.361111
23 22 0.0361111
24 22 8.13152e-17
25 22 7.14489e-17
26 22 -0.0347222
27 22 -0.0180556
28 22 2.12504e-17
29 22 1.10589e-17
82 22 0.0111111
83 22 -4.55365e-18
84 22 4.11997e-18
85 22 -8.31786e-18
86 22 9.21572e-19
87 22 2.98156e-18
144 22 0.025
145 22 4.0766e-17
146 22 2.4503e-17
147 22 -3.46945e-18
148 22 -8.13152e-20
149 22 -2.38524e-18
0 23 -2.34188e-17
18 23 0.0180556
19 23 -0.00462963
20 23 0.00257937
21 23 5.42101e-20
22 23 0.0361111
23 23 0.12037
24 23 0.0154762
25 23 4.17621e-17
26 23 0.0180556
27 23 0.00462963
28 23 0.00257937
29 23 -7.80626e-18
82 23 0.00138889
83 23 -0.000198413
84 23 -4.60786e-19
85 23 0.00403439
86 23 5.6243e-19
87 23 -2.93412e-18
144 23 0.0106481
145 23 0.0127646
146 23 2.0599e-17
147 23 -0.00324074
148 23 -9.35124e-19
149 23 2.38524e-18
0 24 -1.51788e-16
18 24 6.50521e-19
19 24 -0.00257937
20 24 0.000744048
21 24 -0.000429894
22 24 8.13152e-17
23 24 0.0154762
24 24 0.0619048
25 24 0.00859788
26 24 -5.20417e-18
27 24 -0.00257937
28 24 -0.000744048
29 24 -0.000429894
82 24 0.00257937
83 24 -0.000644841
84 24 7.1649e-05
85 24 0.000446429
86 24 -4.96032e-05
87 24 0.00175265
144 24 0.00257937
145 24 0.00545635
146 24 0.00682319
147 24 -0.00138889
148 24 -0.00251323
149 24 0.000512566
0 25 -1.21431e-16
18 25 2.60209e-18
19 25 1.95156e-18
20 25 0.000429894
21 25 -0.000132275
22 25 7.14489e-17
23 25 4.17621e-17
24 25 0.00859788
25 25 0.0378307
26 25 9.1073e-18
27 25 4.44523e-18
28 25 0.000429894
29 25 0.000132275
82 25 -2.84603e-18
83 25 3.12725e-18
84 25 -2.07354e-18
85 25 0.000859788
86 25 -0.000171958
87 25 0.000198413
144 25 1.0842e-18
145 25 0.00128968
146 25 0.00304012
147 25 -0.000429894
148 25 -0.00113095
149 25 0.000218254
0 26 -0.359488
1 26 0.539233
10 26 -0.0920832
11 26 0.00335623
12 26 -0.000378356
13 26 5.21577e-05
22 26 -0.0347222
23 26 0.0180556
24 26 -5.20417e-18
25 26 9.1073e-18
26 26 0.368282
27 26 0.0162049
28 26 -0.00472068
29 26 -0.000472867
34 26 -0.0192319
35 26 0.0384403
36 26 -0.000428732
37 26 0.000177902
82 26 0.0111111
83 26 2.23075e-17
84 26 8.5652e-18
85 26 4.11997e-18
86 26 -1.89735e-18
87 26 -4.44523e-18
112 26 -0.0323389
113 26 0.00868024
114 26 0.00160715
115 26 0.000192733
116 26 -0.00458423
117 26 -0.00133526
118 26 -0.00027095
119 26 -4.42713e-05
120 26 0.00036954
121 26 0.000159131
122 26 4.03315e-05
123 26 8.36703e-06
124 26 -3.68787e-05
125 26 -1.97957e-05
126 26 -6.05047e-06
127 26 -1.49097e-06
0 27 -0.0655014
1 27 0.0982521
10 27 -0.010837
11 27 0.000516195
12 27 -9.82438e-05
13 27 1.77995e-05
22 27 -0.0180556
23 27 0.00462963
24 27 -0.00257937
25 27 4.44523e-18
26 27 0.0162049
27 27 0.130171
28 27 0.0090529
29 27 -0.000755245
34 27 0.0522798
35 27 -0.0267168
36 27 -0.0138673
37 27 0.000653681
82 27 -0.00138889
83 27 -0.00615079
84 27 -1.20346e-17
85 27 -0.00191799
86 27 -6.09864e-19
87 27 -2.1413e-18
112 27 -0.0184559
113 27 -0.0186407
114 27 0.00294338
115 27 0.000609226
116 27 0.000271675
117 27 -0.0028443
118 27 -0.000709685
119 27 -0.000144653
120 27 2.2647e-06
121 27 0.000223868
122 27 8.74943e-05
123 27 2.23464e-05
124 27 -2.72821e-06
125 27 -2.14529e-05
126 27 -1.10151e-05
127 27 -3.42449e-06
0 28 -0.00556467
1 28 0.008347
10 28 -0.00052298
11 28 9.40238e-05
12 28 -2.20595e-05
13 28 4.79834e-06
22 28 2.12504e-17
23 28 0.00257937
24 28 -0.000744048
25 28 0.000429894
26 28 -0.00472068
27 28 0.0090529
28 28 0.0773488
29 28 0.00672395
34 28 0.0156895
35 28 -0.0254207
36 28 0.023705
37 28 0.00647444
82 28 0.00257937
83 28 0.000992063
84 28 0.00335097
85 28 -9.92063e-05
86 28 0.00135582
87 28 0.000347222
112 28 -0.00305493
113 28 -0.00878793
114 28 -0.0131942
115 28 0.00113229
116 28 7.33448e-05
117 28 -5.18109e-06
118 28 -0.00204575
119 28 -0.000463927
120 28 -7.73535e-06
121 28 1.75439e-05
122 28 0.000160334
123 28 5.86276e-05
124 28 7.53966e-07
125 28 -3.23723e-06
126 28 -1.52213e-05
127 28 -7.45173e-06
0 29 -0.000547662
1 29 0.000821494
10 29 -9.28822e-06
11 29 1.10613e-05
12 29 -3.96733e-06
13 29 1.07071e-06
22 29 1.10589e-17
23 29 -7.80626e-18
24 29 -0.000429894
25 29 0.000132275
26 29 -0.000472867
27 29 -0.000755245
28 29 0.00672395
29 29 0.054451
34 29 0.00153544
35 29 -0.00693352
36 29 0.0153938
37 29 -0.0197444
82 29 -2.84603e-19
83 29 -0.00128968
84 29 -0.000570988
85 29 -0.000429894
86 29 -7.27513e-05
87 29 4.62963e-05
112 29 -0.000233674
113 29 -0.00158027
114 29 -0.00539537
115 29 -0.0102259
116 29 2.21608e-05
117 29 1.9393e-05
118 29 -7.08962e-05
119 29 -0.00159519
120 29 -3.06586e-06
121 29 -8.23337e-07
122 29 1.94761e-05
123 29 0.000124805
124 29 4.54566e-07
125 29 -9.94892e-08
126 29 -3.07981e-06
127 29 -1.18018e-05
0 30 0.166667
1 30 -0.166667
2 30 -0.166667
10 30 -0.0416667
11 30 0.0208333
12 30 1.01915e-17
13 30 -2.49366e-18
14 30 -0.0416667
15 30 -0.0208333
16 30 -2.0383e-17
17 30 -2.00577e-17
30 30 0.291667
31 30 6.01732e-18
32 30 -3.70797e-17
33 30 -5.96311e-18
38 30 -0.0416667
39 30 -0.0208333
40 30 -1.82146e-17
41 30 -2.08167e-17
42 30 -0.0416667
43 30 -0.0208333
44 30 1.53957e-17
45 30 0
94 30 0.0125
95 30 -8.61941e-18
96 30 -1.66967e-17
97 30 7.58942e-19
98 30 1.51788e-18
99 30 2.71051e-18
150 30 0.0125
151 30 -9.18861e-18
152 30 -1.73472e-17
153 30 -1.40946e-18
154 30 -1.35525e-18
155 30 3.03577e-18
0 31 -2.21177e-17
1 31 -4.34562e-17
2 31 4.431e-17
10 31 -0.0166667
11 31 0.00555556
12 31 -0.00297619
13 31 -3.31359e-18
14 31 0.0166667
15 31 0.00555556
16 31 0.00297619
17 31 1.30104e-17
30 31 6.01732e-18
31 31 0.0944444
32 31 -5.96311e-18
33 31 -2.64003e-17
38 31 -0.0166667
39 31 -0.00555556
40 31 -0.00297619
41 31 -1.37694e-17
42 31 0.0166667
43 31 0.00555556
44 31 0.00297619
45 31 -3.65918e-19
94 31 -5.14573e-18
95 31 0.00654762
96 31 -2.80537e-18
97 31 -0.00218254
98 31 5.55654e-19
99 31 -1.82959e-19
150 31 6.00546e-18
151 31 -0.00654762
152 31 1.58565e-18
153 31 -0.00218254
154 31 5.14996e-19
155 31 6.84403e-19
0 32 -1.00289e-17
1 32 1.34441e-17
2 32 -5.20417e-18
10 32 -3.25261e-18
11 32 0.00238095
12 32 -0.000892857
13 32 0.000496032
14 32 4.11997e-18
15 32 -0.00238095
16 32 -0.000892857
17 32 -0.000496032
30 32 -3.70797e-17
31 32 -5.96311e-18
32 32 0.0482143
33 32 -4.26905e-18
38 32 -2.1684e-19
39 32 -0.00238095
40 32 -0.000892857
41 32 -0.000496032
42 32 1.0842e-18
43 32 -0.00238095
44 32 -0.000892857
45 32 -0.000496032
94 32 0.00238095
95 32 0.000297619
96 32 0.00353836
97 32 0.000297619
98 32 -0.0014881
99 32 0.000396825
150 32 0.00238095
151 32 0.000297619
152 32 0.00353836
153 32 -0.000297619
154 32 0.0014881
155 32 0.000396825
0 33 1.75641e-17
1 33 -4.15249e-17
2 33 3.69713e-17
10 33 -1.40946e-18
11 33 -2.64274e-19
12 33 -0.000396825
13 33 0.00015873
14 33 -1.36609e-17
15 33 -4.67562e-18
16 33 0.000396825
17 33 0.00015873
30 33 -5.96311e-18
31 33 -2.64003e-17
32 33 -4.26905e-18
33 33 0.0293651
38 33 1.25767e-17
39 33 5.08897e-18
40 33 -0.000396825
41 33 -0.00015873
42 33 7.58942e-19
43 33 1.72287e-18
44 33 0.000396825
45 33 0.00015873
94 33 -5.42101e-20
95 33 0.00119048
96 33 0.000185185
97 33 -0.000396825
98 33 7.93651e-05
99 33 -7.93651e-05
150 33 -1.38236e-18
151 33 -0.00119048
152 33 -0.000185185
153 33 -0.000396825
154 33 7.93651e-05
155 33 7.93651e-05
0 34 -0.0451649
1 34 -0.265586
10 34 0.0978987
11 34 -0.00505102
12 34 0.000676691
13 34 -0.000100812
26 34 -0.0192319
27 34 0.0522798
28 34 0.0156895
29 34 0.00153544
34 34 0.36709
35 34 -0.015112
36 34 0.000194021
37 34 -0.000418776
38 34 -0.0277778
39 34 -0.0138889
40 34 -1.95156e-18
41 34 7.37257e-18
88 34 0.00833333
89 34 2.09251e-17
90 34 2.60209e-18
91 34 7.90112e-18
92 34 -1.68051e-18
93 34 -5.85469e-18
112 34 -0.0354559
113 34 -0.0220404
114 34 -0.0039729
115 34 -0.000504582
116 34 0.00857918
117 34 0.00263957
118 34 0.000562708
119 34 9.79897e-05
120 34 -0.00072142
121 34 -0.000309275
122 34 -8.14647e-05
123 34 -1.76154e-05
124 34 7.4181e-05
125 34 3.84391e-05
126 34 1.2052e-05
127 34 3.06186e-06
0 35 -0.0163602
1 35 0.0245403
10 35 -0.0137943
11 35 0.00122657
12 35 -0.000228887
13 35 4.04409e-05
26 35 0.0384403
27 35 -0.0267168
28 35 -0.0254207
29 35 -0.00693352
34 35 -0.015112
35 35 0.145342
36 35 -0.0113758
37 35 0.00158824
38 35 0.0222222
39 35 0.0037037
40 35 0.00198413
41 35 -3.483e-18
88 35 0.0037037
89 35 -0.00489418
90 35 -1.14925e-17
91 35 -0.00198413
92 35 -8.13152e-19
93 35 -2.97647e-18
112 35 -0.0115293
113 35 0.0206717
114 35 0.0106843
115 35 0.00206839
116 35 -0.000355569
117 35 -0.00505938
118 35 -0.00144832
119 35 -0.000320384
120 35 7.53082e-05
121 35 0.00040958
122 35 0.000171148
123 35 4.67994e-05
124 35 -1.2179e-05
125 35 -4.02718e-05
126 35 -2.12591e-05
127 35 -6.95844e-06
0 36 -0.000187713
1 36 0.000281569
10 36 0.00146129
11 36 -0.000298675
12 36 6.31644e-05
13 36 -1.26304e-05
26 36 -0.000428732
27 36 -0.0138673
28 36 0.023705
29 36 0.0153938
34 36 0.000194021
35 36 -0.0113758
36 36 0.0904097
37 36 -0.00919256
38 36 -1.21431e-17
39 36 -0.0031746
40 36 -0.000595238
41 36 -0.000330688
88 36 0.0031746
89 36 -0.00138889
90 36 0.00271164
91 36 -0.000992063
92 36 0.00125661
93 36 0.000396825
112 36 0.00218435
113 36 0.00387756
114 36 -0.0146924
115 36 -0.00657802
116 36 -3.07262e-06
117 36 0.000440343
118 36 0.00359943
119 36 0.000978061
120 36 -9.473e-07
121 36 -6.58305e-05
122 36 -0.000288569
123 36 -0.00011642
124 36 5.32197e-07
125 36 9.14861e-06
126 36 2.79734e-05
127 36 1.44776e-05
0 37 0.000165892
1 37 -0.000248838
10 37 -0.000193831
11 37 5.76744e-05
12 37 -1.45663e-05
13 37 3.31454e-06
26 37 0.000177902
27 37 0.000653681
28 37 0.00647444
29 37 -0.0197444
34 37 -0.000418776
35 37 0.00158824
36 37 -0.00919256
37 37 0.0651768
38 37 1.41141e-17
39 37 1.02999e-17
40 37 0.000529101
41 37 0.00010582
88 37 5.42101e-20
89 37 -0.0015873
90 37 0.000740741
91 37 -0.000529101
92 37 0.000529101
93 37 0.00021164
112 37 -0.00022986
113 37 -0.000835988
114 37 -0.00152985
115 37 0.0114053
116 37 2.43048e-05
117 37 -4.91218e-05
118 37 -0.000415001
119 37 -0.00279482
120 37 -3.58038e-06
121 37 7.69454e-06
122 37 5.73611e-05
123 37 0.000223152
124 37 5.33931e-07
125 37 -1.2803e-06
126 37 -7.65339e-06
127 37 -2.14962e-05
1 38 -0.208333
2 38 0.208333
30 38 -0.0416667
31 38 -0.0166667
32 38 -2.1684e-19
33 38 1.25767e-17
34 38 -0.0277778
35 38 0.0222222
36 38 -1.21431e-17
37 38 1.41141e-17
38 38 0.298611
39 38 -0.00694444
40 38 -1.56125e-17
41 38 1.53415e-17
42 38 -0.0625
43 38 0.0208333
44 38 -6.28837e-18
45 38 1.56125e-17
88 38 0.0166667
89 38 -6.76271e-18
90 38 -1.78893e-17
91 38 1.15196e-18
92 38 2.00577e-18
93 38 3.1984e-18
94 38 0.00833333
95 38 2.08167e-17
96 38 4.55365e-18
97 38 6.07831e-18
98 38 -6.50521e-19
99 38 -5.09575e-18
1 39 -5.85469e-17
2 39 3.31766e-17
30 39 -0.0208333
31 39 -0.00555556
32 39 -0.00238095
33 39 5.08897e-18
34 39 -0.0138889
35 39 0.0037037
36 39 -0.0031746
37 39 1.02999e-17
38 39 -0.00694444
39 39 0.0962963
40 39 -0.00297619
41 39 -9.38343e-18
42 39 0.0208333
43 39 -0.00833333
44 39 0.00297619
45 39 -6.50521e-18
88 39 -0.000925926
89 39 0.00806878
90 39 -1.74828e-18
91 39 -0.00277778
92 39 5.55654e-19
93 39 -3.93023e-19
94 39 -0.00138889
95 39 0.00496032
96 39 1.05168e-17
97 39 0.00178571
98 39 7.58942e-19
99 39 2.50722e-18
1 40 4.33681e-17
2 40 -1.04083e-17
30 40 -1.82146e-17
31 40 -0.00297619
32 40 -0.000892857
33 40 -0.000396825
34 40 -1.95156e-18
35 40 0.00198413
36 40 -0.000595238
37 40 0.000529101
38 40 -1.56125e-17
39 40 -0.00297619
40 40 0.0491071
41 40 -0.00165344
42 40 2.86229e-17
43 40 0.00297619
44 40 -0.00133929
45 40 0.000496032
88 40 0.00198413
89 40 -0.000198413
90 40 0.00429894
91 40 0.000396825
92 40 -0.00185185
93 40 0.000496032
94 40 0.00297619
95 40 -0.000297619
96 40 0.00274471
97 40 -0.000595238
98 40 0.00119048
99 40 0.000347222
1 41 -2.75387e-17
2 41 4.70544e-17
30 41 -2.08167e-17
31 41 -1.37694e-17
32 41 -0.000496032
33 41 -0.00015873
34 41 7.37257e-18
35 41 -3.483e-18
36 41 -0.000330688
37 41 0.00010582
38 41 1.53415e-17
39 41 -9.38343e-18
40 41 -0.00165344
41 41 0.0298942
42 41 -1.86483e-17
43 41 1.43115e-17
44 41 0.000496032
45 41 -0.000238095
88 41 -5.14996e-19
89 41 0.000992063
90 41 -9.25926e-05
91 41 -0.000330688
92 41 0.000171958
93 41 -9.25926e-05
94 41 -2.98156e-19
95 41 0.0014881
96 41 -0.000138889
97 41 0.000496032
98 41 -0.000257937
99 41 -0.000138889
1 42 0.208333
2 42 -0.208333
30 42 -0.0416667
31 42 0.0166667
32 42 1.0842e-18
33 42 7.58942e-19
38 42 -0.0625
39 42 0.0208333
40 42 2.86229e-17
41 42 -1.86483e-17
42 42 0.298611
43 42 -0.00694444
44 42 1.43115e-17
45 42 2.78098e-17
46 42 -0.0277778
47 42 -0.0222222
48 42 -4.87891e-18
49 42 6.23416e-18
94 42 0.00833333
95 42 -6.83047e-18
96 42 3.90313e-18
97 42 -8.89046e-18
98 42 1.24683e-18
99 42 4.44523e-18
100 42 0.0166667
101 42 2.29851e-17
102 42 4.87891e-18
103 42 7.15573e-18
104 42 -6.50521e-19
105 42 -4.01155e-18
1 43 9.97466e-18
2 43 -3.54534e-17
30 43 -0.0208333
31 43 0.00555556
32 43 -0.00238095
33 43 1.72287e-18
38 43 0.0208333
39 43 -0.00833333
40 43 0.00297619
41 43 1.43115e-17
42 43 -0.00694444
43 43 0.0962963
44 43 -0.00297619
45 43 1.22447e-17
46 43 -0.0138889
47 43 -0.0037037
48 43 -0.0031746
49 43 3.79471e-19
94 43 -0.00138889
95 43 0.000198413
96 43 4.60786e-19
97 43 0.00337302
98 43 1.15196e-19
99 43 -3.74389e-18
100 43 -0.000925926
101 43 0.00806878
102 43 1.27936e-17
103 43 0.00277778
104 43 1.54499e-18
105 43 2.54788e-18
1 44 -5.52943e-18
2 44 8.2833e-17
30 44 1.53957e-17
31 44 0.00297619
32 44 -0.000892857
33 44 0.000396825
38 44 -6.28837e-18
39 44 0.00297619
40 44 -0.00133929
41 44 0.000496032
42 44 1.43115e-17
43 44 -0.00297619
44 44 0.0491071
45 44 -0.00165344
46 44 -1.79978e-17
47 44 -0.00198413
48 44 -0.000595238
49 44 -0.000529101
94 44 0.00297619
95 44 -0.000744048
96 44 8.2672e-05
97 44 -0.000446429
98 44 4.96032e-05
99 44 0.0014881
100 44 0.00198413
101 44 -0.000198413
102 44 0.00429894
103 44 -0.000396825
104 44 0.00185185
105 44 0.000496032
1 45 -2.29851e-17
2 45 3.90313e-17
30 45 0
31 45 -3.65918e-19
32 45 -0.000496032
33 45 0.00015873
38 45 1.56125e-17
39 45 -6.50521e-18
40 45 0.000496032
41 45 -0.000238095
42 45 2.78098e-17
43 45 1.22447e-17
44 45 -0.00165344
45 45 0.0298942
46 45 -1.40946e-17
47 45 -1.1601e-17
48 45 -0.000330688
49 45 -0.00010582
94 45 -2.6563e-18
95 45 2.72406e-18
96 45 -1.91091e-18
97 45 0.000992063
98 45 -0.000198413
99 45 -0.000198413
100 45 1.15196e-18
101 45 0.000992063
102 45 -9.25926e-05
103 45 0.000330688
104 45 -0.000171958
105 45 -9.25926e-05
2 46 -0.333333
42 46 -0.0277778
43 46 -0.0138889
44 46 -1.79978e-17
45 46 -1.40946e-17
46 46 0.319444
47 46 -0.0277778
48 46 -3.17671e-17
49 46 3.05203e-17
50 46 -2.42861e-17
51 46 -0.0166667
52 46 -8.89046e-18
53 46 -5.42101e-19
100 46 0.00833333
101 46 -4.06576e-18
102 46 -1.61004e-17
103 46 2.92735e-18
104 46 -8.13152e-20
105 46 3.08998e-18
106 46 0.0166667
107 46 2.12504e-17
108 46 -1.30104e-18
109 46 1.03812e-17
110 46 -6.50521e-19
111 46 -5.74627e-18
2 47 -6.85216e-17
42 47 -0.0222222
43 47 -0.0037037
44 47 -0.00198413
45 47 -1.1601e-17
46 47 -0.0277778
47 47 0.101852
48 47 -0.0119048
49 47 -1.03202e-17
50 47 -0.0166667
51 47 -2.38524e-18
52 47 -0.00238095
53 47 -2.27682e-18
100 47 -0.0037037
101 47 0.00489418
102 47 -1.02999e-18
103 47 -0.00198413
104 47 4.94667e-19
105 47 -5.96311e-19
106 47 -0.00555556
107 47 0.00793651
108 47 1.19262e-17
109 47 0.0031746
110 47 2.00577e-18
111 47 3.06626e-18
2 48 1.01048e-16
42 48 -4.87891e-18
43 48 -0.0031746
44 48 -0.000595238
45 48 -0.000330688
46 48 -3.17671e-17
47 48 -0.0119048
48 48 0.0517857
49 48 -0.00661376
50 48 -4.11997e-18
51 48 -0.00238095
52 48 -9.75782e-19
53 48 -0.000396825
100 48 0.0031746
101 48 -0.00138889
102 48 0.00271164
103 48 0.000992063
104 48 -0.00125661
105 48 0.000396825
106 48 0.00238095
107 48 -0.00238095
108 48 0.0042328
109 48 -0.00119048
110 48 0.00198413
111 48 0.000595238
2 49 -1.8323e-17
42 49 6.23416e-18
43 49 3.79471e-19
44 49 -0.000529101
45 49 -0.00010582
46 49 3.05203e-17
47 49 -1.03202e-17
48 49 -0.00661376
49 49 0.0314815
50 49 -6.02071e-18
51 49 -4.98733e-18
52 49 -0.000396825
53 49 -1.78216e-18
100 49 8.67362e-19
101 49 0.0015873
102 49 -0.000740741
103 49 -0.000529101
104 49 0.000529101
105 49 -0.00021164
106 49 1.02999e-18
107 49 0.00119048
108 49 -0.0012963
109 49 0.000396825
110 49 -0.000714286
111 49 -0.000238095
0 50 0.192383
2 50 -0.288574
14 50 -0.016597
15 50 -0.00175467
16 50 -6.32659e-05
17 50 -1.76007e-06
18 50 -0.0158766
19 50 -0.0153591
20 50 0.00795309
21 50 -0.000491794
46 50 -2.42861e-17
47 50 -0.0166667
48 50 -4.11997e-18
49 50 -6.02071e-18
50 50 0.30409
51 50 -0.0202042
52 50 -0.00227053
53 50 5.40456e-05
106 50 0.0166667
107 50 -5.21772e-19
108 50 -1.71304e-17
109 50 1.65341e-18
110 50 1.38236e-18
111 50 2.87314e-18
128 50 -0.0229113
129 50 -0.00646412
130 50 -0.0013414
131 50 -0.000111999
132 50 0.0048166
133 50 0.000621422
134 50 0.000104015
135 50 1.25427e-05
136 50 -0.000239708
137 50 -5.47242e-05
138 50 -9.25315e-06
139 50 -1.3615e-06
140 50 1.43054e-05
141 50 4.55755e-06
142 50 8.82857e-07
143 50 1.48164e-07
0 51 0.0121517
2 51 -0.0182275
14 51 0.00479541
15 51 -4.28032e-05
16 51 2.32863e-06
17 51 3.59477e-07
18 51 0.0161085
19 51 0.0164077
20 51 -0.0071849
21 51 0.00328307
46 51 -0.0166667
47 51 -2.38524e-18
48 51 -0.00238095
49 51 -4.98733e-18
50 51 -0.0202042
51 51 0.116084
52 51 -0.00898103
53 51 -0.000398989
106 51 -0.00555556
107 51 0.00793651
108 51 2.41235e-18
109 51 -0.0031746
110 51 7.31836e-19
111 51 -7.59789e-19
128 51 -0.00541031
129 51 0.0129499
130 51 0.00290917
131 51 0.000693832
132 51 0.000285885
133 51 -0.00289296
134 51 -0.000301983
135 51 -6.04936e-05
136 51 -4.68303e-06
137 51 0.000142371
138 51 2.86587e-05
139 51 5.28459e-06
140 51 -3.08262e-07
141 51 -8.32697e-06
142 51 -2.44778e-06
143 51 -5.04104e-07
0 52 -0.000382058
2 52 0.000573086
14 52 -0.000258028
15 52 -1.3268e-05
16 52 -1.30909e-06
17 52 -1.43277e-07
18 52 0.00104562
19 52 0.00641319
20 52 0.014831
21 52 -0.00415278
46 52 -8.89046e-18
47 52 -0.00238095
48 52 -9.75782e-19
49 52 -0.000396825
50 52 -0.00227053
51 52 -0.00898103
52 52 0.0691813
53 52 -0.00527013
106 52 0.00238095
107 52 -0.00238095
108 52 0.0042328
109 52 0.00119048
110 52 -0.00198413
111 52 0.000595238
128 52 0.00107575
129 52 0.00222236
130 52 -0.00915563
131 52 -0.00168262
132 52 2.41579e-05
133 52 -9.04235e-05
134 52 0.00206648
135 52 0.000187241
136 52 -3.14686e-07
137 52 -2.81672e-06
138 52 -0.000101463
139 52 -1.88035e-05
140 52 -2.00983e-08
141 52 5.84466e-07
142 52 5.90855e-06
143 52 1.63542e-06
0 53 8.65074e-06
2 53 -1.29761e-05
14 53 1.76767e-05
15 53 2.15637e-06
16 53 2.7224e-07
17 53 3.37795e-08
18 53 -2.14874e-05
19 53 4.81914e-05
20 53 0.00341292
21 53 0.0124156
46 53 -5.42101e-19
47 53 -2.27682e-18
48 53 -0.000396825
49 53 -1.78216e-18
50 53 5.40456e-05
51 53 -0.000398989
52 53 -0.00527013
53 53 0.0482899
106 53 2.43945e-19
107 53 0.00119048
108 53 -0.0012963
109 53 -0.000396825
110 53 0.000714286
111 53 -0.000238095
128 53 -6.64247e-05
129 53 -0.000438832
130 53 -0.00117249
131 53 0.00709416
132 53 2.41332e-06
133 53 -2.26146e-05
134 53 3.1125e-05
135 53 -0.00160721
136 53 -2.41847e-07
137 53 1.03423e-06
138 53 4.40749e-06
139 53 7.88405e-05
140 53 2.90313e-08
141 53 -7.28077e-08
142 53 -5.95841e-07
143 53 -4.58336e-06
54 54 1
55 55 1
56 56 1
57 57 1
58 58 1
59 59 1
60 60 1
61 61 1
62 62 1
63 63 1
64 64 1
65 65 1
66 66 1
67 67 1
68 68 1
69 69 1
70 70 1
71 71 1
72 72 1
73 73 1
74 74 1
75 75 1
76 76 1
77 77 1
78 78 1
79 79 1
80 80 1
81 81 1
0 82 -1.77809e-17
22 82 0.0111111
23 82 0.00138889
24 82 0.00257937
25 82 -2.84603e-18
26 82 0.0111111
27 82 -0.00138889
28 82 0.00257937
29 82 -2.84603e-19
82 82 0.00972222
83 82 0.000198413
84 82 -2.1684e-18
85 82 0.000198413
86 82 1.76183e-19
87 82 1.21973e-18
0 83 -1.34441e-17
22 83 -4.55365e-18
23 83 -0.000198413
24 83 -0.000644841
25 83 3.12725e-18
26 83 2.23075e-17
27 83 -0.00615079
28 83 0.000992063
29 83 -0.00128968
82 83 0.000198413
83 83 0.0047619
84 83 -0.000418871
85 83 9.92063e-05
86 83 9.92063e-05
87 83 0.000214947
0 84 -2.55601e-17
22 84 4.11997e-18
23 84 -4.60786e-19
24 84 7.1649e-05
25 84 -2.07354e-18
26 84 8.5652e-18
27 84 -1.20346e-17
28 84 0.00335097
29 84 -0.000570988
82 84 -2.1684e-18
83 84 -0.000418871
84 84 0.00302469
85 84 -3.30688e-05
86 84 4.62963e-05
87 84 -0.000100309
0 85 4.33681e-18
22 85 -8.31786e-18
23 85 0.00403439
24 85 0.000446429
25 85 0.000859788
26 85 4.11997e-18
27 85 -0.00191799
28 85 -9.92063e-05
29 85 -0.000429894
82 85 0.000198413
83 85 9.92063e-05
84 85 -3.30688e-05
85 85 0.00165344
86 85 0.00026455
87 85 4.96032e-05
0 86 -1.59242e-18
22 86 9.21572e-19
23 86 5.6243e-19
24 86 -4.96032e-05
25 86 -0.000171958
26 86 -1.89735e-18
27 86 -6.09864e-19
28 86 0.00135582
29 86 -7.27513e-05
82 86 1.76183e-19
83 86 9.92063e-05
84 86 4.62963e-05
85 86 0.00026455
86 86 0.000886243
87 86 2.97619e-05
0 87 6.28837e-18
22 87 2.98156e-18
23 87 -2.93412e-18
24 87 0.00175265
25 87 0.000198413
26 87 -4.44523e-18
27 87 -2.1413e-18
28 87 0.000347222
29 87 4.62963e-05
82 87 1.21973e-18
83 87 0.000214947
84 87 -0.000100309
85 87 4.96032e-05
86 87 2.97619e-05
87 87 0.000522487
1 88 1.73472e-17
34 88 0.00833333
35 88 0.0037037
36 88 0.0031746
37 88 5.42101e-20
38 88 0.0166667
39 88 -0.000925926
40 88 0.00198413
41 88 -5.14996e-19
88 88 0.0101852
89 88 -0.000661376
90 88 -4.60786e-18
91 88 -0.000396825
92 88 3.25261e-19
93 88 1.38236e-18
1 89 -1.69136e-17
34 89 2.09251e-17
35 89 -0.00489418
36 89 -0.00138889
37 89 -0.0015873
38 89 -6.76271e-18
39 89 0.00806878
40 89 -0.000198413
41 89 0.000992063
88 89 -0.000661376
89 89 0.00542328
90 89 -0.000970018
91 89 -0.000198413
92 89 -0.000198413
93 89 0.000297619
1 90 7.80626e-18
34 90 2.60209e-18
35 90 -1.14925e-17
36 90 0.00271164
37 90 0.000740741
38 90 -1.78893e-17
39 90 -1.74828e-18
40 90 0.00429894
41 90 -9.25926e-05
88 90 -4.60786e-18
89 90 -0.000970018
90 90 0.00364198
91 90 6.61376e-05
92 90 -9.25926e-05
93 90 -0.000138889
1 91 -9.32414e-18
34 91 7.90112e-18
35 91 -0.00198413
36 91 -0.000992063
37 91 -0.000529101
38 91 1.15196e-18
39 91 -0.00277778
40 91 0.000396825
41 91 -0.000330688
88 91 -0.000396825
89 91 -0.000198413
90 91 6.61376e-05
91 91 0.0015873
92 91 0.000132275
93 91 -9.92063e-05
1 92 6.07153e-18
34 92 -1.68051e-18
35 92 -8.13152e-19
36 92 0.00125661
37 92 0.000529101
38 92 2.00577e-18
39 92 5.55654e-19
40 92 -0.00185185
41 92 0.000171958
88 92 3.25261e-19
89 92 -0.000198413
90 92 -9.25926e-05
91 92 0.000132275
92 92 0.000899471
93 92 -5.95238e-05
1 93 5.09575e-18
34 93 -5.85469e-18
35 93 -2.97647e-18
36 93 0.000396825
37 93 0.00021164
38 93 3.1984e-18
39 93 -3.93023e-19
40 93 0.000496032
41 93 -9.25926e-05
88 93 1.38236e-18
89 93 0.000297619
90 93 -0.000138889
91 93 -9.92063e-05
92 93 -5.95238e-05
93 93 0.000489418
1 94 1.30104e-17
2 94 -3.46945e-18
30 94 0.0125
31 94 -5.14573e-18
32 94 0.00238095
33 94 -5.42101e-20
38 94 0.00833333
39 94 -0.00138889
40 94 0.00297619
41 94 -2.98156e-19
42 94 0.00833333
43 94 -0.00138889
44 94 0.00297619
45 94 -2.6563e-18
94 94 0.00972222
95 94 -0.000198413
96 94 -3.03577e-18
97 94 -0.000198413
98 94 2.84603e-19
99 94 1.13841e-18
1 95 -1.38778e-17
2 95 2.56956e-17
30 95 -8.61941e-18
31 95 0.00654762
32 95 0.000297619
33 95 0.00119048
38 95 2.08167e-17
39 95 0.00496032
40 95 -0.000297619
41 95 0.0014881
42 95 -6.83047e-18
43 95 0.000198413
44 95 -0.000744048
45 95 2.72406e-18
94 95 -0.000198413
95 95 0.00496032
96 95 -0.000661376
97 95 -9.92063e-05
98 95 -9.92063e-05
99 95 0.000248016
1 96 9.1073e-18
2 96 9.97466e-18
30 96 -1.66967e-17
31 96 -2.80537e-18
32 96 0.00353836
33 96 0.000185185
38 96 4.55365e-18
39 96 1.05168e-17
40 96 0.00274471
41 96 -0.000138889
42 96 3.90313e-18
43 96 4.60786e-19
44 96 8.2672e-05
45 96 -1.91091e-18
94 96 -3.03577e-18
95 96 -0.000661376
96 96 0.00324074
97 96 3.30688e-05
98 96 -4.62963e-05
99 96 -0.000115741
1 97 -7.04731e-18
2 97 3.59142e-18
30 97 7.58942e-19
31 97 -0.00218254
32 97 0.000297619
33 97 -0.000396825
38 97 6.07831e-18
39 97 0.00178571
40 97 -0.000595238
41 97 0.000496032
42 97 -8.89046e-18
43 97 0.00337302
44 97 -0.000446429
45 97 0.000992063
94 97 -0.000198413
95 97 -9.92063e-05
96 97 3.30688e-05
97 97 0.0015873
98 97 0.000198413
99 97 -4.96032e-05
1 98 5.63785e-18
2 98 -2.92735e-18
30 98 1.51788e-18
31 98 5.55654e-19
32 98 -0.0014881
33 98 7.93651e-05
38 98 -6.50521e-19
39 98 7.58942e-19
40 98 0.00119048
41 98 -0.000257937
42 98 1.24683e-18
43 98 1.15196e-19
44 98 4.96032e-05
45 98 -0.000198413
94 98 2.84603e-19
95 98 -9.92063e-05
96 98 -4.62963e-05
97 98 0.000198413
98 98 0.000873016
99 98 -2.97619e-05
1 99 4.11997e-18
2 99 -8.45678e-18
30 99 2.71051e-18
31 99 -1.82959e-19
32 99 0.000396825
33 99 -7.93651e-05
38 99 -5.09575e-18
39 99 2.50722e-18
40 99 0.000347222
41 99 -0.000138889
42 99 4.44523e-18
43 99 -3.74389e-18
44 99 0.0014881
45 99 -0.000198413
94 99 1.13841e-18
95 99 0.000248016
96 99 -0.000115741
97 99 -4.96032e-05
98 99 -2.97619e-05
99 99 0.000496032
2 100 1.9082e-17
42 100 0.0166667
43 100 -0.000925926
44 100 0.00198413
45 100 1.15196e-18
46 100 0.00833333
47 100 -0.0037037
48 100 0.0031746
49 100 8.67362e-19
100 100 0.0101852
101 100 -0.000661376
102 100 -3.68629e-18
103 100 0.000396825
104 100 3.93023e-19
105 100 8.94467e-19
2 101 -1.04083e-17
42 101 2.29851e-17
43 101 0.00806878
44 101 -0.000198413
45 101 0.000992063
46 101 -4.06576e-18
47 101 0.00489418
48 101 -0.00138889
49 101 0.0015873
100 101 -0.000661376
101 101 0.00542328
102 101 -0.000970018
103 101 0.000198413
104 101 0.000198413
105 101 0.000297619
2 102 2.0383e-17
42 102 4.87891e-18
43 102 1.27936e-17
44 102 0.00429894
45 102 -9.25926e-05
46 102 -1.61004e-17
47 102 -1.02999e-18
48 102 0.00271164
49 102 -0.000740741
100 102 -3.68629e-18
101 102 -0.000970018
102 102 0.00364198
103 102 -6.61376e-05
104 102 9.25926e-05
105 102 -0.000138889
2 103 -9.32414e-18
42 103 7.15573e-18
43 103 0.00277778
44 103 -0.000396825
45 103 0.000330688
46 103 2.92735e-18
47 103 -0.00198413
48 103 0.000992063
49 103 -0.000529101
100 103 0.000396825
101 103 0.000198413
102 103 -6.61376e-05
103 103 0.0015873
104 103 0.000132275
105 103 9.92063e-05
2 104 6.28837e-18
42 104 -6.50521e-19
43 104 1.54499e-18
44 104 0.00185185
45 104 -0.000171958
46 104 -8.13152e-20
47 104 4.94667e-19
48 104 -0.00125661
49 104 0.000529101
100 104 3.93023e-19
101 104 0.000198413
102 104 9.25926e-05
103 104 0.000132275
104 104 0.000899471
105 104 5.95238e-05
2 105 1.20617e-18
42 105 -4.01155e-18
43 105 2.54788e-18
44 105 0.000496032
45 105 -9.25926e-05
46 105 3.08998e-18
47 105 -5.96311e-19
48 105 0.000396825
49 105 -0.00021164
100 105 8.94467e-19
101 105 0.000297619
102 105 -0.000138889
103 105 9.92063e-05
104 105 5.95238e-05
105 105 0.000489418
2 106 2.51535e-17
46 106 0.0166667
