13891
835 835
0 0 10.2439
4 0 -0.0877211
5 0 0.510133
10 0 -0.0628321
15 0 -0.126384
17 0 0.343903
23 0 -0.0182248
24 0 -0.0143289
26 0 -0.0403097
75 0 1.00996
76 0 -0.582005
77 0 -3.48208
78 0 0.882525
79 0 0.960237
80 0 -0.398788
81 0 -3.63915
82 0 0.975876
115 0 0.154025
116 0 -0.415606
117 0 -0.11638
118 0 0.0295355
119 0 0.220727
120 0 -0.668359
121 0 -0.288546
122 0 0.0632286
177 0 0.131644
178 0 -0.37875
179 0 -0.133876
180 0 0.0215868
187 0 0.0537786
188 0 -0.229974
189 0 -0.431805
190 0 0.140254
211 0 0.462982
212 0 -1.41563
213 0 0.306784
214 0 -0.0878586
215 0 1.30088
216 0 -3.78225
217 0 1.40216
218 0 -0.49376
219 0 0.31178
220 0 -1.40828
221 0 0.296524
222 0 -0.0318449
223 0 1.27088
224 0 -3.48854
225 0 1.18834
226 0 -0.431476
1 1 8.295
4 1 -0.0521974
6 1 0.354498
10 1 -0.00831821
12 1 -0.0210068
16 1 0.234491
20 1 -0.0571493
24 1 -0.0378727
55 1 -0.00673793
87 1 0.390555
88 1 -0.336676
89 1 -2.51869
90 1 0.661431
91 1 0.320231
92 1 -0.176236
93 1 -2.36694
94 1 0.565888
115 1 0.000844509
116 1 -0.0768726
117 1 -0.366979
118 1 0.128303
125 1 0.0248506
126 1 -0.165071
127 1 -0.58135
128 1 0.197918
159 1 0.00881756
160 1 -0.0617484
161 1 -0.392042
162 1 0.147529
183 1 0.0246771
184 1 -0.136086
185 1 -0.377784
186 1 0.127664
243 1 1.16315
244 1 -3.18385
245 1 1.12237
246 1 -0.409959
247 1 0.098776
248 1 -0.759116
249 1 0.0654992
250 1 0.0450052
251 1 1.22151
252 1 -3.44535
253 1 1.2996
254 1 -0.471407
255 1 0.220175
256 1 -0.788801
257 1 0.10928
258 1 -0.0108754
2 2 7.05416
7 2 0.211897
8 2 -0.0576741
11 2 0.00805017
14 2 -0.0939502
18 2 0.385061
22 2 -0.0468431
25 2 -0.078751
26 2 0.0209999
97 2 -2.55844
98 2 0.713989
99 2 0.726074
100 2 -0.439251
101 2 -2.34891
102 2 0.575709
103 2 0.587538
104 2 -0.173469
131 2 -0.0269911
132 2 0.00666156
133 2 -0.420678
134 2 0.154685
135 2 -0.0443385
136 2 0.0897595
137 2 -0.473424
138 2 0.19531
171 2 -0.093446
172 2 0.137434
173 2 -0.475134
174 2 0.174553
191 2 -0.0690494
192 2 0.0478725
193 2 -0.792687
194 2 0.282281
267 2 1.48157
268 2 -3.91381
269 2 1.47814
270 2 -0.560271
271 2 -0.24309
272 2 0.501057
273 2 -0.383819
274 2 0.16795
275 2 1.76368
276 2 -4.3503
277 2 1.60583
278 2 -0.667869
279 2 -0.562649
280 2 0.811756
281 2 -0.645875
282 2 0.344776
3 3 4.34156
8 3 -0.0301477
9 3 0.104414
11 3 -0.0304597
13 3 -0.0106127
19 3 0.212479
21 3 0.00593324
25 3 0.0178941
72 3 -0.054582
105 3 -1.20377
106 3 0.272547
107 3 0.234042
108 3 -0.207449
109 3 -1.35202
110 3 0.375809
111 3 0.0937435
112 3 0.00570797
135 3 0.117851
136 3 -0.323827
137 3 0.104154
138 3 -0.0700692
139 3 0.0973687
140 3 -0.258627
141 3 0.0218809
142 3 -0.0218146
167 3 -0.0299112
168 3 0.0619436
169 3 -0.313374
170 3 0.132147
195 3 -0.06139
196 3 0.0713917
197 3 -0.541471
198 3 0.194991
283 3 -0.276866
284 3 0.435608
285 3 -0.197621
286 3 0.118739
287 3 0.953371
288 3 -2.54169
289 3 0.978525
290 3 -0.367628
291 3 -0.513067
292 3 0.700147
293 3 -0.434945
294 3 0.261962
295 3 1.06807
296 3 -2.87151
297 3 1.1858
298 3 -0.45275
0 4 -0.0877211
1 4 -0.0521974
4 4 9.28941
5 4 -0.0131316
6 4 -0.0602257
10 4 0.430163
16 4 -0.0104369
17 4 -0.0393394
24 4 0.28869
75 4 -0.37508
76 4 0.130739
77 4 0.814996
78 4 -3.0684
79 4 -0.105075
80 4 0.0109806
87 4 -0.0884863
88 4 0.01876
89 4 0.720294
90 4 -2.91303
91 4 -0.406744
92 4 0.151861
115 4 -0.283626
116 4 0.624233
117 4 0.684175
118 4 -0.453971
119 4 -0.224974
120 4 0.0433894
125 4 -0.62592
126 4 0.209885
185 4 0.038833
186 4 -0.182396
187 4 -0.406961
188 4 0.134777
211 4 -0.4231
212 4 1.16201
213 4 -3.35289
214 4 1.22287
215 4 -1.07682
216 4 0.202521
217 4 0.00790822
218 4 0.177796
243 4 -0.0475029
244 4 0.20435
245 4 -1.09506
246 4 0.337586
247 4 -3.63088
248 4 1.26838
249 4 -0.485458
250 4 1.35773
0 5 0.510133
4 5 -0.0131316
5 5 14.2946
10 5 -0.146029
15 5 -0.0651148
23 5 -0.201538
27 5 0.72513
31 5 -0.0967463
59 5 -0.0142915
77 5 -0.27125
78 5 0.0524764
79 5 -0.867929
80 5 1.61253
81 5 -0.679582
82 5 0.226639
83 5 -0.632115
84 5 1.55023
115 5 -0.0904875
116 5 0.0128062
119 5 1.29699
120 5 -5.06506
121 5 -5.29075
122 5 1.43134
123 5 -0.644961
124 5 0.244568
143 5 -0.317527
144 5 0.0520499
145 5 -1.01153
146 5 0.340918
179 5 0.212604
180 5 -0.597521
181 5 -0.102377
182 5 -0.00507513
215 5 -0.0272925
216 5 0.420686
217 5 -1.41977
218 5 0.192068
219 5 -0.702488
220 5 2.01249
221 5 -5.4531
222 5 1.90307
227 5 0.0683932
228 5 0.153286
229 5 -1.34399
230 5 0.167715
231 5 -5.87429
232 5 2.22417
233 5 -0.798403
234 5 2.06046
1 6 0.354498
4 6 -0.0602257
6 6 11.6603
10 6 -0.0954108
12 6 -0.00390844
20 6 -0.0505275
28 6 0.513317
31 6 -0.00245503
56 6 -0.0883449
85 6 -0.313308
86 6 0.639484
89 6 -0.593403
90 6 0.204459
91 6 -0.524549
92 6 0.730556
93 6 -0.150064
94 6 0.0159806
115 6 -0.569727
116 6 0.203348
123 6 -0.0364059
124 6 -0.0284107
125 6 0.985405
126 6 -3.72266
127 6 -3.52063
128 6 0.860961
147 6 -0.885087
148 6 0.306417
149 6 -0.163587
150 6 0.00552483
161 6 -0.0106803
162 6 -0.0286893
163 6 -0.607637
164 6 0.23284
235 6 -0.753567
236 6 2.04849
237 6 -5.33955
238 6 1.92118
239 6 -0.554086
240 6 -0.123341
241 6 0.156433
242 6 -0.081829
247 6 -0.658447
248 6 1.83124
249 6 -4.95147
250 6 1.77668
251 6 0.0632511
252 6 0.125215
253 6 -0.653289
254 6 -0.0413971
2 7 0.211897
7 7 3.41884
8 7 -0.0383552
11 7 -0.0325068
14 7 0.00858355
22 7 -0.0530549
29 7 0.0960219
32 7 0.0024763
58 7 -0.0198466
95 7 -0.237346
96 7 0.399589
97 7 0.00315439
98 7 -0.0274841
99 7 -0.0784381
100 7 0.329458
101 7 -0.397851
102 7 0.139718
129 7 0.0311874
130 7 -0.0152718
131 7 0.287989
132 7 -1.17754
133 7 -1.30014
134 7 0.369506
135 7 -0.213747
136 7 0.0891253
151 7 -0.00662326
152 7 -0.00795165
153 7 -0.1779
154 7 0.0650614
173 7 -0.0423642
174 7 0.0550906
175 7 -0.215052
176 7 0.0781844
259 7 0.0576592
260 7 -0.0600505
261 7 0.128773
262 7 -0.136984
263 7 -0.249654
264 7 0.664962
265 7 -1.7673
266 7 0.664823
267 7 0.157253
268 7 -0.289099
269 7 0.29098
270 7 -0.23252
271 7 -2.0155
272 7 0.818139
273 7 -0.308075
274 7 0.735978
2 8 -0.0576741
3 8 -0.0301477
7 8 -0.0383552
8 8 5.61378
9 8 0.00715571
11 8 0.152711
18 8 0.0196627
19 8 -0.0661981
25 8 0.290562
99 8 -0.397459
100 8 0.145399
101 8 0.527626
102 8 -1.89634
103 8 0.12145
104 8 -0.0818707
107 8 0.0765464
108 8 -0.0374273
109 8 0.408135
110 8 -1.71942
111 8 -0.391662
112 8 0.163004
131 8 -0.335839
132 8 0.124861
135 8 -0.309697
136 8 0.443972
137 8 0.303306
138 8 -0.0717518
139 8 0.0171432
140 8 -0.0251583
193 8 -0.0662111
194 8 0.0636341
195 8 -0.660792
196 8 0.236712
271 8 -0.460825
272 8 1.2221
273 8 -3.20239
274 8 1.20581
275 8 0.304176
276 8 -0.502347
277 8 0.771427
278 8 -0.583753
287 8 0.144882
288 8 -0.334189
289 8 0.484027
290 8 -0.226579
291 8 -0.557202
292 8 1.32897
293 8 -3.58461
294 8 1.46486
3 9 0.104414
8 9 0.00715571
9 9 1.82055
11 9 -0.0173915
13 9 -0.0230437
21 9 -0.00718656
30 9 0.0406483
32 9 -0.0115022
57 9 0.00165861
105 9 -0.239845
106 9 0.0848983
107 9 0.00984944
108 9 0.0618324
109 9 0.0215742
110 9 -0.024137
113 9 -0.100722
114 9 0.126853
129 9 -0.131032
130 9 0.0471539
135 9 0.0396254
136 9 -0.0294087
139 9 0.175632
140 9 -0.607445
141 9 -0.522959
142 9 0.115973
155 9 -0.0951329
156 9 0.035931
157 9 0.00367868
158 9 -0.00620137
165 9 -0.00899192
166 9 0.0191888
167 9 -0.120392
168 9 0.0517829
283 9 -0.182595
284 9 0.482144
285 9 -1.15878
286 9 0.425186
287 9 0.251242
288 9 -0.21231
289 9 0.109771
290 9 -0.168522
299 9 -0.144209
300 9 0.37475
301 9 -1.00405
302 9 0.386724
303 9 0.0365052
304 9 -0.052125
305 9 0.12337
306 9 -0.0886481
0 10 -0.0628321
1 10 -0.00831821
4 10 0.430163
5 10 -0.146029
6 10 -0.0954108
10 10 12.9638
27 10 -0.00812943
28 10 -0.0926265
31 10 0.615085
77 10 0.216028
78 10 -0.637451
79 10 0.208526
80 10 -0.585164
83 10 -0.0172042
84 10 -0.0683582
85 10 0.239464
86 10 -0.628332
89 10 0.0334313
90 10 -0.208645
91 10 0.000400627
92 10 -0.0583133
115 10 1.14844
116 10 -0.687933
119 10 -4.48048
120 10 1.20036
123 10 1.07176
124 10 -0.466129
125 10 -4.2661
126 10 1.07091
145 10 0.0277498
146 10 -0.237347
149 10 0.323683
150 10 -0.947607
215 10 1.92494
216 10 -0.682053
217 10 1.84415
218 10 -5.21092
231 10 0.0377685
232 10 0.114492
233 10 0.00920268
234 10 -0.93417
239 10 1.99524
240 10 -0.777827
241 10 2.13992
242 10 -5.61506
247 10 0.265947
248 10 0.020716
249 10 0.0693122
250 10 -1.02126
2 11 0.00805017
3 11 -0.0304597
7 11 -0.0325068
8 11 0.152711
9 11 -0.0173915
11 11 2.56713
29 11 -0.0155193
30 11 0.00217088
32 11 0.0652775
95 11 0.0622198
96 11 -0.171929
99 11 -0.0360369
100 11 0.0479627
101 11 -0.0266037
102 11 0.0153214
107 11 0.0701213
108 11 -0.166157
109 11 0.111247
110 11 -0.315201
113 11 -0.0123813
114 11 0.0257659
129 11 0.241189
130 11 -0.160467
131 11 -0.917215
132 11 0.261843
135 11 0.172179
136 11 -0.0266445
139 11 -0.814937
140 11 0.192057
151 11 0.0498786
152 11 -0.134458
155 11 -0.00754092
156 11 0.00024427
259 11 0.514017
260 11 -0.195152
261 11 0.521328
262 11 -1.37108
271 11 -0.203411
272 11 0.134302
273 11 -0.254033
274 11 0.282369
287 11 0.576224
288 11 -0.243776
289 11 0.644919
290 11 -1.57222
299 11 -0.0605316
300 11 0.0482545
301 11 -0.115676
302 11 0.136995
1 12 -0.0210068
6 12 -0.00390844
12 12 8.28693
16 12 -0.0357481
20 12 -0.137645
37 12 -0.46521
44 12 0.000460379
55 12 -0.111518
87 12 -0.352838
88 12 0.123703
91 12 -0.0500881
92 12 -0.00841757
93 12 0.518486
94 12 -1.99971
127 12 0.00811601
128 12 -0.110126
159 12 0.691547
160 12 -1.61842
161 12 -1.91831
162 12 1.15651
183 12 -0.343084
184 12 0.118385
251 12 -0.464699
252 12 0.00430938
253 12 0.0777476
254 12 -0.0360542
255 12 -0.389953
256 12 1.06426
257 12 -2.9691
258 12 1.08665
345 12 1.91892
346 12 -3.60138
347 12 -0.0588955
348 12 -0.0336553
349 12 0.408166
350 12 0.062895
423 12 -0.296041
424 12 -0.214696
467 12 -0.039396
468 12 -0.0286434
663 12 -0.136131
664 12 0.11156
666 12 -0.17004
3 13 -0.0106127
9 13 -0.0230437
13 13 2.45287
19 13 0.0157483
21 13 0.0124363
42 13 -0.0879293
46 13 -0.0409246
72 13 0.0335823
105 13 0.254847
106 13 -0.911719
107 13 -0.253249
108 13 0.0915479
111 13 0.0856919
112 13 -0.0580511
141 13 0.0717603
142 13 -0.187642
167 13 0.0194723
168 13 -0.0939312
169 13 -0.286686
170 13 0.179699
197 13 -0.0548163
198 13 0.0720785
283 13 -1.92053
284 13 0.747088
285 13 -0.279278
286 13 0.716624
295 13 0.600902
296 13 -0.360914
297 13 0.218175
298 13 -0.434555
387 13 -0.0269636
388 13 -0.0448315
389 13 0.35918
390 13 -0.693996
391 13 0.209053
392 13 -0.287068
453 13 -0.011688
454 13 -0.00332937
479 13 -0.0417878
480 13 -0.0373366
696 13 0.0169861
698 13 -0.0579962
699 13 0.0546825
2 14 -0.0939502
7 14 0.00858355
14 14 7.33683
18 14 -0.0923626
22 14 0.0555217
26 14 0.110638
43 14 -0.202719
49 14 -0.163372
97 14 0.779169
98 14 -3.10578
99 14 0.101421
100 14 -0.0506065
103 14 -0.559704
104 14 0.229421
133 14 -0.0271596
134 14 -0.0102369
171 14 0.436978
172 14 -0.512328
173 14 -0.110194
174 14 0.0689323
191 14 -0.938575
192 14 0.332142
267 14 0.483079
268 14 -0.425125
269 14 0.187732
270 14 -0.245861
279 14 -5.17789
280 14 1.90184
281 14 -0.785896
282 14 2.08555
397 14 0.85156
398 14 -1.54281
399 14 -0.0644101
400 14 -0.10074
401 14 -1.15772
402 14 0.764436
463 14 -0.0272115
464 14 -0.0420215
497 14 -0.134256
498 14 -0.151126
707 14 0.00678153
708 14 -0.1541
710 14 0.158435
0 15 -0.126384
5 15 -0.0651148
15 15 14.7053
17 15 -0.0182559
23 15 -0.328282
26 15 -0.25574
36 15 -1.04672
49 15 0.24713
75 15 -0.144574
76 15 0.0407195
79 15 -0.420169
80 15 0.154591
81 15 1.04959
82 15 -4.06399
121 15 0.230822
122 15 -0.709412
177 15 1.42619
178 15 -3.22705
179 15 -3.70421
180 15 2.42822
189 15 0.068904
190 15 -0.277237
219 15 -3.90777
220 15 1.32285
221 15 -0.4978
222 15 1.43604
223 15 -0.13028
224 15 0.412808
225 15 -1.74142
226 15 0.592392
335 15 -0.088308
336 15 -0.0479446
337 15 4.27337
338 15 -8.20831
339 15 -0.856673
340 15 3.03905
421 15 -0.483065
422 15 -0.666091
497 15 -0.0432596
498 15 -0.0612798
656 15 -0.228867
658 15 0.25101
659 15 -0.279213
1 16 0.234491
4 16 -0.0104369
12 16 -0.0357481
16 16 6.32747
24 16 -0.116188
33 16 -0.286886
48 16 -0.178665
55 16 -0.0923503
87 16 -0.0760115
88 16 0.0940272
89 16 -0.147999
90 16 0.0317536
93 16 -0.369357
94 16 0.123337
117 16 0.0153966
118 16 -0.0892343
159 16 -0.244363
160 16 0.0898942
183 16 0.570228
184 16 -1.44783
185 16 -1.56555
186 16 0.693079
243 16 -0.774375
244 16 0.149404
245 16 -0.0142871
246 16 0.176268
255 16 -2.1415
256 16 0.790194
257 16 -0.281914
258 16 0.746533
313 16 -0.0745634
314 16 -0.06341
315 16 1.19107
316 16 -2.17338
317 16 0.771378
318 16 -1.29692
405 16 -0.0965038
406 16 -0.12019
491 16 -0.049882
492 16 -0.0576055
639 16 -0.0983455
641 16 -0.00392293
642 16 -0.0825715
0 17 0.343903
4 17 -0.0393394
15 17 -0.0182559
17 17 7.75754
18 17 -0.344263
24 17 -0.139033
26 17 -0.160116
35 17 -0.222364
75 17 -0.222925
76 17 0.521422
77 17 -0.425446
78 17 0.137208
81 17 -0.24273
82 17 0.0619214
117 17 0.0928022
118 17 -0.258147
177 17 -0.134552
178 17 0.0323499
187 17 0.787495
188 17 -2.01345
189 17 -2.08546
190 17 0.881871
191 17 -0.132277
192 17 -0.108591
211 17 -2.33266
212 17 0.840357
213 17 -0.288919
214 17 0.783673
223 17 -1.27857
224 17 0.331699
225 17 -0.0771067
226 17 0.346891
325 17 0.963147
326 17 -1.60981
327 17 -0.0838568
328 17 -0.0899971
329 17 -2.61624
330 17 1.42961
411 17 -0.0828106
412 17 -0.0710786
647 17 -0.111835
648 17 -0.0714259
650 17 -0.0314875
2 18 0.385061
8 18 0.0196627
14 18 -0.0923626
17 18 -0.344263
18 18 9.80119
25 18 -0.134128
26 18 -0.1863
35 18 -0.2037
97 18 -0.829297
98 18 0.30648
101 18 0.0524586
102 18 -0.0676269
103 18 -0.708587
104 18 1.0871
137 18 -0.100223
138 18 0.20264
171 18 -0.912268
172 18 0.336917
189 18 -0.156922
190 18 -0.163314
191 18 1.12715
192 18 -2.961
193 18 -2.66506
194 18 0.881471
275 18 1.28673
276 18 -0.622288
277 18 0.380339
278 18 -0.859207
279 18 -1.08623
280 18 2.84771
281 18 -7.52303
282 18 2.86137
325 18 -0.111421
326 18 -0.135359
327 18 0.893978
328 18 -1.47388
329 18 1.42508
330 18 -2.50163
413 18 -0.070973
414 18 -0.059241
647 18 0.0282622
649 18 -0.0604373
650 18 0.116818
3 19 0.212479
8 19 -0.0661981
13 19 0.0157483
19 19 6.37242
25 19 -0.0906659
34 19 -0.204918
47 19 -0.116302
72 19 -0.0553664
105 19 0.0716722
106 19 -0.0576874
109 19 -0.57121
110 19 0.214866
111 19 -0.35793
112 19 0.30072
137 19 0.250159
138 19 -0.683756
169 19 -0.0753411
170 19 0.154006
195 19 0.663202
196 19 -1.73944
197 19 -1.51495
198 19 0.480008
291 19 -5.45375
292 19 2.05066
293 19 -0.791616
294 19 2.09956
295 19 0.295893
296 19 -0.524616
297 19 1.13552
298 19 -0.680017
319 19 -0.0806682
320 19 -0.0617436
321 19 0.847989
322 19 -1.48224
323 19 0.509185
324 19 -0.844837
409 19 -0.0988855
410 19 -0.105278
485 19 -0.0283845
486 19 -0.036108
643 19 0.0145218
645 19 0.0890021
646 19 -0.0495429
1 20 -0.0571493
6 20 -0.0505275
12 20 -0.137645
20 20 11.4156
28 20 0.00264665
37 20 0.000639416
56 20 -0.157977
62 20 -0.629081
85 20 -0.038391
86 20 -0.00713324
91 20 0.196524
92 20 -0.549825
93 20 0.191437
94 20 -0.546274
127 20 0.788644
128 20 -3.02329
147 20 -0.014279
148 20 -0.0971033
161 20 0.917414
162 20 -2.11572
163 20 -2.44665
164 20 1.48334
235 20 -0.241167
236 20 0.192938
237 20 -0.188243
238 20 -0.210724
251 20 1.72684
252 20 -0.629822
253 20 1.69614
254 20 -4.66365
343 20 -0.0612322
344 20 -0.0904716
345 20 -0.0545496
346 20 -0.0653023
423 20 0.500602
424 20 0.116758
427 20 -4.83589
428 20 2.58857
507 20 -0.289791
508 20 -0.379154
662 20 -0.147896
664 20 -0.191875
667 20 0.133998
3 21 0.00593324
9 21 -0.00718656
13 21 0.0124363
21 21 0.967007
30 21 -0.00774031
42 21 -0.0200163
57 21 0.0030041
67 21 -0.0360218
105 21 -0.0202221
106 21 0.0225349
107 21 -0.0224866
108 21 0.0302056
113 21 0.0327996
114 21 -0.0918508
141 21 0.108428
142 21 -0.361883
157 21 0.0230001
158 21 -0.0592244
165 21 0.00211445
166 21 -0.0249274
167 21 -0.133182
168 21 0.0929625
283 21 -0.164337
284 21 0.083671
285 21 -0.128302
286 21 0.199869
303 21 0.24491
304 21 -0.0960985
305 21 0.259078
306 21 -0.660291
383 21 -0.0230272
384 21 -0.0105024
389 21 -0.0215065
390 21 -0.0251242
453 21 0.104063
454 21 -0.141975
457 21 -0.296092
458 21 0.148808
523 21 -0.00069094
524 21 0.00315805
694 21 0.00886232
698 21 0.0384991
701 21 -0.036957
2 22 -0.0468431
7 22 -0.0530549
14 22 0.0555217
22 22 3.88526
29 22 0.00255013
43 22 -0.0953003
58 22 0.0234826
68 22 -0.10454
95 22 -0.0176116
96 22 0.0353061
97 22 0.170699
98 22 -0.488983
99 22 0.109027
100 22 -0.26377
133 22 0.406304
134 22 -1.61961
153 22 -0.00732589
154 22 -0.017352
173 22 0.289848
174 22 -0.330024
175 22 -0.0296343
176 22 0.0165804
263 22 -0.0496404
264 22 0.0644881
265 22 -0.151984
266 22 0.0960367
267 22 1.0039
268 22 -0.376223
269 22 0.906365
270 22 -2.49435
393 22 -0.0260639
394 22 -0.0559072
397 22 -0.0856643
398 22 -0.102533
459 22 0.438223
460 22 -0.819767
463 22 -0.675815
464 22 0.447515
527 22 -0.00516624
528 22 0.00164993
703 22 -0.012031
705 22 -0.132368
708 22 0.121987
0 23 -0.0182248
5 23 -0.201538
15 23 -0.328282
23 23 20.0532
27 23 -0.100822
36 23 0.343236
59 23 -0.397472
61 23 -1.41543
79 23 0.0262022
80 23 -0.124555
81 23 0.0726426
82 23 -0.33669
83 23 0.24862
84 23 -0.658818
121 23 1.53733
122 23 -5.91118
143 23 0.358434
144 23 -1.07752
179 23 1.90321
180 23 -4.23322
181 23 -4.72569
182 23 3.12007
219 23 0.586428
220 23 -0.0794761
221 23 0.323971
222 23 -1.84209
227 23 2.30392
228 23 -0.816525
229 23 2.12011
230 23 -6.12454
333 23 -0.0915775
334 23 -0.138428
337 23 -0.0852262
338 23 -0.103246
417 23 5.75914
418 23 -11.0106
421 23 -1.11006
422 23 4.01
503 23 -0.652031
504 23 -0.853095
653 23 -0.249061
655 23 0.301495
658 23 -0.314531
0 24 -0.0143289
1 24 -0.0378727
4 24 0.28869
16 24 -0.116188
17 24 -0.139033
24 24 7.11284
33 24 -0.203245
35 24 -0.319673
75 24 0.0239459
76 24 -0.112501
77 24 0.0466302
78 24 -0.194964
87 24 0.0926017
88 24 -0.254704
89 24 0.131175
90 24 -0.399673
117 24 -0.147743
118 24 0.297196
185 24 0.684287
186 24 -1.74056
187 24 -1.83582
188 24 0.793419
211 24 0.261784
212 24 -0.0453886
213 24 0.240412
214 24 -1.02854
243 24 0.773827
244 24 -0.288801
245 24 0.824032
246 24 -2.25984
307 24 -0.0750943
308 24 -0.0837412
315 24 -0.0616483
316 24 -0.071376
325 24 -0.104008
326 24 -0.127694
405 24 0.879275
406 24 -1.47299
411 24 -2.42527
412 24 1.32734
636 24 -0.105085
641 24 -0.0769935
648 24 -0.0177
2 25 -0.078751
3 25 0.0178941
8 25 0.290562
18 25 -0.134128
19 25 -0.0906659
25 25 7.9767
34 25 -0.15727
35 25 -0.270492
101 25 0.258626
102 25 -0.693767
103 25 0.292009
104 25 -0.794049
109 25 -0.0635812
110 25 0.0659375
111 25 -0.0879538
112 25 0.178711
137 25 -0.513793
138 25 0.643093
193 25 0.876923
194 25 -2.29888
195 25 -2.03951
196 25 0.663472
275 25 2.46541
276 25 -0.933122
277 25 2.43156
278 25 -6.4426
291 25 -0.772727
292 25 0.339355
293 25 -0.58034
294 25 1.2288
311 25 -0.106552
312 25 -0.0851214
321 25 -0.0523725
322 25 -0.0426448
327 25 -0.126443
328 25 -0.132835
409 25 0.68957
410 25 -1.13974
413 25 1.11954
414 25 -1.96147
638 25 0.0213868
645 25 -0.0549953
649 25 0.102905
0 26 -0.0403097
2 26 0.0209999
14 26 0.110638
15 26 -0.25574
17 26 -0.160116
18 26 -0.1863
26 26 10.0312
49 26 -0.541288
75 26 0.0911393
76 26 -0.256423
81 26 0.141839
82 26 -0.447409
97 26 -0.0695739
98 26 0.0302439
103 26 -0.112053
104 26 0.225441
171 26 -0.222877
172 26 0.123546
177 26 -2.76716
178 26 1.80639
189 26 0.877816
190 26 -2.25965
191 26 -3.39994
192 26 1.1364
223 26 0.780319
224 26 -0.283932
225 26 0.842616
226 26 -2.36889
279 26 -0.648493
280 26 0.418376
281 26 -0.937958
282 26 1.30346
329 26 -0.0919094
330 26 -0.0781731
339 26 -0.335122
340 26 -0.50011
401 26 -0.0653774
402 26 -0.088181
497 26 2.33292
498 26 -4.08557
650 26 -0.0658688
659 26 0.20062
710 26 -0.175738
5 27 0.72513
10 27 -0.00812943
23 27 -0.100822
27 27 19.5289
31 27 -0.21983
59 27 -0.296257
83 27 2.37972
84 27 -1.23402
119 27 0.038643
120 27 -0.295436
121 27 -1.02911
122 27 0.350731
123 27 -0.0212487
124 27 -0.0273437
143 27 -7.40466
144 27 2.01186
145 27 -7.09771
146 27 1.82981
181 27 0.330333
182 27 -0.912164
199 27 2.28869
200 27 -0.924142
207 27 -0.975235
208 27 0.376175
227 27 2.93524
228 27 -8.24655
229 27 3.07511
230 27 -1.09721
231 27 0.26038
232 27 -1.17148
233 27 -0.0619217
234 27 0.0949067
537 27 -0.0277773
538 27 -0.0539687
539 27 3.40342
540 27 -8.84809
541 27 3.15541
542 27 -1.24111
543 27 -0.13282
544 27 -0.991043
545 27 -0.147298
546 27 0.246925
6 28 0.513317
10 28 -0.0926265
20 28 0.00264665
28 28 16.1197
31 28 -0.150372
56 28 -0.0883438
85 28 1.17094
86 28 -0.770872
123 28 0.312919
124 28 -0.863128
125 28 0.3158
126 28 -0.901676
127 28 -0.145166
128 28 -0.00529806
147 28 -5.03777
148 28 1.24962
149 28 -5.29899
150 28 1.40719
163 28 -0.0465901
164 28 0.0392241
201 28 1.03983
202 28 -0.485033
207 28 0.0437674
208 28 -0.0785417
235 28 -0.325993
236 28 -0.270804
237 28 -0.0848086
238 28 0.196633
239 28 2.79832
240 28 -7.49388
241 28 2.72867
242 28 -1.02247
531 28 -0.921518
532 28 0.358135
547 28 -0.466226
548 28 -0.0676327
549 28 -0.411747
550 28 0.34317
551 28 2.94087
552 28 -8.06888
553 28 3.13629
554 28 -1.16774
7 29 0.0960219
11 29 -0.0155193
22 29 0.00255013
29 29 1.21952
32 29 -0.0123364
58 29 -0.0209199
95 29 0.119036
96 29 -0.0062764
129 29 0.0312609
130 29 -0.072491
131 29 0.0574759
132 29 -0.166216
133 29 -0.00888053
134 29 -0.00790881
151 29 -0.425933
152 29 0.103117
153 29 -0.478987
154 29 0.138667
175 29 -0.0154233
176 29 0.0153592
203 29 0.153697
204 29 -0.0971611
209 29 0.00577859
210 29 -0.00243934
259 29 0.253294
260 29 -0.701023
261 29 0.287386
262 29 -0.108537
263 29 -0.070336
264 29 0.069848
265 29 -0.109869
266 29 0.0585931
535 29 -0.0684343
536 29 0.024253
555 29 0.00758136
556 29 -0.00216348
557 29 -0.0275458
558 29 0.00882389
559 29 0.209665
560 29 -0.560422
561 29 0.208904
562 29 -0.077253
9 30 0.0406483
11 30 0.00217088
21 30 -0.00774031
30 30 0.526543
32 30 -0.00624948
57 30 -0.00238313
113 30 0.0143399
114 30 0.0183916
129 30 -0.00962341
130 30 0.0104386
139 30 -0.00726724
140 30 0.00332815
141 30 -0.0856362
142 30 0.0296755
155 30 -0.186058
156 30 0.0566941
157 30 -0.150891
158 30 0.0315248
165 30 -0.0317151
166 30 0.0145511
205 30 0.0419592
206 30 -0.0332002
209 30 -0.0355878
210 30 0.0124846
299 30 -0.0469395
300 30 0.0635188
301 30 -0.0713853
302 30 0.0363513
303 30 0.118712
304 30 -0.32915
305 30 0.140983
306 30 -0.0533061
533 30 -0.00119741
534 30 0.0029686
563 30 0.0964203
564 30 -0.260506
565 30 0.10068
566 30 -0.0369876
567 30 -0.0026166
568 30 0.0139255
569 30 -0.0150802
570 30 0.00520563
5 31 -0.0967463
6 31 -0.00245503
10 31 0.615085
27 31 -0.21983
28 31 -0.150372
31 31 17.7703
83 31 -0.888047
84 31 0.321782
85 31 0.00768811
86 31 -0.0347263
119 31 -0.964598
120 31 0.33321
123 31 -0.990558
124 31 1.74371
125 31 -0.216973
126 31 0.0155341
145 31 1.69633
146 31 -6.30681
149 31 1.52659
150 31 -6.02256
199 31 0.00953851
200 31 -0.0668269
201 31 -0.94889
202 31 0.367323
207 31 1.63281
208 31 -0.694912
231 31 -1.05999
232 31 2.8322
233 31 -7.86636
234 31 2.9353
239 31 0.149044
240 31 -0.201544
241 31 -0.699069
242 31 0.0783701
539 31 0.297462
540 31 -0.279075
541 31 -0.507954
542 31 -0.314235
547 31 -1.2044
548 31 3.04781
549 31 -8.45254
550 31 3.26806
7 32 0.0024763
9 32 -0.0115022
11 32 0.0652775
29 32 -0.0123364
30 32 -0.00624948
32 32 0.847778
95 32 0.0132715
96 32 -0.012611
113 32 -0.0516688
114 32 0.0227691
129 32 0.00937093
130 32 0.0557079
131 32 -0.00100403
132 32 -0.00808035
139 32 -0.123954
140 32 0.0430114
151 32 0.092704
152 32 -0.315494
155 32 0.0627085
156 32 -0.271981
203 32 -0.0515364
204 32 0.0181658
205 32 0.00470126
206 32 -0.00196583
209 32 0.0880202
210 32 -0.061022
259 32 0.0726689
260 32 -0.0602725
261 32 0.0478869
262 32 -0.0922413
299 32 -0.508185
300 32 0.18402
301 32 -0.0802874
302 32 0.212023
555 32 -0.0563054
556 32 0.152881
557 32 -0.404044
558 32 0.150298
563 32 0.00767182
564 32 -0.0228061
565 32 0.0113773
566 32 7.98583e-05
16 33 -0.286886
24 33 -0.203245
33 33 6.04728
34 33 -0.245902
35 33 -0.187313
48 33 -0.165464
53 33 -0.154084
185 33 -0.13145
186 33 -0.142855
307 33 -1.33841
308 33 0.827748
309 33 -1.86874
310 33 1.02115
311 33 -0.101401
312 33 -0.0802213
313 33 -1.2018
314 33 0.722612
315 33 -2.09151
316 33 1.18783
317 33 -0.0826025
318 33 -0.10654
403 33 0.664665
404 33 -1.11844
405 33 -1.44351
406 33 0.908022
407 33 -0.0529805
408 33 -0.0616274
411 33 -0.111415
412 33 -0.0990962
489 33 -0.0427162
490 33 -0.0504396
635 33 -0.0110129
636 33 0.072242
637 33 -0.0913602
639 33 0.000551215
640 33 -0.0715619
641 33 0.103182
19 34 -0.204918
25 34 -0.15727
33 34 -0.245902
34 34 5.11693
35 34 -0.173202
47 34 -0.129504
53 34 -0.140883
195 34 -0.0826118
196 34 -0.0639389
307 34 -0.115168
308 34 -0.124067
309 34 1.01791
310 34 -1.78688
311 34 0.774501
312 34 -1.22951
319 34 -0.939959
320 34 0.557951
321 34 -1.56411
322 34 0.85123
323 34 -0.0425511
324 34 -0.0486914
403 34 -0.0721731
404 34 -0.0936042
407 34 0.615898
408 34 -1.02332
409 34 -1.12442
410 34 0.694227
413 34 -0.0952222
414 34 -0.082903
487 34 -0.0355503
488 34 -0.0432738
635 34 0.0960921
637 34 0.00753652
638 34 0.0611279
643 34 -0.0843748
644 34 -0.0605524
645 34 -0.0181028
17 35 -0.222364
18 35 -0.2037
24 35 -0.319673
25 35 -0.270492
33 35 -0.187313
34 35 -0.173202
35 35 6.69852
187 35 -0.145647
188 35 -0.154546
193 35 -0.105983
194 35 -0.0848041
307 35 0.820307
308 35 -1.35746
309 35 -0.0618743
310 35 -0.0521465
311 35 -1.25526
312 35 0.748538
325 35 -1.58142
326 35 0.992313
327 35 -1.45748
328 35 0.898217
329 35 -0.118336
330 35 -0.104013
405 35 -0.0984727
406 35 -0.12241
409 35 -0.061743
410 35 -0.0678834
411 35 1.32345
412 35 -2.32704
413 35 -2.05971
414 35 1.12343
635 35 -0.0659944
636 35 0.014412
638 35 -0.09811
647 35 0.0667477
648 35 0.110005
649 35 -0.0248004
15 36 -1.04672
23 36 0.343236
36 36 16.4926
49 36 -0.821403
54 36 0.205941
60 36 -0.899239
61 36 -1.16553
179 36 -0.233315
180 36 -0.283771
331 36 3.69336
332 36 -7.16589
333 36 -8.21313
334 36 4.56974
335 36 -6.71351
336 36 3.38965
337 36 -7.66556
338 36 4.14411
339 36 -0.259365
340 36 -0.419068
415 36 -0.0548089
416 36 -0.0144456
417 36 -0.279667
418 36 -0.294082
419 36 -0.793655
420 36 2.74344
421 36 2.32283
422 36 -0.47197
495 36 -0.0114269
496 36 -0.0359341
499 36 -0.401176
500 36 -0.602241
651 36 0.200997
652 36 -0.265127
653 36 0.329391
656 36 -0.19723
657 36 -0.300348
658 36 0.243618
12 37 -0.46521
20 37 0.000639416
37 37 8.5106
44 37 -0.365068
50 37 0.00038365
62 37 -0.518014
63 37 -0.399662
161 37 -0.139154
162 37 -0.169903
341 37 -3.13771
342 37 1.65538
343 37 -3.655
344 37 2.07738
345 37 -3.39848
346 37 1.87729
347 37 -2.93047
348 37 1.51495
349 37 -0.186252
350 37 -0.115273
423 37 0.351992
424 37 -0.0297594
425 37 0.406433
426 37 0.0230084
427 37 -0.179926
428 37 -0.170683
429 37 -0.0130004
430 37 -0.0382407
469 37 -0.024411
470 37 -0.00965915
505 37 -0.178301
506 37 -0.267663
660 37 0.0893318
661 37 -0.158385
662 37 0.200339
663 37 -0.0876577
664 37 0.143617
665 37 -0.182223
38 38 3.31235
44 38 -0.239908
45 38 -0.108247
50 38 -0.0672536
51 38 -0.0563448
64 38 -0.0727628
65 38 -0.136093
351 38 -1.1492
352 38 0.565573
353 38 -0.523555
354 38 0.30694
355 38 -1.66317
356 38 0.949389
357 38 -0.782039
358 38 0.494035
359 38 -0.117891
360 38 -0.103702
431 38 0.337872
432 38 -0.474415
433 38 -0.363066
434 38 0.260683
435 38 -0.0335151
436 38 -0.0157269
437 38 -0.0277159
438 38 -0.0121892
469 38 -0.101142
470 38 -0.0819381
475 38 -0.0433891
476 38 -0.0295021
511 38 -0.00179949
512 38 -0.00564849
669 38 -0.136937
670 38 -0.0824612
671 38 -0.0213113
672 38 0.12704
673 38 0.0975768
674 38 0.00939171
39 39 3.07016
40 39 -0.147541
41 39 -0.078066
46 39 -0.122951
47 39 -0.0999154
52 39 -0.0721488
53 39 -0.110385
361 39 -0.572751
362 39 0.337819
363 39 -1.07213
364 39 0.610746
365 39 -0.0329252
366 39 -0.0518498
367 39 -0.711543
368 39 0.443792
369 39 -0.938465
370 39 0.510738
371 39 -0.0575792
372 39 -0.0414128
439 39 0.496421
440 39 -0.778947
441 39 -0.527083
442 39 0.307515
443 39 -0.0848186
444 39 -0.0734135
447 39 -0.0118597
448 39 -0.0155746
481 39 -0.0261654
482 39 -0.0175185
487 39 -0.0592123
488 39 -0.067523
678 39 -0.0131892
679 39 -0.0606675
680 39 0.0753664
682 39 0.00239273
683 39 0.0610128
684 39 -0.0638793
39 40 -0.147541
40 40 3.62837
41 40 -0.0858047
45 40 -0.172131
48 40 -0.129504
51 40 -0.0917219
53 40 -0.119034
361 40 -0.0332577
362 40 -0.0221043
363 40 0.612691
364 40 -1.12125
365 40 0.366182
366 40 -0.627068
373 40 -0.914447
374 40 0.581895
375 40 -1.25491
376 40 0.7127
377 40 -0.0977638
378 40 -0.0838522
439 40 -0.0705244
440 40 -0.0518516
443 40 0.529266
444 40 -0.847042
445 40 -0.672736
446 40 0.396485
449 40 -0.0143537
450 40 -0.0180686
475 40 -0.0589421
476 40 -0.037511
489 40 -0.0707337
490 40 -0.0790444
678 40 -0.0708855
680 40 0.00946174
681 40 -0.071698
686 40 0.0824354
687 40 0.072106
688 40 -0.0201954
39 41 -0.078066
40 41 -0.0858047
41 41 2.23284
51 41 -0.106558
52 41 -0.090164
70 41 -0.0507542
71 41 -0.0475682
361 41 0.349299
362 41 -0.553231
363 41 -0.0519597
364 41 -0.0582661
365 41 -0.60179
366 41 0.388107
379 41 -0.351015
380 41 0.199619
381 41 -0.377837
382 41 0.2161
441 41 -0.0500746
442 41 -0.0339083
445 41 -0.0702063
446 41 -0.0562947
447 41 0.374476
448 41 -0.68657
449 41 -0.775679
450 41 0.441149
477 41 -0.0330578
478 41 -0.0141332
483 41 -0.0169876
484 41 -0.00583419
517 41 -9.34051e-05
518 41 -0.00180407
678 41 0.0664966
679 41 0.0161698
681 41 0.0685328
690 41 -0.0662455
691 41 -0.0571399
692 41 -0.0270604
13 42 -0.0879293
21 42 -0.0200163
42 42 1.36743
46 42 -0.0555275
52 42 -0.030925
66 42 -0.0606096
67 42 -0.0255021
167 42 -0.00950472
168 42 -0.0223599
383 42 -0.183003
384 42 0.104697
385 42 -0.502562
386 42 0.250863
387 42 -0.385649
388 42 0.256827
389 42 -0.640568
390 42 0.352925
391 42 -0.0616367
392 42 -0.0474473
451 42 0.156169
452 42 -0.214124
453 42 -0.128892
454 42 0.0890248
455 42 -0.0302762
456 42 -0.013744
457 42 -0.00137437
458 42 0.000842842
481 42 -0.0349118
482 42 -0.0287934
519 42 0.00280228
520 42 -0.00104672
693 42 -0.0617991
694 42 -0.0326677
695 42 -0.0016518
696 42 0.0724497
697 42 0.0453407
698 42 -0.0127105
14 43 -0.202719
22 43 -0.0953003
43 43 4.47204
49 43 -0.23363
54 43 -0.122529
68 43 -0.124543
69 43 -0.137266
173 43 -0.07484
174 43 -0.0462998
393 43 0.519109
394 43 -0.990491
395 43 -1.07838
396 43 0.574985
397 43 -1.46572
398 43 0.860832
399 43 -1.61865
400 43 0.988825
401 43 -0.133946
402 43 -0.159105
459 43 -0.00786637
460 43 -0.0234324
461 43 -0.0309111
462 43 -0.0672414
463 43 0.422017
464 43 -0.668179
465 43 -0.867814
466 43 0.571733
495 43 -0.104516
496 43 -0.127873
525 43 0.00106388
526 43 -0.0057523
702 43 -0.176491
703 43 -0.110099
704 43 -0.0294781
707 43 0.177998
708 43 0.00277936
709 43 0.139811
12 44 0.000460379
37 44 -0.365068
38 44 -0.239908
44 44 5.58738
45 44 -0.0899801
50 44 -0.201572
55 44 -0.24984
159 44 -0.105545
160 44 -0.132294
345 44 -0.131404
346 44 -0.140647
347 44 1.45759
348 44 -2.53525
349 44 0.274605
350 44 -0.0691593
355 44 0.986944
356 44 -1.94664
357 44 -0.0363284
358 44 -0.0505194
359 44 -0.585247
360 44 0.418737
425 44 -0.193893
426 44 -0.112548
431 44 -0.0415631
432 44 -0.0332045
467 44 0.978814
468 44 -1.84892
469 44 -1.48848
470 44 0.882312
473 44 -0.0598093
474 44 -0.0442552
663 44 0.177918
665 44 0.0669361
666 44 0.131266
672 44 -0.100911
673 44 -0.140552
675 44 0.000238259
38 45 -0.108247
40 45 -0.172131
44 45 -0.0899801
45 45 4.29128
48 45 -0.138152
51 45 -0.149459
55 45 -0.223746
355 45 -0.0333613
356 45 -0.0503158
357 45 0.467575
358 45 -0.774564
359 45 0.451652
360 45 -0.631804
373 45 -0.0622903
374 45 -0.0834697
375 45 0.714644
376 45 -1.30403
377 45 0.614739
378 45 -0.982542
433 45 -0.0359515
434 45 -0.0275929
445 45 -0.0403499
446 45 -0.0266901
467 45 -0.11916
468 45 -0.105299
473 45 0.909672
474 45 -1.58502
475 45 -1.15563
476 45 0.627405
491 45 -0.0822551
492 45 -0.0905658
672 45 -0.00512013
674 45 -0.115733
675 45 0.105708
686 45 0.0165307
688 45 -0.0778918
689 45 0.0831993
13 46 -0.0409246
39 46 -0.122951
42 46 -0.0555275
46 46 2.54545
47 46 -0.0912671
52 46 -0.0942743
72 46 -0.11833
169 46 -0.0235025
170 46 -0.0417008
367 46 -0.0629747
368 46 -0.0718733
369 46 0.508793
370 46 -0.889347
371 46 0.410947
372 46 -0.643448
387 46 0.234687
388 46 -0.400556
389 46 -0.00481908
390 46 -0.00786985
391 46 -0.266626
392 46 0.186183
441 46 -0.0447575
442 46 -0.0283394
451 46 -0.0172995
452 46 -0.00894093
479 46 0.483342
480 46 -0.862892
481 46 -0.718051
482 46 0.396984
485 46 -0.0476909
486 46 -0.0560016
682 46 0.0682973
684 46 -0.00618297
685 46 0.0499196
696 46 -0.0486706
697 46 -0.0828147
699 46 -0.0206537
19 47 -0.116302
34 47 -0.129504
39 47 -0.0999154
46 47 -0.0912671
47 47 3.7214
53 47 -0.180328
72 47 -0.147541
197 47 -0.0621619
198 47 -0.0459956
319 47 0.580713
320 47 -0.916857
321 47 -0.0744439
322 47 -0.064129
323 47 -0.830608
324 47 0.514261
367 47 0.435513
368 47 -0.728418
369 47 -0.0270092
370 47 -0.02129
371 47 -0.663905
372 47 0.391388
407 47 -0.0876104
408 47 -0.096509
439 47 -0.0677199
440 47 -0.0487953
479 47 -0.0324213
480 47 -0.026281
485 47 0.613015
486 47 -1.12943
487 47 -1.30765
488 47 0.74636
643 47 0.0555185
644 47 0.0821895
646 47 -0.0113948
682 47 -0.0551
683 47 0.000671541
685 47 -0.0706292
16 48 -0.178665
33 48 -0.165464
40 48 -0.129504
45 48 -0.138152
48 48 5.20996
53 48 -0.213115
55 48 -0.245902
183 48 -0.114332
184 48 -0.128243
313 48 0.733255
314 48 -1.1801
315 48 -0.0918436
316 48 -0.102159
317 48 -1.26635
318 48 0.799707
373 48 0.556769
374 48 -0.94237
375 48 -0.0309499
376 48 -0.0366691
377 48 -1.00688
378 48 0.600894
403 48 -0.0727168
404 48 -0.0938961
443 48 -0.0524496
444 48 -0.0412962
473 48 -0.0877482
474 48 -0.0638106
489 48 0.88489
490 48 -1.61685
491 48 -1.79507
492 48 1.01823
639 48 0.0777259
640 48 0.00276418
642 48 0.0963484
686 48 -0.0771399
687 48 -0.0846207
689 48 -0.01332
14 49 -0.163372
15 49 0.24713
26 49 -0.541288
36 49 -0.821403
43 49 -0.23363
49 49 9.52401
54 49 -0.437116
171 49 -0.111959
172 49 -0.0769322
177 49 -0.177783
178 49 -0.221752
335 49 3.19989
336 49 -5.6828
337 49 -0.215981
338 49 -0.230397
339 49 1.52059
340 49 -0.28239
397 49 -0.0347398
398 49 -0.0503059
399 49 0.978471
400 49 -1.81437
401 49 0.726189
402 49 -1.14627
419 49 -0.253234
420 49 -0.43626
465 49 -0.037102
466 49 -0.0519119
495 49 1.88342
496 49 -3.35665
497 49 -4.0126
498 49 2.05311
656 49 0.292754
657 49 0.150606
659 49 0.222106
707 49 -0.145605
709 49 -0.198129
710 49 -0.0150915
37 50 0.00038365
38 50 -0.0672536
44 50 -0.201572
50 50 4.16957
63 50 -0.288595
64 50 -0.160681
73 50 -0.136919
341 50 -0.131695
342 50 -0.118452
347 50 -0.125012
348 50 -0.0982629
353 50 -0.034965
354 50 -0.0154308
355 50 -0.0367891
356 50 -0.0531767
425 50 0.258242
426 50 -0.123928
429 50 -1.95682
430 50 1.14419
431 50 -0.435215
432 50 0.31279
435 50 -1.35567
436 50 0.667628
469 50 0.783654
470 50 -1.45677
471 50 -1.03381
472 50 0.591486
509 50 -0.156172
510 50 -0.0668098
513 50 -0.00215527
514 50 -0.00600426
661 50 0.189851
665 50 0.153268
668 50 0.0446659
671 50 -0.0929753
673 50 0.0162333
676 50 -0.161779
38 51 -0.0563448
40 51 -0.0917219
41 51 -0.106558
45 51 -0.149459
51 51 2.66618
65 51 -0.0604797
70 51 -0.0833683
351 51 -0.0291539
352 51 -0.0138664
357 51 -0.0705078
358 51 -0.0857042
365 51 -0.0414252
366 51 -0.060098
375 51 -0.0611452
376 51 -0.0674516
381 51 -0.021158
382 51 -0.00749814
433 51 0.28451
434 51 -0.399001
437 51 -0.435235
438 51 0.255485
445 51 0.410749
446 51 -0.649483
449 51 0.442445
450 51 -0.808424
475 51 0.605807
476 51 -1.03776
477 51 -0.661595
478 51 0.348887
515 51 -0.00529271
516 51 -0.00144372
670 51 -0.0145639
674 51 0.0869685
677 51 -0.112095
681 51 0.0232283
688 51 0.0775794
692 51 -0.0641566
39 52 -0.0721488
41 52 -0.090164
42 52 -0.030925
46 52 -0.0942743
52 52 1.88419
66 52 -0.0377852
71 52 -0.0620238
361 52 -0.0601829
362 52 -0.0487778
369 52 -0.0490806
370 52 -0.0427742
379 52 -0.0288873
380 52 -0.0124692
385 52 -0.00573555
386 52 -0.00101767
387 52 -0.0209351
388 52 -0.0377976
441 52 0.326656
442 52 -0.505538
447 52 -0.653825
448 52 0.37318
451 52 -0.204305
452 52 0.142387
455 52 -0.271323
456 52 0.156152
481 52 0.384082
482 52 -0.674367
483 52 -0.488021
484 52 0.260658
521 52 0.0024465
522 52 -0.00140249
679 52 0.0614742
684 52 0.0554139
691 52 -0.0200437
695 52 -0.0394151
697 52 -0.00210217
700 52 -0.0866412
33 53 -0.154084
34 53 -0.140883
39 53 -0.110385
40 53 -0.119034
47 53 -0.180328
48 53 -0.213115
53 53 4.46568
309 53 -0.0883012
310 53 -0.0779863
313 53 -0.112376
314 53 -0.100971
319 53 -0.078029
320 53 -0.0593562
363 53 -0.02612
364 53 -0.0318392
367 53 -0.0337886
368 53 -0.0424355
373 53 -0.0563029
374 53 -0.077734
403 53 -1.0916
404 53 0.69021
407 53 -1.00535
408 53 0.623758
439 53 -0.803137
440 53 0.474078
443 53 -0.86765
444 53 0.518204
487 53 0.748953
488 53 -1.37314
489 53 -1.55136
490 53 0.882297
637 53 0.0666222
640 53 0.089269
644 53 -0.0043153
680 53 -0.06612
683 53 -0.077625
687 53 -0.00632422
36 54 0.205941
43 54 -0.122529
49 54 -0.437116
54 54 7.12694
60 54 -0.649339
69 54 -0.157269
74 54 -0.297455
331 54 -0.196048
332 54 -0.21695
335 54 -0.209971
336 54 -0.166003
395 54 -0.0347667
396 54 -0.0127135
399 54 -0.0651518
400 54 -0.100179
415 54 2.50397
416 54 -4.36837
419 54 1.05626
420 54 -0.155563
461 54 0.655871
462 54 -1.2491
465 54 0.546235
466 54 -0.860178
493 54 1.28158
494 54 -2.36884
495 54 -3.14578
496 54 1.63754
501 54 -0.351387
502 54 -0.150322
529 54 0.000477828
530 54 -0.00633835
652 54 0.313325
654 54 0.100498
657 54 0.2578
704 54 -0.127546
706 54 -0.220614
709 54 0.0206031
1 55 -0.00673793
12 55 -0.111518
16 55 -0.0923503
44 55 -0.24984
45 55 -0.223746
48 55 -0.245902
55 55 5.96882
87 55 0.00719332
88 55 -0.0657636
93 55 0.0179346
94 55 -0.103525
159 55 -1.43806
160 55 0.863396
183 55 -1.28135
184 55 0.583071
255 55 0.0949534
256 55 0.0141357
257 55 0.0639862
258 55 -0.527976
317 55 -0.0860774
318 55 -0.109763
349 55 -0.222271
350 55 -0.148943
359 55 -0.0701142
360 55 -0.057246
377 55 -0.0624637
378 55 -0.0488039
467 55 -1.82601
468 55 1.10048
473 55 -1.71
474 55 0.940492
491 55 1.02083
492 55 -1.86056
642 55 0.00984365
666 55 0.0891644
675 55 -0.119356
689 55 -0.0916165
6 56 -0.0883449
20 56 -0.157977
28 56 -0.0883438
56 56 15.2796
62 56 0.000844029
85 56 -0.836408
86 56 0.303341
127 56 0.298095
128 56 -0.839346
147 56 1.14548
148 56 -4.38378
163 56 1.16243
164 56 -2.66546
201 56 0.0745611
202 56 -0.0889499
235 56 -7.12076
236 56 2.62135
237 56 -0.983278
238 56 2.66068
427 56 -0.0958646
428 56 -0.085112
507 56 0.179997
508 56 0.602455
531 56 -3.03372
532 56 1.84661
551 56 0.326055
552 56 -0.529215
553 56 0.383373
554 56 -0.601637
579 56 -0.0934652
580 56 -0.126704
581 56 -6.23441
582 56 3.34727
667 56 -0.213668
715 56 -0.159619
736 56 0.156477
9 57 0.00165861
21 57 0.0030041
30 57 -0.00238313
57 57 0.223988
67 57 -0.00638034
113 57 0.00695164
114 57 -0.00647523
141 57 -0.00557233
142 57 0.00452792
157 57 0.0294267
158 57 -0.0863536
165 57 -0.0493923
166 57 0.0396991
205 57 -0.0204253
206 57 0.00714436
303 57 0.0438253
304 57 -0.030694
305 57 0.0240401
306 57 -0.0475934
457 57 -0.0123432
458 57 -0.0095591
523 57 0.0342284
524 57 -0.04607
533 57 -0.00167073
534 57 -0.00121703
567 57 -0.0190403
568 57 0.0516602
569 57 -0.127724
570 57 0.0471794
599 57 -0.00744928
600 57 -0.000267631
601 57 -0.0630009
602 57 0.0267183
701 57 0.0223472
723 57 0.000769972
746 57 -0.0158865
7 58 -0.0198466
22 58 0.0234826
29 58 -0.0209199
58 58 1.50506
68 58 -0.040843
95 58 -0.0943945
96 58 0.0401082
133 58 0.073267
134 58 -0.21305
153 58 0.153979
154 58 -0.617051
175 58 0.167317
176 58 -0.181126
203 58 0.00610656
204 58 -0.00257746
263 58 -0.90998
264 58 0.32727
265 58 -0.138324
266 58 0.367879
459 58 -0.0446187
460 58 -0.0614879
527 58 0.192703
528 58 -0.289908
535 58 0.034807
536 58 -0.0286661
559 58 0.00849249
560 58 -0.0289151
561 58 -0.0281579
562 58 0.020522
603 58 -0.0186205
604 58 0.00473577
605 58 0.116878
606 58 -0.257764
705 58 0.0856333
725 58 -0.0307494
748 58 -0.110542
5 59 -0.0142915
23 59 -0.397472
27 59 -0.296257
59 59 26.447
61 59 0.453071
83 59 -0.0654545
84 59 -0.00638124
121 59 0.0637075
