10321
1465 1465
0 0 9.03063
112 0 -2.40859
113 0 0.235336
233 0 -2.50661
322 0 -1.51894
354 0 -0.854131
453 0 0.181571
482 0 -0.777897
497 0 -1.3598
1 1 10.8388
113 1 0.295018
114 1 -2.9675
232 1 -3.08845
234 1 0.360667
322 1 -0.850101
354 1 -1.72479
355 1 -1.91257
402 1 -0.926585
2 2 10.3249
114 2 -2.84685
115 2 0.18707
235 2 0.241689
294 2 -2.72668
322 2 -1.68774
355 2 -0.836517
387 2 -0.766193
410 2 -1.86707
3 3 8.61146
112 3 -2.31005
115 3 0.137704
295 3 -2.21119
322 3 -0.77646
387 3 -1.48532
452 3 0.0935604
482 3 -1.33408
504 3 -0.705638
4 4 12.2736
116 4 0.36657
117 4 -3.46457
235 4 0.301544
293 4 -3.32068
323 4 -0.88141
355 4 -2.11203
386 4 -2.3243
410 4 -0.813447
5 5 12.8904
117 5 -3.60981
118 5 0.509841
234 5 0.432288
236 5 -3.75627
323 5 -2.38365
355 5 -0.909113
356 5 -0.983919
402 5 -2.16241
6 6 15.2199
118 6 0.593229
119 6 -4.34371
237 6 -4.51832
297 6 0.6823
323 6 -0.950946
356 6 -2.68489
388 6 -2.94536
411 6 -1.0219
7 7 14.4918
116 7 0.436648
119 7 -4.1713
292 7 -4.0012
296 7 0.511596
323 7 -2.61906
386 7 -0.843501
388 7 -0.90699
418 7 -2.87014
8 8 14.1027
120 8 0.815576
121 8 -4.20162
239 8 0.710845
324 8 -2.49402
357 8 -1.1033
443 8 -4.35161
477 8 -1.19313
494 8 -2.25378
9 9 13.5003
121 9 -4.0523
122 9 0.659814
236 9 -3.90381
238 9 0.569052
324 9 -1.08798
356 9 -2.44009
357 9 -2.20955
402 9 -1.0059
10 10 15.9512
122 10 0.757236
123 10 -4.87372
237 10 -4.69503
298 10 0.861187
324 10 -2.74863
356 10 -1.06083
389 10 -1.13969
411 10 -3.01896
11 11 16.6856
120 11 0.927829
123 11 -5.0543
299 11 1.0475
324 11 -1.17273
389 11 -3.09131
444 11 -5.23665
477 11 -2.81061
503 11 -1.26
12 12 9.42429
124 12 -2.7004
125 12 0.33719
233 12 -2.60395
325 12 -0.930553
354 12 -1.54772
454 12 0.273292
483 12 -1.38053
497 12 -0.848513
13 13 11.3361
125 13 0.407743
126 13 -3.33069
232 13 -3.20957
238 13 0.485021
325 13 -1.75764
354 13 -0.933762
357 13 -1.01682
402 13 -1.9541
14 14 11.8162
126 14 -3.45163
127 14 0.524106
239 14 0.613689
325 14 -1.0166
357 14 -1.99207
442 14 -3.57226
476 14 -1.78662
494 14 -1.1067
15 15 9.79145
124 15 -2.79579
127 15 0.442051
325 15 -1.57208
441 15 -2.88992
455 15 0.367436
476 15 -1.00513
483 15 -0.916837
506 15 -1.39662
16 16 22.9137
128 16 1.44899
129 16 -7.1065
241 16 1.59596
326 16 -1.24093
358 16 -4.63719
446 16 -7.36288
478 16 -4.25383
495 16 -1.31496
17 17 21.887
129 17 -6.85433
130 17 1.20996
240 17 1.3374
242 17 -6.60643
326 17 -4.14844
358 17 -1.16509
359 17 -1.10058
403 17 -4.52042
18 18 18.7302
130 18 1.08785
131 18 -5.80428
243 18 -5.59247
298 18 0.971477
326 18 -1.16717
359 18 -3.70629
389 18 -3.38929
411 18 -1.09406
19 19 19.606
128 19 1.30835
131 19 -6.01911
299 19 1.17442
326 19 -3.79959
389 19 -1.2203
445 19 -6.2369
478 19 -1.30241
503 19 -3.47164
20 20 17.8686
132 20 -5.17827
133 20 0.876544
243 20 -5.38377
297 20 0.776834
327 20 -3.61325
359 20 -1.03581
388 20 -0.971182
411 20 -3.30656
21 21 20.8868
133 21 0.981063
134 21 -6.12366
242 21 -6.36285
244 21 1.08994
327 21 -0.964881
359 21 -4.04431
360 21 -4.40575
403 21 -1.0204
22 22 19.9128
134 22 -5.88889
135 22 0.762825
245 22 0.854015
301 22 -5.65861
327 22 -3.94119
360 22 -0.881105
390 22 -0.834111
412 22 -4.29291
23 23 17.0213
132 23 -4.97604
135 23 0.675045
296 23 0.591169
300 23 -4.77715
327 23 -0.908627
388 23 -3.22314
390 23 -3.52016
418 23 -0.852016
24 24 24.3351
136 24 1.31847
137 24 -7.19136
244 24 1.20262
246 24 -7.46708
328 24 -5.34478
360 24 -0.926471
361 24 -0.969711
403 24 -4.91816
25 25 23.2282
137 25 -6.92133
138 25 1.04415
245 25 0.948024
302 25 -6.65703
328 25 -0.818488
360 25 -4.79341
391 25 -5.21065
412 25 -0.784241
26 26 26.6677
139 26 1.9069
140 26 -8.32812
241 26 1.74879
329 26 -5.62564
358 26 -1.22894
447 26 -8.62632
479 26 -1.29163
495 26 -5.17701
27 27 25.4815
140 27 -8.03549
141 27 1.60613
240 27 1.46966
246 27 -7.74847
329 27 -1.12747
358 27 -5.04596
361 27 -5.48305
403 27 -1.07476
28 28 16.2664
142 28 0.00823646
143 28 -4.17586
248 28 0.0356459
330 28 -3.52993
362 28 -0.382699
425 28 -3.98292
466 28 -0.366275
489 28 -3.85084
29 29 17.1429
143 29 -4.37358
144 29 0.177826
247 29 0.220331
249 29 -4.57605
330 29 -0.474282
362 29 -3.96115
363 29 -3.63373
404 29 -0.497942
30 30 14.5599
144 30 0.136004
145 30 -3.6579
250 30 -3.83532
305 30 0.0955071
330 30 -3.23552
363 30 -0.55535
393 30 -0.520577
413 30 -2.96411
31 31 13.7624
142 31 -0.0193796
145 31 -3.48426
306 31 -0.0464966
330 31 -0.448232
393 31 -2.87263
424 31 -3.31444
466 31 -3.1365
500 31 -0.420197
32 32 15.3678
146 32 -4.20127
147 32 0.304064
250 32 -4.01646
304 32 0.249707
331 32 -0.668046
363 32 -3.33191
392 32 -3.0525
413 32 -0.626308
33 33 18.0418
147 33 0.360585
148 33 -4.99514
249 33 -4.78325
251 33 0.418684
331 33 -3.73641
363 33 -0.588495
364 33 -0.619616
404 33 -4.07113
34 34 18.9648
148 34 -5.21169
149 34 0.5558
252 34 0.630095
301 34 -5.43286
331 34 -0.708548
364 34 -4.18152
390 34 -3.83871
412 34 -0.747427
35 35 16.1879
146 35 -4.3897
149 35 0.483991
300 35 -4.58168
303 35 0.415204
331 35 -3.42656
390 35 -0.785926
392 35 -0.736928
418 35 -3.13862
36 36 21.1313
150 36 0.536696
151 36 -5.89871
251 36 0.477663
253 36 -5.65754
332 36 -0.53619
364 36 -4.55187
365 36 -4.9537
404 36 -0.518751
37 37 22.1605
151 37 -6.1457
152 37 0.783457
252 37 0.706235
302 37 -6.39848
332 37 -5.08039
364 37 -0.648266
391 37 -0.673932
412 37 -4.67143
38 38 19.1844
153 38 0.0863419
154 38 -4.96908
248 38 0.0620107
333 38 -0.281817
362 38 -4.31807
426 38 -4.75131
467 38 -4.7093
489 38 -0.280047
39 39 20.1397
154 39 -5.19271
155 39 0.304199
247 39 0.262756
253 39 -5.42221
333 39 -4.83017
362 39 -0.395927
365 39 -0.405425
404 39 -4.43427
40 40 7.69856
156 40 -1.91441
157 40 -0.0397932
255 40 -1.81598
334 40 -0.619892
366 40 -1.40129
450 40 -0.0659228
481 40 -1.26563
496 40 -0.55892
41 41 9.24847
157 41 -0.00969316
158 41 -2.37046
254 41 -2.25363
256 41 0.0243608
334 41 -1.59904
366 41 -0.600066
367 41 -0.659108
405 41 -1.76197
42 42 9.79483
158 42 -2.48834
159 42 0.0850854
257 42 0.129198
294 42 -2.60712
334 42 -0.682639
367 42 -1.81709
387 42 -1.64602
410 42 -0.747167
43 43 8.16739
156 43 -2.0132
159 43 0.0455542
295 43 -2.11218
334 43 -1.44633
387 43 -0.698164
451 43 0.010597
481 43 -0.632411
504 43 -1.30289
44 44 11.6498
160 44 0.230959
161 44 -3.03741
257 44 0.177853
293 44 -3.17825
335 44 -2.26156
367 44 -0.71942
386 44 -0.780923
410 44 -2.05795
45 45 11.0188
161 45 -2.89828
162 45 0.10402
256 45 0.0623041
258 45 -2.76096
335 45 -0.682956
367 45 -1.9996
368 45 -2.19477
405 45 -0.627583
46 46 13.0444
162 46 0.149331
163 46 -3.50564
259 46 -3.34568
304 46 0.197998
335 46 -2.4793
368 46 -0.637736
392 46 -0.68744
413 46 -2.71282
47 47 13.7668
160 47 0.288371
163 47 -3.66827
292 47 -3.83349
303 47 0.349879
335 47 -0.73894
386 47 -2.55072
392 47 -2.79283
418 47 -0.795365
48 48 9.7311
164 48 -0.119463
165 48 -2.36097
261 48 -0.139662
336 48 -0.496734
369 48 -1.86692
422 48 -2.23194
465 48 -2.04561
488 48 -0.452873
49 49 10.3798
165 49 -2.49221
166 49 -0.0131731
258 49 -2.62557
260 49 -0.0439465
336 49 -2.12313
368 49 -0.588037
369 49 -0.538525
405 49 -1.93623
50 50 12.3235
166 50 0.0205236
167 50 -3.03409
259 50 -3.18847
305 50 0.0568677
336 50 -0.540394
368 50 -2.4041
393 50 -2.62935
413 50 -0.583663
51 51 11.6025
164 51 -0.0969794
167 51 -2.88262
306 51 -0.0725253
336 51 -2.32424
393 51 -0.484517
423 51 -2.73411
465 51 -0.447462
500 51 -2.54144
52 52 7.20452
168 52 -1.62083
169 52 -0.116948
255 52 -1.71806
337 52 -1.34933
366 52 -0.542332
449 52 -0.134531
480 52 -0.48591
496 52 -1.22151
53 53 8.68517
169 53 -0.0959532
170 53 -2.02364
254 53 -2.13798
260 53 -0.0715887
337 53 -0.51914
366 53 -1.54604
369 53 -1.70086
405 53 -0.572949
54 54 8.10359
170 54 -1.91074
171 54 -0.172299
261 54 -0.157334
337 54 -1.48605
369 54 -0.489336
421 54 -1.79938
464 54 -0.44057
488 54 -1.6327
55 55 6.68417
168 55 -1.52441
171 55 -0.184436
337 55 -0.466207
420 55 -1.42895
448 55 -0.193676
464 55 -1.28936
480 55 -1.16956
1243 55 -0.414167
56 56 0.901625
172 56 0.0370293
173 56 -0.256862
262 56 -0.285609
263 56 0.0562894
338 56 -0.010304
370 56 -0.174189
371 56 -0.251556
406 56 -0.0153447
57 57 0.742762
173 57 -0.229653
174 57 0.0250477
264 57 0.038462
309 57 -0.203937
338 57 -0.146058
371 57 -0.0086562
395 57 -0.00594074
414 57 -0.211189
58 58 1.52797
175 58 0.0699176
176 58 -0.46618
264 58 0.0535194
308 58 -0.419463
339 58 -0.00257456
371 58 -0.334397
394 58 -0.423534
414 58 -0.0037167
59 59 1.81207
176 59 -0.515474
177 59 0.101301
263 59 0.0778106
265 59 -0.567423
339 59 -0.493182
371 59 -0.0109256
372 59 -0.0122107
406 59 -0.390018
60 60 3.02882
177 60 0.126364
178 60 -0.855862
266 60 -0.934423
311 60 0.152485
339 60 0.000461098
372 60 -0.692323
396 60 -0.828705
415 60 0.00609149
61 61 2.60295
175 61 0.0872468
178 61 -0.781144
307 61 -0.710159
310 61 0.104974
339 61 -0.604348
394 61 0.00978011
396 61 0.0178649
419 61 -0.724839
62 62 2.44443
179 62 0.182925
180 62 -0.73998
268 62 0.141495
340 62 -0.642005
373 62 -0.0318536
439 62 -0.803329
474 62 -0.0396277
493 62 -0.509108
63 63 2.11711
180 63 -0.679598
181 63 0.138864
265 63 -0.622105
267 63 0.107048
340 63 -0.0245088
372 63 -0.565933
373 63 -0.4482
406 63 -0.020261
64 64 3.48468
181 64 0.172943
182 64 -1.10352
266 64 -1.01694
312 64 0.208788
340 64 -0.784197
372 64 -0.0118918
397 64 -0.00926369
415 64 -0.937028
65 65 3.97249
179 65 0.227355
182 65 -1.19428
313 65 0.274304
340 65 -0.0274628
397 65 -1.05013
438 65 -1.28932
474 65 -0.880233
502 65 -0.0284124
66 66 1.07277
183 66 0.0516365
184 66 -0.347907
262 66 -0.315942
267 66 0.0778782
341 66 -0.203668
370 66 -0.0158626
373 66 -0.0237483
406 66 -0.293799
67 67 1.25696
184 67 -0.381549
185 67 0.0690186
268 67 0.103435
341 67 -0.0226911
373 67 -0.338043
440 67 -0.416917
475 67 -0.23458
493 67 -0.0339704
68 68 8.32994
186 68 0.423488
187 68 -2.44231
270 68 0.472952
342 68 0.0469431
374 68 -2.27986
436 68 -2.61231
473 68 -2.00347
492 68 0.0718342
69 69 7.46826
187 69 -2.27948
188 69 0.319893
269 69 0.354947
271 69 -2.12364
342 69 -1.82095
374 69 0.0960661
375 69 0.0676632
407 69 -2.07674
70 70 5.24068
188 70 0.283122
189 70 -1.63198
272 70 -1.51263
312 70 0.245772
342 70 0.0283971
375 70 -1.43073
397 70 -1.23295
415 70 0.0151081
71 71 5.90675
186 71 0.373197
189 71 -1.75686
313 71 0.323167
342 71 -1.58623
397 71 -0.00353148
437 71 -1.88743
473 71 0.00619323
502 71 -1.36951
72 72 4.61677
190 72 -1.28999
191 72 0.205148
272 72 -1.39869
311 72 0.179015
343 72 -1.28165
375 72 0.0458711
396 72 0.0296002
415 72 -1.10216
73 73 6.65972
191 73 0.229898
192 73 -1.83221
271 73 -1.97461
273 73 0.252072
343 73 0.0833486
375 73 -1.64599
376 73 -1.88195
407 73 0.114684
74 74 5.90106
192 74 -1.69628
193 74 0.15293
274 74 0.163698
315 74 -1.56662
343 74 -1.47812
376 74 0.128004
398 74 0.0942839
416 74 -1.69492
75 75 4.03243
190 75 -1.18641
193 75 0.138752
310 75 0.122422
314 75 -1.08779
343 75 0.0588784
396 75 -0.976745
398 75 -1.13855
419 75 0.0401794
76 76 12.5808
194 76 -3.31536
195 76 0.287304
276 76 -3.53543
344 76 0.300055
377 76 -3.27995
458 76 0.281717
485 76 -3.69062
498 76 0.378544
77 77 9.26665
195 77 0.282661
196 77 -2.50005
273 77 0.270232
275 77 -2.67965
344 77 -2.66815
376 77 0.170048
377 77 0.22175
407 77 -2.35749
78 78 8.32065
196 78 -2.32836
197 78 0.168608
274 78 0.169535
316 78 -2.16436
344 78 0.234572
376 78 -2.14269
399 78 -2.43355
416 78 0.180489
79 79 11.4406
194 79 -3.10479
197 79 0.158711
317 79 -2.90347
344 79 -3.01518
399 79 0.309396
459 79 0.137198
485 79 0.390402
505 79 -3.4071
80 80 11.347
198 80 0.563962
199 80 -3.268
270 80 0.520289
345 80 -3.1681
374 80 0.132279
435 80 -3.48133
472 80 0.177614
492 80 -2.81504
81 81 10.2742
199 81 -3.06342
200 81 0.414196
269 81 0.386922
275 81 -2.86737
345 81 0.202889
374 81 -2.58141
377 81 -2.91279
407 81 0.154091
82 82 13.7966
200 82 0.434844
201 82 -4.00502
276 82 -3.76524
345 82 -3.55653
377 82 0.284566
457 82 0.446587
484 82 0.360082
498 82 -3.9874
83 83 15.092
198 83 0.602154
201 83 -4.255
345 83 0.262521
434 83 -4.51542
456 83 0.632728
472 83 -3.8455
484 83 -4.29799
506 83 0.334554
84 84 3.29259
202 84 -0.0353482
203 84 -0.819357
278 84 -0.0563396
346 84 -0.866017
378 84 0.134136
431 84 -0.733205
470 84 0.0957554
491 84 -1.01078
85 85 3.88884
203 85 -0.91026
204 85 -0.00523919
277 85 -0.0202976
279 85 -1.00612
346 85 0.101254
378 85 -1.17389
379 85 -1.01149
408 85 0.139139
86 86 2.4887
204 86 0.00405261
205 86 -0.592003
280 86 -0.663967
320 86 0.00909611
346 86 -0.740012
379 86 0.0736029
401 86 0.0506749
417 86 -0.628677
87 87 2.03353
202 87 -0.0208691
205 87 -0.523943
321 87 -0.0112639
346 87 0.0711812
401 87 -0.520403
430 87 -0.459626
470 87 -0.615321
501 87 0.0477778
88 88 2.97137
206 88 -0.820236
207 88 0.038678
280 88 -0.739992
319 88 0.0378972
347 88 0.0725051
379 88 -0.86831
400 88 -0.740466
417 88 0.0505035
89 89 4.51944
207 89 0.0358736
208 89 -1.21351
279 89 -1.10714
281 89 0.0280668
347 89 -1.1615
379 89 0.102986
380 89 0.13995
408 89 -1.34165
90 90 5.18886
208 90 -1.32542
209 90 0.0884319
282 90 0.0892217
315 90 -1.44306
347 90 0.100743
380 90 -1.51506
398 90 -1.31682
416 90 0.136329
91 91 3.48492
206 91 -0.904849
209 91 0.0834248
314 91 -0.993983
318 91 0.0755315
347 91 -1.00095
398 91 0.0676744
400 91 0.0470741
419 91 -0.856326
92 92 9.37019
210 92 -2.35271
211 92 -0.044815
284 92 -2.18603
348 92 -2.51843
381 92 0.311211
461 92 -0.0944082
486 92 0.396121
499 92 -2.8775
93 93 6.59686
211 93 -0.00990636
212 93 -1.71642
281 93 0.0135175
283 93 -1.58105
348 93 0.243543
380 93 -1.73791
381 93 -1.99165
408 93 0.186103
94 94 7.43216
212 94 -1.85861
213 94 0.0713147
282 94 0.0841722
316 94 -2.00785
348 94 -2.20831
380 94 0.185739
399 94 0.241721
416 94 -1.9364
95 95 10.3718
210 95 -2.52768
213 95 0.0482623
317 95 -2.71118
348 95 0.312987
399 95 -2.76157
460 95 0.0121215
486 95 -3.13626
505 95 0.396111
96 96 5.06647
214 96 -0.126606
215 96 -1.21363
278 96 -0.085899
349 96 0.232473
378 96 -1.36089
432 96 -1.10325
471 96 -1.58013
491 96 0.173252
97 97 5.81007
215 97 -1.32989
216 97 -0.0756929
277 97 -0.0430051
283 97 -1.45229
349 97 -1.78263
378 97 0.181862
381 97 0.240363
408 97 -1.5464
98 98 8.43109
216 98 -0.12125
217 98 -1.87657
284 98 -2.0274
349 98 0.304422
381 98 -2.28494
462 98 -0.183265
487 98 -2.63015
499 98 0.390875
99 99 7.54949
214 99 -0.181703
217 99 -1.73327
349 99 -2.06016
433 99 -1.59724
463 99 -0.255289
471 99 0.292942
487 99 0.3808
1274 99 -2.39345
100 100 0.458713
218 100 0.00836897
219 100 -0.135277
285 100 -0.115063
286 100 0.0132734
350 100 -0.0934881
382 100 -0.000505731
383 100 -1.59275e-05
409 100 -0.135553
101 101 0.595391
219 101 -0.156796
220 101 0.0155434
287 101 0.024191
309 101 -0.179667
350 101 -0.00269911
383 101 -0.172566
395 101 -0.119187
414 101 -0.00358044
102 102 1.26342
221 102 0.0444018
222 102 -0.33344
287 102 0.0339148
308 102 -0.375242
351 102 -0.35676
383 102 0.00149484
394 102 0.00455625
414 102 -0.281162
103 103 1.01702
222 103 -0.293977
223 103 0.0244461
286 103 0.0187403
288 103 -0.256772
351 103 0.00933564
383 103 -0.230133
384 103 -0.292615
409 103 0.0048362
104 104 1.83302
223 104 0.0299513
224 104 -0.518472
289 104 -0.461287
319 104 0.0346802
351 104 -0.438969
384 104 0.020034
400 104 0.0314904
417 104 -0.529059
105 105 2.20506
221 105 0.0552279
224 105 -0.578936
307 105 -0.642794
318 105 0.0658392
351 105 0.0162458
394 105 -0.519996
400 105 -0.625084
419 105 0.0262639
106 106 0.572711
225 106 2.81025e-05
226 106 -0.157904
291 106 0.00068302
352 106 0.0124359
385 106 -0.1339
428 106 -0.128925
469 106 -0.171115
490 106 0.00640253
107 107 0.787297
226 107 -0.188817
227 107 0.00975114
288 107 -0.221746
290 107 0.00774463
352 107 -0.230832
384 107 0.0119138
385 107 0.00643183
409 107 -0.181115
108 108 1.48462
227 108 0.0110732
228 108 -0.356291
289 108 -0.407266
320 108 0.0111115
352 108 0.0213141
384 108 -0.360944
401 108 -0.436336
417 108 0.0337382
109 109 1.15748
225 109 -0.00173464
228 109 -0.308245
321 109 -0.00522932
352 109 -0.285558
401 109 0.0331909
429 109 -0.263008
469 109 0.0202467
501 109 -0.346429
110 110 0.331912
229 110 0.00337834
230 110 -0.0783645
285 110 -0.0961084
290 110 0.00550909
353 110 0.000711982
382 110 -0.0688682
385 110 -0.100005
409 110 0.00213747
111 111 0.21415
230 111 -0.0617841
231 111 0.000427211
291 111 0.0007015
353 111 -0.0452308
385 111 0.00297812
427 111 -0.0463198
468 111 0.00102564
490 111 -0.0657687
0 112 -2.40859
3 112 -2.31005
112 112 8.82418
113 112 -0.815414
115 112 -1.50276
322 112 0.185915
452 112 -0.741932
453 112 -1.34759
482 112 0.13702
0 113 0.235336
1 113 0.295018
112 113 -0.815414
113 113 9.90616
114 113 -1.70682
232 113 -0.891999
233 113 -1.53391
322 113 -2.6781
354 113 -2.78727
1 114 -2.9675
2 114 -2.84685
113 114 -1.70682
114 114 10.5839
115 114 -0.808141
234 114 -0.881496
235 114 -1.89035
322 114 0.240374
355 114 0.300437
2 115 0.18707
3 115 0.137704
112 115 -1.50276
114 115 -0.808141
115 115 9.44066
294 115 -1.6675
295 115 -0.73735
322 115 -2.56881
387 115 -2.45959
4 116 0.36657
7 116 0.436648
116 116 13.3466
117 116 -2.35437
119 116 -0.896892
292 116 -2.58524
293 116 -0.830884
323 116 -3.80627
386 116 -3.64959
4 117 -3.46457
5 117 -3.60981
116 117 -2.35437
117 117 12.5828
118 117 -0.932442
234 117 -2.13765
235 117 -0.861108
323 117 0.437309
355 117 0.3661
5 118 0.509841
6 118 0.593229
117 118 -0.932442
118 118 14.018
119 118 -2.65226
236 118 -2.4122
237 118 -1.00561
323 118 -3.96477
356 118 -4.12497
6 119 -4.34371
7 119 -4.1713
116 119 -0.896892
118 119 -2.65226
119 119 14.8554
296 119 -2.90798
297 119 -0.964059
323 119 0.513957
388 119 0.595876
8 120 0.815576
11 120 0.927829
120 120 15.3547
121 120 -1.14045
123 120 -2.77982
324 120 -4.61455
443 120 -2.52013
444 120 -1.22931
477 120 -4.78035
8 121 -4.20162
9 121 -4.0523
120 121 -1.14045
121 121 13.8025
122 121 -2.46735
238 121 -1.05455
239 121 -2.23201
324 121 0.737027
357 121 0.63938
9 122 0.659814
10 122 0.757236
121 122 -2.46735
122 122 14.6875
123 122 -1.11655
236 122 -1.03578
237 122 -2.717
324 122 -4.44998
356 122 -4.28674
10 123 -4.87372
11 123 -5.0543
120 123 -2.77982
122 123 -1.11655
123 123 16.318
298 123 -3.05527
299 123 -1.19955
324 123 0.84176
389 123 0.953461
12 124 -2.7004
15 124 -2.79579
124 124 9.61126
125 124 -1.56043
127 124 -0.968107
325 124 0.389319
454 124 -0.883001
455 124 -1.38914
483 124 0.32014
12 125 0.33719
13 125 0.407743
124 125 -1.56043
125 125 10.3506
126 125 -0.975321
232 125 -1.74172
233 125 -0.892536
325 125 -3.00463
354 125 -2.89617
13 126 -3.33069
14 126 -3.45163
125 126 -0.975321
126 126 11.5784
127 126 -1.77259
238 126 -1.97351
239 126 -1.06184
325 126 0.465539
357 126 0.548881
14 127 0.524106
15 127 0.442051
124 127 -0.968107
126 127 -1.77259
127 127 10.773
325 127 -3.11245
441 127 -1.58269
442 127 -1.05754
476 127 -3.21947
16 128 1.44899
19 128 1.30835
128 128 21.208
129 128 -4.20096
131 128 -1.23432
326 128 -6.54679
445 128 -3.84643
446 128 -1.31278
478 128 -6.78347
16 129 -7.1065
17 129 -6.85433
128 129 -4.20096
129 129 22.397
130 129 -1.17019
240 129 -4.57852
241 129 -1.23939
326 129 1.32824
358 129 1.46532
17 130 1.20996
18 130 1.08785
129 130 -1.17019
130 130 20.2579
131 130 -3.75289
242 130 -4.09623
243 130 -1.10099
326 130 -6.31367
359 130 -6.08419
18 131 -5.80428
19 131 -6.01911
128 131 -1.23432
130 131 -3.75289
131 131 19.1663
298 131 -1.15678
299 131 -3.4305
326 131 1.19698
389 131 1.07195
20 132 -5.17827
23 132 -4.97604
132 132 17.4432
133 132 -0.97168
135 132 -3.56674
296 132 -0.911113
297 132 -3.26495
327 132 0.77453
388 132 0.682835
20 133 0.876544
21 133 0.981063
132 133 -0.97168
133 133 19.328
134 133 -3.99265
242 133 -1.03213
243 133 -3.65975
327 133 -5.63643
359 133 -5.85842
21 134 -6.12366
22 134 -5.88889
133 134 -3.99265
134 134 20.3965
135 134 -0.898863
244 134 -0.950066
245 134 -4.34912
327 134 0.870577
360 134 0.970506
22 135 0.762825
23 135 0.675045
132 135 -3.56674
134 135 -0.898863
135 135 18.4182
300 135 -0.846695
301 135 -3.8899
327 135 -5.41827
390 135 -5.20402
24 136 1.31847
136 136 26.2429
137 136 -0.893275
246 136 -5.41339
328 136 -7.77511
361 136 -8.07016
1244 136 1.43669
1260 136 -5.87725
1268 136 -0.929049
24 137 -7.19136
25 137 -6.92133
136 137 -0.893275
137 137 23.7767
138 137 -5.27721
244 137 -4.85542
245 137 -0.854586
328 137 1.17962
360 137 1.07375
25 138 1.04415
137 138 -5.27721
138 138 25.0678
302 138 -0.745368
328 138 -7.48643
391 138 -7.20414
1245 138 1.14156
1260 138 -0.771928
1272 138 -5.73206
26 139 1.9069
139 139 28.7338
140 139 -1.20875
329 139 -8.99332
447 139 -5.69861
479 139 -9.31364
1247 139 2.06962
1261 139 -6.18422
1350 139 -1.26441
26 140 -8.32812
27 140 -8.03549
139 140 -1.20875
140 140 26.0696
141 140 -5.5538
240 140 -1.15113
241 140 -5.11107
329 140 1.75489
358 140 1.60773
27 141 1.60613
140 141 -5.5538
141 141 27.4649
246 141 -1.04778
329 141 -8.67928
361 141 -8.37155
1246 141 1.7461
1261 141 -1.09323
1268 141 -6.02793
28 142 0.00823646
31 142 -0.0193796
142 142 14.9674
143 142 -0.419478
145 142 -3.1864
330 142 -3.81813
424 142 -0.396899
425 142 -3.47734
466 142 -3.63697
28 143 -4.17586
29 143 -4.37358
142 143 -0.419478
143 143 16.702
144 143 -3.58202
247 143 -0.439497
248 143 -3.90609
330 143 0.0913378
362 143 0.126239
29 144 0.177826
30 144 0.136004
143 144 -3.58202
144 144 15.8042
145 144 -0.501068
249 144 -0.530636
250 144 -3.28399
330 144 -4.00357
363 144 -4.19327
30 145 -3.6579
31 145 -3.48426
142 145 -3.1864
144 145 -0.501068
145 145 14.16
305 145 -2.91881
306 145 -0.469688
330 145 0.0566743
393 145 0.0229211
32 146 -4.20127
35 146 -4.3897
146 146 15.7763
147 146 -3.37941
149 146 -0.726361
303 146 -3.0958
304 146 -0.681034
331 146 0.392592
392 146 0.331097
32 147 0.304064
33 147 0.360585
146 147 -3.37941
147 147 16.6573
148 147 -0.647812
249 147 -3.68516
250 147 -0.611027
331 147 -4.58525
363 147 -4.38717
33 148 -4.99514
34 148 -5.21169
147 148 -0.647812
148 148 18.5002
149 148 -3.78757
251 148 -4.12623
252 148 -0.682772
331 148 0.456677
364 148 0.522793
34 149 0.5558
35 149 0.483991
146 149 -0.726361
148 149 -3.78757
149 149 17.5282
300 149 -3.47345
301 149 -0.77066
331 149 -4.78745
390 149 -4.99372
36 150 0.536696
150 150 22.8562
151 150 -5.01662
253 150 -0.469925
332 150 -6.39573
365 150 -6.13913
1248 150 0.594812
1262 150 -0.479221
1269 150 -5.4574
36 151 -5.89871
37 151 -6.1457
150 151 -5.01662
151 151 21.6411
152 151 -0.6042
251 151 -0.582687
252 151 -4.61137
332 151 0.658316
364 151 0.59027
37 152 0.783457
151 152 -0.6042
152 152 23.939
302 152 -5.14505
332 152 -6.65877
391 152 -6.92825
1249 152 0.860868
1262 152 -5.59218
1272 152 -0.621954
38 153 0.0863419
153 153 20.8254
154 153 -4.76944
333 153 -5.40804
426 153 -0.222761
467 153 -5.17727
1251 153 0.107478
1263 153 -0.215895
1345 153 -5.20201
38 154 -4.96908
39 154 -5.19271
153 154 -4.76944
154 154 19.6576
155 154 -0.342714
247 154 -4.37603
248 154 -0.337101
333 154 0.193415
362 154 0.16058
39 155 0.304199
154 155 -0.342714
155 155 21.8187
253 155 -4.89157
333 155 -5.64528
365 155 -5.88897
1250 155 0.343602
1263 155 -5.32746
1269 155 -0.34383
40 156 -1.91441
43 156 -2.0132
156 156 7.93608
157 156 -1.42461
159 156 -0.658983
334 156 0.00194512
450 156 -0.595653
451 156 -1.28507
481 156 -0.0285583
40 157 -0.0397932
41 157 -0.00969316
156 157 -1.42461
157 157 8.44786
158 157 -0.641189
254 157 -1.57335
255 157 -0.580979
334 157 -2.13391
366 157 -2.02654
41 158 -2.37046
42 158 -2.48834
157 158 -0.641189
158 158 9.52371
159 158 -1.62323
256 158 -1.79022
257 158 -0.702939
334 158 0.0367151
367 158 0.0757473
42 159 0.0850854
43 159 0.0455542
156 159 -0.658983
158 159 -1.62323
159 159 8.95456
294 159 -0.724333
295 159 -1.46653
334 159 -2.24198
387 159 -2.35059
44 160 0.230959
47 160 0.288371
160 160 12.6731
161 160 -0.731592
163 160 -2.51543
292 160 -0.790831
293 160 -2.29339
335 160 -3.34209
386 160 -3.49483
44 161 -3.03741
45 161 -2.89828
160 161 -0.731592
161 161 11.3353
162 161 -2.22872
256 161 -0.673192
257 161 -2.02935
335 161 0.16634
367 161 0.11899
45 162 0.10402
46 162 0.149331
161 162 -2.22872
162 162 11.9972
163 162 -0.687887
258 162 -0.635081
259 162 -2.44222
335 162 -3.1915
368 162 -3.04313
46 163 -3.50564
47 163 -3.66827
160 163 -2.51543
162 163 -0.687887
163 163 13.4053
303 163 -0.740913
304 163 -2.75321
335 163 0.217636
392 163 0.272653
48 164 -0.119463
51 164 -0.0969794
164 164 10.6338
165 164 -2.08518
167 164 -0.493341
336 164 -2.61236
422 164 -0.452627
423 164 -2.28222
465 164 -2.47382
48 165 -2.36097
49 165 -2.49221
164 165 -2.08518
165 165 10.0568
166 165 -0.541896
260 165 -1.90239
261 165 -0.495232
336 165 -0.0677569
369 165 -0.0932023
49 166 -0.0131731
50 166 0.0205236
165 166 -0.541896
166 166 11.318
167 166 -2.36482
258 166 -2.15962
259 166 -0.588549
336 166 -2.75347
368 166 -2.89709
50 167 -3.03409
51 167 -2.88262
164 167 -0.493341
166 167 -2.36482
167 167 11.9631
305 167 -0.533479
306 167 -2.58602
336 167 -0.0397116
393 167 -0.00936121
52 168 -1.62083
55 168 -1.52441
168 168 6.94773
169 168 -0.504043
171 168 -1.32043
337 168 -0.151996
448 168 -0.449829
449 168 -1.19659
480 168 -0.165388
52 169 -0.116948
53 169 -0.0959532
168 169 -0.504043
169 169 7.92002
170 169 -1.51699
254 169 -0.559354
255 169 -1.37624
337 169 -1.81445
366 169 -1.92001
53 170 -2.02364
54 170 -1.91074
169 170 -1.51699
170 170 8.39677
171 170 -0.479514
260 170 -0.530782
261 170 -1.66774
337 170 -0.135456
369 170 -0.115823
54 171 -0.172299
55 171 -0.184436
168 171 -1.32043
170 171 -0.479514
171 171 7.36981
337 171 -1.71002
420 171 -0.428923
421 171 -1.45307
464 171 -1.60683
56 172 0.0370293
172 172 0.545008
173 172 -0.15996
262 172 -0.0129292
338 172 -0.154986
370 172 -0.173368
1252 172 0.0202311
1264 172 -0.00704759
1270 172 -0.0932907
56 173 -0.256862
57 173 -0.229653
172 173 -0.15996
173 173 0.820708
174 173 -0.00797755
263 173 -0.0117925
264 173 -0.231146
338 173 0.0307196
371 173 0.0469184
57 174 0.0250477
173 174 -0.00797755
174 174 0.442799
309 174 -0.13247
338 174 -0.137612
395 174 -0.121215
1253 174 0.0134849
1264 174 -0.0771918
1273 174 -0.00433811
58 175 0.0699176
61 175 0.0872468
175 175 2.0256
176 175 -0.457984
178 175 0.00548846
307 175 -0.561737
308 175 0.00129431
339 175 -0.613165
394 175 -0.55473
58 176 -0.46618
59 176 -0.515474
175 176 -0.457984
176 176 1.66749
177 176 -0.00706973
263 176 -0.361898
264 176 -0.00706344
339 176 0.0848563
371 176 0.065063
59 177 0.101301
60 177 0.126364
176 177 -0.00706973
177 177 2.37849
178 177 -0.647865
265 177 -0.529156
266 177 -0.00532469
339 177 -0.674746
372 177 -0.739567
60 178 -0.855862
61 178 -0.781144
175 178 0.00548846
177 178 -0.647865
178 178 2.81226
310 178 -0.776236
311 178 0.0124128
339 178 0.105895
396 178 0.127657
62 179 0.182925
65 179 0.227355
179 179 3.16214
180 179 -0.0317057
182 179 -0.831679
340 179 -0.954413
438 179 -0.0365133
439 179 -0.681351
474 179 -1.03314
62 180 -0.73998
63 180 -0.679598
179 180 -0.0317057
180 180 2.2779
181 180 -0.603541
267 180 -0.0257669
268 180 -0.478303
340 180 0.160062
373 180 0.123604
63 181 0.138864
64 181 0.172943
180 181 -0.603541
181 181 2.75678
182 181 -0.0192634
265 181 -0.0180171
266 181 -0.737756
340 181 -0.879306
372 181 -0.807722
64 182 -1.10352
65 182 -1.19428
179 182 -0.831679
181 182 -0.0192634
182 182 3.72447
312 182 -0.992964
313 182 -0.0183505
340 182 0.199147
397 182 0.240368
66 183 0.0516365
183 183 0.655309
184 183 -0.0191135
262 183 -0.188755
341 183 -0.213281
370 183 -0.19279
1254 183 0.0285165
1265 183 -0.110176
1270 183 -0.0104785
66 184 -0.347907
67 184 -0.381549
183 184 -0.0191135
184 184 1.16318
185 184 -0.21894
267 184 -0.315663
268 184 -0.0286256
341 184 0.0599714
373 184 0.0901477
67 185 0.0690186
184 185 -0.21894
185 185 0.77421
341 185 -0.234873
440 185 -0.0266048
475 185 -0.257596
1255 185 0.0384315
1265 185 -0.014676
1349 185 -0.127897
68 186 0.423488
71 186 0.373197
186 186 7.05126
187 186 -1.91123
189 186 0.017903
342 186 -2.08322
436 186 0.0346041
437 186 -1.66652
473 186 -2.23301
68 187 -2.44231
69 187 -2.27948
186 187 -1.91123
187 187 7.89226
188 187 0.0579506
269 187 -2.17723
270 187 0.0846719
342 187 0.369954
374 187 0.412018
69 188 0.319893
70 188 0.283122
187 188 0.0579506
188 188 6.28948
189 188 -1.50765
271 188 -1.73255
272 188 0.0377087
342 188 -1.93984
375 188 -1.80271
70 189 -1.63198
71 189 -1.75686
186 189 0.017903
188 189 -1.50765
189 189 5.56828
312 189 0.00632165
313 189 -1.30049
342 189 0.326613
397 189 0.28311
72 190 -1.28999
75 190 -1.18641
190 190 4.31982
191 190 0.0529169
193 190 -1.20938
310 190 0.0353644
311 190 -1.0388
343 190 0.170535
396 190 0.149478
72 191 0.205148
73 191 0.229898
190 191 0.0529169
191 191 5.57524
192 191 -1.5612
271 191 0.0761172
272 191 -1.35541
343 191 -1.54658
375 191 -1.67168
73 192 -1.83221
74 192 -1.69628
191 192 -1.5612
192 192 6.27437
193 192 0.0893926
273 192 0.121987
274 192 -1.7875
343 192 0.189821
376 192 0.206111
74 193 0.15293
75 193 0.138752
190 193 -1.20938
192 193 0.0893926
193 193 4.9056
314 193 0.0637871
315 193 -1.39668
343 193 -1.42726
398 193 -1.31354
76 194 -3.31536
79 194 -3.10479
194 194 12.0015
195 194 -3.14613
197 194 0.305468
344 194 0.22069
458 194 0.38527
459 194 -3.54724
485 194 0.206971
76 195 0.287304
77 195 0.282661
194 195 -3.14613
195 195 10.8247
196 195 0.228893
275 195 -2.78918
276 195 0.293104
344 195 -2.88769
377 195 -3.08715
77 196 -2.50005
78 196 -2.32836
195 196 0.228893
196 196 8.78621
197 196 -2.54964
273 196 -2.24899
274 196 0.175937
344 196 0.223495
376 196 0.217927
78 197 0.168608
79 197 0.158711
194 197 0.305468
196 197 -2.54964
197 197 9.78188
316 197 0.238833
317 197 -2.88702
344 197 -2.69692
399 197 -2.51461
80 198 0.563962
83 198 0.602154
198 198 13.1188
199 198 0.191077
201 198 -3.69943
345 198 -3.73985
434 198 0.24891
435 198 -3.29994
472 198 -3.97626
80 199 -3.268
81 199 -3.06342
198 199 0.191077
199 199 10.8022
200 199 -3.03908
269 199 0.143938
270 199 -2.69698
345 199 0.486753
374 199 0.451478
81 200 0.414196
82 200 0.434844
199 200 -3.03908
200 200 11.9357
201 200 0.274389
275 200 0.213097
276 200 -3.41673
345 200 -3.513
377 200 -3.29551
82 201 -4.00502
83 201 -4.255
198 201 -3.69943
200 201 0.274389
201 201 14.4341
345 201 0.515976
456 201 0.34823
457 201 -4.14094
484 201 0.536941
84 202 -0.0353482
87 202 -0.0208691
202 202 2.60809
203 202 0.0989636
205 202 -0.677267
346 202 -0.660625
430 202 0.0687098
431 202 -0.794686
470 202 -0.585722
84 203 -0.819357
85 203 -0.91026
202 203 0.0989636
203 203 3.58672
204 203 -0.938243
277 203 0.137148
278 203 -1.09183
346 203 -0.0216442
378 203 -0.0398329
85 204 -0.00523919
86 204 0.00405261
203 204 -0.938243
204 204 3.13245
205 204 0.0728196
279 204 0.102603
280 204 -0.803661
346 204 -0.739764
379 204 -0.823322
86 205 -0.592003
87 205 -0.523943
202 205 -0.677267
204 205 0.0728196
205 205 2.2579
320 205 -0.574139
321 205 0.0495989
346 205 -0.00959716
401 205 -0.00211608
88 206 -0.820236
91 206 -0.904849
206 206 3.22408
207 206 -0.934047
209 206 0.0705705
318 206 -0.797855
319 206 0.0492087
347 206 0.0597583
400 206 0.0555844
88 207 0.038678
89 207 0.0358736
206 207 -0.934047
207 207 3.68761
208 207 0.102376
279 207 -1.08588
280 207 0.0735068
347 207 -1.00441
379 207 -0.911478
89 208 -1.21351
90 208 -1.32542
207 208 0.102376
208 208 4.84904
209 208 -1.23845
281 208 -1.4276
282 208 0.13871
347 208 0.0606922
380 208 0.0570134
90 209 0.0884319
91 209 0.0834248
206 209 0.0705705
208 209 -1.23845
209 209 4.27748
314 209 -1.0691
315 209 0.0980564
347 209 -1.10228
398 209 -1.20527
92 210 -2.35271
95 210 -2.52768
210 210 9.86289
211 210 0.312747
213 210 -2.63874
348 210 -0.000400987
460 210 0.396801
461 210 -3.00541
486 210 -0.0434064
92 211 -0.044815
93 211 -0.00990636
210 211 0.312747
211 211 7.88374
212 211 -2.09896
283 211 0.242559
284 211 -2.40053
348 211 -2.01612
381 211 -1.86533
93 212 -1.71642
94 212 -1.85861
211 212 -2.09896
212 212 7.00814
213 212 0.243276
281 212 0.186514
282 212 -1.83623
348 212 0.0287365
380 212 0.0470437
94 213 0.0713147
95 213 0.0482623
210 213 -2.63874
212 213 0.243276
213 213 8.80304
316 213 -2.31981
317 213 0.311886
348 213 -2.17444
399 213 -2.34052
96 214 -0.126606
99 214 -0.181703
214 214 6.20385
215 214 -1.68065
217 214 0.299251
349 214 -1.45573
432 214 0.226838
433 214 -1.95068
471 214 -1.33261
96 215 -1.21363
97 215 -1.32989
214 215 -1.68065
215 215 5.43324
216 215 0.236991
277 215 -1.45297
278 215 0.17809
349 215 -0.102977
378 215 -0.066128
97 216 -0.0756929
98 216 -0.12125
215 216 0.236991
216 216 7.01914
217 216 -2.17153
283 216 -1.88625
284 216 0.308422
349 216 -1.58539
381 216 -1.72184
98 217 -1.87657
99 217 -1.73327
214 217 0.299251
216 217 -2.17153
217 217 7.98344
349 217 -0.153436
462 217 0.386415
463 217 -2.51052
487 217 -0.22133
100 218 0.00836897
218 218 0.260601
219 218 -0.00147594
285 218 -0.0810491
350 218 -0.0775798
382 218 -0.0647836
1256 218 0.00425024
1266 218 -0.0471545
1271 218 -0.000904079
100 219 -0.135277
101 219 -0.156796
218 219 -0.00147594
219 219 0.525766
220 219 -0.106197
286 219 -0.153867
287 219 -0.00161557
350 219 0.0116741
383 219 0.0183256
101 220 0.0155434
219 220 -0.106197
220 220 0.348169
309 220 -0.00418433
350 220 -0.0912298
395 220 -0.105764
1257 220 0.00818789
1266 220 -0.00230517
1273 220 -0.0618299
102 221 0.0444018
105 221 0.0552279
221 221 1.69642
222 221 0.00723039
224 221 -0.479087
307 221 0.0133585
308 221 -0.389803
351 221 -0.446912
394 221 -0.499344
102 222 -0.33344
103 222 -0.293977
221 222 0.00723039
222 222 1.13805
223 222 -0.324375
286 222 0.00339144
287 222 -0.255384
351 222 0.0337479
383 222 0.0257896
103 223 0.0244461
104 223 0.0299513
222 223 -0.324375
223 223 1.38922
224 223 0.0184638
288 223 0.0108907
289 223 -0.399603
351 223 -0.397337
384 223 -0.350523
104 224 -0.518472
105 224 -0.578936
221 224 -0.479087
223 224 0.0184638
224 224 2.01594
318 224 0.0292614
319 224 -0.576631
351 224 0.0417686
400 224 0.0492873
106 225 2.81025e-05
109 225 -0.00173464
225 225 0.833264
226 225 -0.200735
228 225 0.0210643
352 225 -0.225663
428 225 0.0119694
429 225 -0.248728
469 225 -0.188905
106 226 -0.157904
107 226 -0.188817
225 226 -0.200735
226 226 0.678211
227 226 0.012423
290 226 -0.157296
291 226 0.00661293
352 226 0.00428566
385 226 0.00373705
107 227 0.00975114
108 227 0.0110732
226 227 0.012423
227 227 1.10214
228 227 -0.322946
288 227 -0.261446
289 227 0.0209773
352 227 -0.264785
384 227 -0.306372
108 228 -0.356291
109 228 -0.308245
225 228 0.0210643
227 228 -0.322946
228 228 1.31855
320 228 0.033803
321 228 -0.391064
352 228 0.00393019
401 228 0.00205914
110 229 0.00337834
229 229 0.179569
230 229 -0.0569329
285 229 0.000220582
353 229 -0.0416281
382 229 -0.0528101
1258 229 0.00158263
1267 229 -9.03764e-05
1271 229 -0.0331143
110 230 -0.0783645
111 230 -0.0617841
229 230 -0.0569329
230 230 0.271955
231 230 0.000977388
290 230 0.00271583
291 230 -0.082733
353 230 0.00165677
385 230 0.0027478
111 231 0.000427211
230 231 0.000977388
231 231 0.104539
353 231 -0.0312066
427 231 -0.0337489
468 231 -0.0215141
1259 231 9.63512e-05
1267 231 -0.0196563
1348 231 0.000180051
1 232 -3.08845
13 232 -3.20957
113 232 -0.891999
125 232 -1.74172
232 232 11.0895
234 232 -1.9338
238 232 -0.971715
354 232 0.350855
402 232 0.422239
0 233 -2.50661
12 233 -2.60395
113 233 -1.53391
125 233 -0.892536
233 233 9.2307
354 233 0.285812
453 233 -0.813452
454 233 -1.37077
497 233 0.227049
1 234 0.360667
5 234 0.432288
114 234 -0.881496
117 234 -2.13765
232 234 -1.9338
234 234 11.8322
236 234 -0.957397
355 234 -3.27774
402 234 -3.41112
2 235 0.241689
4 235 0.301544
114 235 -1.89035
117 235 -0.861108
235 235 11.2678
293 235 -2.08548
294 235 -0.791717
355 235 -3.14511
410 235 -3.01338
5 236 -3.75627
9 236 -3.90381
118 236 -2.4122
122 236 -1.03578
234 236 -0.957397
236 236 13.1962
238 236 -2.18636
356 236 0.584048
402 236 0.499981
6 237 -4.51832
10 237 -4.69503
118 237 -1.00561
122 237 -2.717
237 237 15.5851
297 237 -2.98233
298 237 -1.08046
356 237 0.674358
411 237 0.770769
9 238 0.569052
13 238 0.485021
121 238 -1.05455
126 238 -1.97351
232 238 -0.971715
236 238 -2.18636
238 238 12.3847
357 238 -3.67957
402 238 -3.54511
8 239 0.710845
14 239 0.613689
121 239 -2.23201
126 239 -1.06184
239 239 12.9247
357 239 -3.81434
442 239 -2.00982
443 239 -1.15208
494 239 -3.94928
17 240 1.3374
27 240 1.46966
129 240 -4.57852
140 240 -1.15113
240 240 23.6253
242 240 -1.09209
246 240 -4.98167
358 240 -7.42774
403 240 -7.16066
16 241 1.59596
26 241 1.74879
129 241 -1.23939
140 241 -5.11107
241 241 24.7308
358 241 -7.69974
446 241 -4.69643
447 241 -1.30819
495 241 -7.97663
17 242 -6.60643
21 242 -6.36285
130 242 -4.09623
133 242 -1.03213
240 242 -1.09209
242 242 21.3836
244 242 -4.46284
359 242 1.09421
403 242 1.21226
18 243 -5.59247
20 243 -5.38377
130 243 -1.10099
133 243 -3.65975
243 243 18.2976
297 243 -1.03218
298 243 -3.34799
359 243 0.981008
411 243 0.873077
21 244 1.08994
24 244 1.20262
134 244 -0.950066
137 244 -4.85542
242 244 -4.46284
244 244 22.5529
246 244 -0.99987
360 244 -6.64144
403 244 -6.89854
22 245 0.854015
25 245 0.948024
134 245 -4.34912
137 245 -0.854586
245 245 21.5132
301 245 -0.813548
302 245 -4.7321
360 245 -6.38939
412 245 -6.14242
24 246 -7.46708
27 246 -7.74847
136 246 -5.41339
141 246 -1.04778
240 246 -4.98167
244 246 -0.99987
246 246 24.9033
361 246 1.46065
403 246 1.33461
29 247 0.220331
39 247 0.262756
143 247 -0.439497
154 247 -4.37603
247 247 18.5848
249 247 -4.01613
253 247 -0.456488
362 247 -4.76941
404 247 -4.98515
28 248 0.0356459
38 248 0.0620107
143 248 -3.90609
154 248 -0.337101
248 248 17.6686
362 248 -4.55896
425 248 -0.327592
426 248 -4.26028
489 248 -4.3538
29 249 -4.57605
33 249 -4.78325
144 249 -0.530636
147 249 -3.68516
247 249 -4.01613
249 249 17.5895
251 249 -0.557995
363 249 0.267606
404 249 0.317839
30 250 -3.83532
32 250 -4.01646
144 250 -3.28399
147 250 -0.611027
250 250 14.9624
304 250 -3.00863
305 250 -0.572804
363 250 0.218502
413 250 0.171141
33 251 0.418684
36 251 0.477663
148 251 -4.12623
151 251 -0.582687
249 251 -0.557995
251 251 19.53
253 251 -4.49285
364 251 -5.43243
404 251 -5.20617
34 252 0.630095
37 252 0.706235
148 252 -0.682772
151 252 -4.61137
252 252 20.5058
301 252 -4.23706
302 252 -0.715459
364 252 -5.66391
412 252 -5.90059
36 253 -5.65754
39 253 -5.42221
150 253 -0.469925
155 253 -4.89157
247 253 -0.456488
251 253 -4.49285
253 253 20.6309
365 253 0.418642
404 253 0.368472
41 254 -2.25363
53 254 -2.13798
157 254 -1.57335
169 254 -0.559354
254 254 8.969
256 254 -0.615752
260 254 -1.73223
366 254 -0.0539731
405 254 -0.0248051
40 255 -1.81598
52 255 -1.71806
157 255 -0.580979
169 255 -1.37624
255 255 7.45474
366 255 -0.0794847
449 255 -0.522307
450 255 -1.24449
496 255 -0.101311
41 256 0.0243608
45 256 0.0623041
158 256 -1.79022
161 256 -0.673192
254 256 -0.615752
256 256 10.1041
258 256 -1.96859
367 256 -2.62493
405 256 -2.49813
42 257 0.129198
44 257 0.177853
158 257 -0.702939
161 257 -2.02935
257 257 10.6919
293 257 -0.766194
294 257 -1.84268
367 257 -2.75316
410 257 -2.88269
45 258 -2.76096
49 258 -2.62557
162 258 -0.635081
166 258 -2.15962
256 258 -1.96859
258 258 10.7004
260 258 -0.582669
368 258 0.0441347
405 258 0.00794137
46 259 -3.34568
50 259 -3.18847
162 259 -2.44222
166 259 -0.588549
259 259 12.6838
304 259 -0.635004
305 259 -2.67158
368 259 0.0835835
413 259 0.12603
49 260 -0.0439465
53 260 -0.0715887
165 260 -1.90239
170 260 -0.530782
254 260 -1.73223
258 260 -0.582669
260 260 9.50369
369 260 -2.24926
405 260 -2.37286
48 261 -0.139662
54 261 -0.157334
165 261 -0.495232
170 261 -1.66774
261 261 8.88928
369 261 -2.12742
421 261 -0.448699
422 261 -1.82968
488 261 -2.00745
56 262 -0.285609
66 262 -0.315942
172 262 -0.0129292
183 262 -0.188755
262 262 0.985612
263 262 -0.272435
267 262 -0.0193257
370 262 0.0439954
406 262 0.0666008
56 263 0.0562894
59 263 0.0778106
173 263 -0.0117925
176 263 -0.361898
262 263 -0.272435
263 263 1.32201
265 263 -0.0153193
371 263 -0.376618
406 263 -0.416548
57 264 0.038462
58 264 0.0535194
173 264 -0.231146
176 264 -0.00706344
264 264 1.10256
308 264 -0.307492
309 264 -0.0059231
371 264 -0.338776
414 264 -0.302959
59 265 -0.567423
63 265 -0.622105
177 265 -0.529156
181 265 -0.0180171
263 265 -0.0153193
265 265 1.96189
267 265 -0.418778
372 265 0.11929
406 265 0.0917947
60 266 -0.934423
64 266 -1.01694
