3028
220 220
0 0 7.11336
1 0 -0.294392
2 0 -0.144605
3 0 0.365358
5 0 -0.178721
6 0 -0.0997936
7 0 -0.0489655
10 0 -0.015502
16 0 -0.0458986
17 0 0.259823
20 0 -0.215424
21 0 0.0482776
22 0 -0.520368
23 0 0.172425
28 0 -0.263064
29 0 0.101728
34 0 -0.119584
35 0 0.0188067
36 0 0.622064
37 0 -1.66181
38 0 -1.87417
39 0 0.814411
40 0 -0.125699
41 0 -0.0813414
48 0 -1.02484
49 0 0.153557
50 0 -0.0152873
51 0 0.264959
52 0 -2.36123
53 0 0.883221
54 0 -0.317534
55 0 0.813103
64 0 0.760142
65 0 -1.30649
66 0 -0.0327277
67 0 -0.0471754
68 0 -2.28987
69 0 1.22694
82 0 -0.0268266
83 0 -0.0415668
146 0 -0.198707
147 0 -0.153643
149 0 -0.0457928
0 1 -0.294392
1 1 7.82355
2 1 -0.161251
4 1 0.2225
5 1 -0.14787
8 1 0.011958
9 1 -0.0683769
13 1 -0.0749819
18 1 -0.576761
19 1 0.693904
24 1 -0.562252
25 1 0.214435
26 1 0.0448974
27 1 -0.0453548
30 1 -0.0631929
31 1 0.143908
32 1 -0.799319
33 1 0.287596
38 1 -0.167431
39 1 -0.182893
40 1 0.985506
41 1 -2.40207
42 1 -1.86506
43 1 0.574724
56 1 -0.887447
57 1 2.2902
58 1 -6.1541
59 1 2.39048
60 1 0.255127
61 1 -0.398239
62 1 1.01905
63 1 -0.648834
64 1 -0.0760347
65 1 -0.121407
66 1 0.647087
67 1 -1.09006
68 1 1.21993
69 1 -2.09461
80 1 -0.0170561
81 1 -0.0317963
146 1 0.0323588
148 1 -0.109745
149 1 0.218168
0 2 -0.144605
1 2 -0.161251
2 2 10.0241
3 2 -0.053202
4 2 0.0146596
9 2 0.0888046
10 2 -0.271007
15 2 -0.499943
16 2 0.102038
17 2 -0.27134
18 2 -0.0828953
19 2 0.187126
20 2 0.188989
21 2 -0.587751
24 2 -0.0505099
25 2 0.0155677
32 2 0.0160222
33 2 -0.0582965
34 2 -3.08038
35 2 2.17052
38 2 0.831928
39 2 -2.20768
40 2 -3.16231
41 2 1.01754
48 2 0.824476
49 2 -0.312278
50 2 0.895867
51 2 -2.48174
56 2 -0.422554
57 2 0.31703
58 2 -0.801828
59 2 1.07033
68 2 -0.0684104
69 2 -0.0457091
84 2 2.17679
85 2 -3.99051
86 2 -0.310337
87 2 -0.679224
96 2 0.0106641
97 2 -0.0160286
149 2 -0.131192
150 2 0.405629
157 2 -0.351213
0 3 0.365358
2 3 -0.053202
3 3 13.0236
6 3 -0.00700183
7 3 -0.0720684
10 3 -0.171902
16 3 1.17462
17 3 -0.757017
20 3 -4.58144
21 3 1.26484
22 3 -4.15285
23 3 1.00547
28 3 0.0043575
29 3 -0.0525197
34 3 0.197502
35 3 -0.563481
36 3 0.0306593
37 3 -0.186548
38 3 -0.539494
39 3 0.182456
44 3 1.00717
45 3 -0.286331
48 3 1.84834
49 3 -5.02558
50 3 1.77612
51 3 -0.649502
52 3 0.339547
53 3 -1.04229
54 3 0.0803417
55 3 -0.00642956
98 3 -0.650674
99 3 0.262005
104 3 -0.0717304
105 3 -0.0332522
106 3 0.0151147
107 3 -0.864698
108 3 -0.191894
109 3 0.189127
110 3 2.08015
111 3 -5.83901
112 3 2.29357
113 3 -0.847309
1 4 0.2225
2 4 0.0146596
4 4 2.60566
8 4 -0.0130725
9 4 -0.0439244
13 4 -0.0476935
18 4 0.0805695
19 4 0.141819
24 4 -0.976493
25 4 0.306085
26 4 -0.770468
27 4 0.16436
30 4 -0.165788
31 4 0.0819815
32 4 -0.0568023
33 4 0.0612062
40 4 -0.0492726
41 4 0.04066
42 4 -0.508013
43 4 0.178315
46 4 0.244606
47 4 -0.173281
56 4 -0.258326
57 4 0.379421
58 4 -0.430743
59 4 0.211424
60 4 0.615712
61 4 -1.70118
62 4 0.766753
63 4 -0.293158
100 4 -0.00646404
101 4 0.0168447
102 4 -0.176225
103 4 0.0624769
114 4 0.480443
115 4 -1.29111
116 4 0.502988
117 4 -0.18573
118 4 -0.0167292
119 4 0.0854344
120 4 -0.0815884
121 4 0.0274386
0 5 -0.178721
1 5 -0.14787
5 5 4.47522
6 5 -0.228971
11 5 -0.104324
12 5 -0.0916298
13 5 -0.163551
36 5 -0.134226
37 5 -0.159658
42 5 -0.0793753
43 5 -0.0449875
64 5 -1.25199
65 5 0.815593
66 5 -1.05738
67 5 0.65999
68 5 -0.121963
69 5 -0.0968975
70 5 -0.673944
71 5 0.3823
72 5 -0.781419
73 5 0.448366
76 5 -0.0815194
77 5 -0.036147
78 5 -0.017504
79 5 -0.00305625
80 5 0.682023
81 5 -1.283
82 5 -1.63999
83 5 0.949227
92 5 0.00182644
93 5 -0.00495266
146 5 0.134205
147 5 0.190694
148 5 -0.0193238
153 5 -0.132196
154 5 -0.144011
155 5 -0.0233416
0 6 -0.0997936
3 6 -0.00700183
5 6 -0.228971
6 6 5.95766
7 6 -0.116173
11 6 -0.187536
14 6 -0.230665
16 6 0.00294826
17 6 -0.0737121
22 6 0.0156754
23 6 -0.111297
28 6 -1.59648
29 6 1.04341
36 6 -1.33754
37 6 0.621661
52 6 0.0935442
53 6 0.0425796
54 6 -0.014711
55 6 -0.518255
64 6 -0.0748564
65 6 -0.119214
72 6 -0.0340079
73 6 -0.00959012
74 6 -1.75379
75 6 1.00981
76 6 -1.49472
77 6 0.78528
82 6 0.953898
83 6 -1.77017
88 6 -0.301878
89 6 -0.137927
90 6 -0.0175508
91 6 -0.00229779
147 6 0.00923797
151 6 0.180279
152 6 -0.248998
155 6 -0.171903
0 7 -0.0489655
3 7 -0.0720684
6 7 -0.116173
7 7 11.3063
14 7 0.00204613
16 7 -0.533016
17 7 0.186746
22 7 0.848886
23 7 -3.11409
28 7 0.741489
29 7 -1.87526
36 7 -0.462105
37 7 0.162253
44 7 -0.0093121
45 7 -0.0533546
52 7 -0.597933
53 7 1.63516
54 7 -4.49672
55 7 1.65004
74 7 0.00192119
75 7 0.0286143
88 7 0.72524
89 7 -0.0503081
98 7 -2.68366
99 7 1.74723
110 7 -0.133729
111 7 -0.216773
112 7 0.263977
113 7 -0.428422
126 7 -4.72201
127 7 2.47468
128 7 0.0219728
129 7 -0.0301991
151 7 -0.367333
159 7 -0.311772
170 7 0.271424
1 8 0.011958
4 8 -0.0130725
8 8 0.981538
12 8 -0.0253184
13 8 0.0169872
18 8 0.0411463
19 8 -0.0385412
26 8 0.14055
27 8 -0.401999
30 8 -0.233119
31 8 0.19941
42 8 -0.0413241
43 8 0.0501883
46 8 -0.100138
47 8 0.0352594
60 8 0.274291
61 8 -0.173716
62 8 0.143695
63 8 -0.297241
78 8 -0.0489146
79 8 -0.0378926
94 8 0.137205
95 8 -0.184413
100 8 -0.00767349
101 8 -0.00912556
118 8 -0.0942128
119 8 0.255334
120 8 -0.623524
121 8 0.230536
134 8 -0.02954
135 8 -0.00101758
136 8 -0.251653
137 8 0.106692
156 8 0.0901162
162 8 0.00327938
175 8 -0.0635868
1 9 -0.0683769
2 9 0.0888046
4 9 -0.0439244
9 9 3.93309
15 9 -0.107533
18 9 -0.268629
19 9 0.124611
24 9 0.368645
25 9 -1.55597
32 9 0.509949
33 9 -0.511962
40 9 -0.733223
41 9 0.254881
46 9 0.0250795
47 9 -0.00959526
56 9 -2.67342
57 9 0.963873
58 9 -0.437616
59 9 1.15109
84 9 -0.131101
85 9 -0.171908
96 9 -0.775186
97 9 0.523531
102 9 0.10452
103 9 -0.0801609
114 9 0.0348491
115 9 -0.11175
116 9 0.0330948
117 9 0.0172582
138 9 0.286758
139 9 -0.637424
140 9 0.00860063
141 9 -0.0576513
157 9 0.275856
163 9 -0.0516203
176 9 -0.26567
0 10 -0.015502
2 10 -0.271007
3 10 -0.171902
10 10 19.9962
15 10 0.278041
16 10 -0.115849
17 10 0.029298
20 10 1.46583
21 10 -5.78402
34 10 1.56139
35 10 -3.75429
38 10 0.064404
39 10 -0.297337
44 10 -0.685643
45 10 0.272129
48 10 -0.105057
49 10 0.324627
50 10 -1.84625
51 10 0.662736
84 10 0.0553839
85 10 0.0099728
86 10 -1.2767
87 10 4.23503
104 10 -5.15195
105 10 3.61868
106 10 -6.3634
107 10 2.21083
108 10 -0.886111
109 10 2.45217
122 10 -0.0317454
123 10 0.0500665
124 10 5.53182
125 10 -10.8043
150 10 -0.603843
158 10 -0.522357
169 10 0.610703
5 11 -0.104324
6 11 -0.187536
11 11 2.66942
12 11 -0.0981306
14 11 -0.0612609
70 11 -0.0728903
71 11 -0.0385025
72 11 0.474336
73 11 -0.738566
74 11 -0.134326
75 11 -0.100502
76 11 0.756108
77 11 -1.23116
82 11 -0.0867434
83 11 -0.103848
90 11 0.324114
91 11 -0.454631
92 11 0.40898
93 11 -0.763292
130 11 -0.0275571
131 11 0.00651069
132 11 -0.300493
133 11 0.148789
142 11 -0.484851
143 11 0.224478
144 11 -0.00433649
145 11 0.0200813
152 11 0.189692
153 11 0.0357071
155 11 0.155987
160 11 -0.0413942
161 11 -0.117207
173 11 -0.234985
5 12 -0.0916298
8 12 -0.0253184
11 12 -0.0981306
12 12 1.8703
13 12 -0.102387
30 12 -0.00672427
31 12 -0.0365149
70 12 0.424685
71 12 -0.629619
72 12 -0.0965839
73 12 -0.0711516
78 12 0.418359
79 12 -0.721583
80 12 -0.0595161
81 12 -0.0766203
92 12 -0.698204
93 12 0.406645
94 12 -0.160604
95 12 0.107806
134 12 -0.173121
135 12 0.092077
136 12 0.00512406
137 12 0.0105634
142 12 -0.0251278
143 12 0.0102746
144 12 -0.364222
145 12 0.163932
153 12 0.134659
154 12 0.111419
156 12 -0.0185186
161 12 -0.05115
162 12 -0.0664983
174 12 -0.163111
1 13 -0.0749819
4 13 -0.0476935
5 13 -0.163551
8 13 0.0169872
12 13 -0.102387
13 13 4.75548
18 13 0.208583
19 13 -0.58614
26 13 0.143813
27 13 -0.36789
30 13 0.00530918
31 13 -0.210532
42 13 0.568002
43 13 -1.35292
60 13 1.58363
61 13 -0.623498
62 13 1.69453
63 13 -4.29677
66 13 -0.104357
67 13 -0.119819
70 13 -0.0650155
71 13 -0.0296131
78 13 -0.801537
79 13 0.432818
80 13 -1.15283
81 13 0.677352
94 13 -0.00239154
95 13 0.0128614
148 13 0.162132
154 13 0.00455047
156 13 -0.147591
6 14 -0.230665
7 14 0.00204613
11 14 -0.0612609
14 14 4.27453
28 14 -0.139572
29 14 -0.197811
74 14 0.895599
75 14 -1.63904
76 14 -0.0596494
77 14 -0.0311643
88 14 0.425308
89 14 -0.343544
90 14 -0.378589
91 14 0.274625
126 14 -0.217732
127 14 -0.197106
128 14 -2.29867
129 14 1.42938
130 14 -1.07174
131 14 0.465647
132 14 -0.0109734
133 14 0.0241184
151 14 0.292857
152 14 0.0207898
159 14 0.399641
160 14 -0.17144
164 14 -0.87256
165 14 0.427348
171 14 0.0904746
172 14 -0.334509
2 15 -0.499943
9 15 -0.107533
10 15 0.278041
15 15 7.37407
32 15 -0.106991
33 15 -0.0460199
34 15 -0.239329
35 15 -0.335629
84 15 -3.5026
85 15 1.85909
86 15 0.84254
87 15 0.0110726
96 15 0.470219
97 15 -0.756287
122 15 3.09828
123 15 -5.06591
124 15 -0.325673
125 15 -0.356596
138 15 0.0355885
139 15 6.2008e-05
140 15 0.42492
141 15 -0.914175
150 15 0.49654
157 15 0.0150892
158 15 0.659794
163 15 -0.227271
166 15 0.987175
167 15 -2.11116
168 15 0.203568
177 15 -0.442783
0 16 -0.0458986
2 16 0.102038
3 16 1.17462
6 16 0.00294826
7 16 -0.533016
10 16 -0.115849
16 16 23.4816
17 16 -5.02356
20 16 -1.24433
21 16 0.202034
22 16 -4.89835
23 16 1.71275
28 16 0.0932881
29 16 -0.365459
34 16 -0.31085
35 16 -0.578605
36 16 0.0130594
37 16 0.1089
38 16 0.892271
39 16 -0.31819
48 16 -1.45328
49 16 -10.5281
50 16 3.00685
51 16 0.704685
52 16 1.92771
53 16 -9.63175
54 16 2.46924
55 16 -0.689277
0 17 0.259823
2 17 -0.27134
3 17 -0.757017
6 17 -0.0737121
7 17 0.186746
10 17 0.029298
16 17 -5.02356
17 17 18.0092
20 17 0.420564
21 17 -0.0560331
22 17 1.79966
23 17 -0.62509
28 17 -0.256947
29 17 -0.353189
34 17 -0.418261
35 17 0.0833414
36 17 0.183835
37 17 -0.893319
38 17 -2.40656
39 17 0.827228
48 17 -7.88022
49 17 1.96582
50 17 -0.707126
51 17 2.23784
52 17 -7.18828
53 17 -1.6106
54 17 0.815411
55 17 1.82202
1 18 -0.576761
2 18 -0.0828953
4 18 0.0805695
8 18 0.0411463
9 18 -0.268629
13 18 0.208583
18 18 9.72254
19 18 -3.29764
24 18 -1.92953
25 18 0.764657
26 18 0.345532
27 18 -0.197097
30 18 -0.124563
31 18 -0.371734
32 18 0.34347
33 18 -0.278054
40 18 0.293823
41 18 -0.416203
42 18 2.09704
43 18 -0.75711
56 18 1.38796
57 18 -4.48374
58 18 3.25147
59 18 -1.37794
60 18 0.893111
61 18 -3.71575
62 18 -2.72087
63 18 1.18735
1 19 0.693904
2 19 0.187126
4 19 0.141819
8 19 -0.0385412
9 19 0.124611
13 19 -0.58614
18 19 -3.29764
19 19 16.252
24 19 0.858644
25 19 -0.356775
26 19 -0.392675
27 19 0.170896
30 19 0.219084
31 19 -0.205814
32 19 -0.42764
33 19 -0.513495
40 19 -0.760048
41 19 1.07055
42 19 -5.65722
43 19 2.06264
56 19 1.32417
57 19 -2.90259
58 19 -7.27256
59 19 2.20574
60 19 -1.05961
61 19 2.86525
62 19 -6.18697
63 19 1.51136
0 20 -0.215424
2 20 0.188989
3 20 -4.58144
10 20 1.46583
16 20 -1.24433
17 20 0.420564
20 20 24.3986
21 20 -11.7358
34 20 -0.665952
35 20 1.82242
38 20 0.456723
39 20 -0.743743
44 20 -5.98123
45 20 2.33787
48 20 -0.623241
49 20 -0.293643
50 20 -5.79929
51 20 2.3427
104 20 0.137667
105 20 0.149308
106 20 0.233544
107 20 -0.917357
108 20 0.342092
109 20 -0.740747
0 21 0.0482776
2 21 -0.587751
3 21 1.26484
10 21 -5.78402
16 21 0.202034
17 21 -0.0560331
20 21 -11.7358
21 21 25.9053
34 21 1.97626
35 21 -5.35996
38 21 -0.306022
39 21 0.532941
44 21 2.15394
45 21 -0.870359
48 21 0.390605
49 21 -0.605299
50 21 0.220173
51 21 -0.833968
104 21 -1.47717
105 21 0.00681582
106 21 -0.371668
107 21 -6.884
108 21 2.79808
109 21 0.165119
0 22 -0.520368
3 22 -4.15285
6 22 0.0156754
7 22 0.848886
16 22 -4.89835
17 22 1.79966
22 22 21.8996
23 22 -9.17238
28 22 0.0361163
29 22 -0.0321115
36 22 -0.142775
37 22 0.336387
44 22 -0.659854
45 22 -0.258999
52 22 -0.3123
53 22 -1.04208
54 22 0.51351
55 22 -0.062498
98 22 1.99796
99 22 -0.822909
110 22 -6.0725
111 22 -1.72411
112 22 0.613795
113 22 2.54091
0 23 0.172425
3 23 1.00547
6 23 -0.111297
7 23 -3.11409
16 23 1.71275
17 23 -0.62509
22 23 -9.17238
23 23 20.3962
28 23 0.135606
29 23 -0.517569
36 23 0.269473
37 23 -0.631872
44 23 -0.107461
45 23 0.229927
52 23 2.06015
53 23 -5.07536
54 23 -1.41513
55 23 -0.153191
98 23 -5.40874
99 23 2.15827
110 23 -2.13702
111 23 1.37534
112 23 -1.1181
113 23 0.76048
1 24 -0.562252
2 24 -0.0505099
4 24 -0.976493
9 24 0.368645
18 24 -1.92953
19 24 0.858644
24 24 5.53249
25 24 -2.84727
32 24 0.237601
33 24 -0.273931
40 24 0.0979853
41 24 0.280896
46 24 0.0905177
47 24 -0.0137575
56 24 1.12304
57 24 -0.52425
58 24 0.503503
59 24 -0.929005
102 24 0.65161
103 24 -0.238586
114 24 -0.207258
115 24 0.0233266
116 24 -1.90518
117 24 0.763982
1 25 0.214435
2 25 0.0155677
4 25 0.306085
9 25 -1.55597
18 25 0.764657
19 25 -0.356775
24 25 -2.84727
25 25 6.66849
32 25 -0.512814
33 25 0.387294
40 25 0.365825
41 25 -0.861118
46 25 -0.113488
47 25 0.0348543
56 25 -0.421675
57 25 -2.68802
58 25 1.16688
59 25 0.487147
102 25 -1.86256
103 25 0.696412
114 25 -0.0688678
115 25 0.421014
116 25 0.149737
117 25 -0.293696
1 26 0.0448974
4 26 -0.770468
8 26 0.14055
13 26 0.143813
18 26 0.345532
19 26 -0.392675
26 26 3.83719
27 26 -1.46502
30 26 0.432143
31 26 -0.218428
42 26 0.165447
43 26 -0.566895
46 26 -1.11615
47 26 0.412669
60 26 -1.5402
61 26 -0.600934
62 26 0.505026
63 26 0.699791
100 26 0.0231677
101 26 -0.0744391
118 26 -0.0980426
119 26 -0.103657
120 26 0.335155
121 26 -0.0772677
1 27 -0.0453548
4 27 0.16436
8 27 -0.401999
13 27 -0.36789
18 27 -0.197097
19 27 0.170896
26 27 -1.46502
27 27 2.92455
30 27 -1.04843
31 27 0.505587
42 27 0.121979
43 27 0.110652
46 27 0.390633
47 27 -0.141224
60 27 -0.59271
61 27 0.852494
62 27 -0.69326
63 27 0.491539
100 27 -0.0194388
101 27 0.0796789
118 27 0.405175
119 27 -1.01749
120 27 -0.132188
121 27 -0.0520812
0 28 -0.263064
3 28 0.0043575
6 28 -1.59648
7 28 0.741489
14 28 -0.139572
16 28 0.0932881
17 28 -0.256947
22 28 0.0361163
23 28 0.135606
28 28 15.3597
29 28 -6.81933
36 28 -2.14413
37 28 0.767568
52 28 1.55308
53 28 -0.711272
54 28 1.84008
55 28 -5.40485
74 28 0.215174
75 28 0.124742
88 28 1.25452
89 28 0.876628
151 28 -5.58764
0 29 0.101728
3 29 -0.0525197
6 29 1.04341
7 29 -1.87526
14 29 -0.197811
16 29 -0.365459
17 29 -0.353189
22 29 -0.0321115
23 29 -0.517569
28 29 -6.81933
29 29 19.2829
36 29 0.823906
37 29 -0.306231
52 29 0.852711
53 29 2.1163
54 29 -7.37559
55 29 -1.90746
74 29 -0.267594
75 29 -0.0291295
88 29 -5.82094
89 29 1.21553
151 29 0.607546
1 30 -0.0631929
4 30 -0.165788
8 30 -0.233119
12 30 -0.00672427
13 30 0.00530918
18 30 -0.124563
19 30 0.219084
26 30 0.432143
27 30 -1.04843
30 30 3.81174
31 30 -1.67223
42 30 0.226763
43 30 -0.344869
60 30 -2.1578
61 30 0.702293
62 30 -0.886108
63 30 2.00595
78 30 0.168753
79 30 0.0898844
94 30 0.0967993
95 30 -0.506912
156 30 -0.542546
1 31 0.143908
4 31 0.0819815
8 31 0.19941
12 31 -0.0365149
13 31 -0.210532
18 31 -0.371734
19 31 -0.205814
26 31 -0.218428
27 31 0.505587
30 31 -1.67223
31 31 6.67889
42 31 -0.597022
43 31 0.910093
60 31 -2.02697
61 31 0.916872
62 31 1.22445
63 31 -3.94638
78 31 -0.626757
79 31 0.103554
94 31 0.163894
95 31 0.0513932
156 31 -1.04779
1 32 -0.799319
2 32 0.0160222
4 32 -0.0568023
9 32 0.509949
15 32 -0.106991
18 32 0.34347
19 32 -0.42764
24 32 0.237601
25 32 -0.512814
32 32 19.4474
33 32 -4.88653
40 32 -7.76253
41 32 2.80822
56 32 4.27128
57 32 -1.58687
58 32 2.66503
59 32 -10.4916
84 32 0.410998
85 32 -2.21884
96 32 0.0879155
97 32 0.355602
157 32 -2.19112
1 33 0.287596
2 33 -0.0582965
4 33 0.0612062
9 33 -0.511962
15 33 -0.0460199
18 33 -0.278054
19 33 -0.513495
24 33 -0.273931
25 33 0.387294
32 33 -4.88653
33 33 13.2066
40 33 2.90199
41 33 -1.04086
56 33 -6.76182
57 33 1.70756
58 33 1.58461
59 33 -3.52532
84 33 0.345033
85 33 0.578377
96 33 -1.24488
97 33 0.258595
157 33 -2.13
0 34 -0.119584
2 34 -3.08038
3 34 0.197502
10 34 1.56139
15 34 -0.239329
16 34 -0.31085
17 34 -0.418261
20 34 -0.665952
21 34 1.97626
34 34 28.1261
35 34 -13.058
38 34 0.344403
39 34 -1.38844
48 34 2.54908
49 34 0.604253
50 34 -0.983531
51 34 -9.71029
84 34 -0.220308
85 34 2.71405
86 34 1.93788
87 34 2.78813
150 34 -12.4441
0 35 0.0188067
2 35 2.17052
3 35 -0.563481
10 35 -3.75429
15 35 -0.335629
16 35 -0.578605
17 35 0.0833414
20 35 1.82242
21 35 -5.35996
34 35 -13.058
35 35 34.981
38 35 -0.0436742
39 35 0.277498
48 35 -0.690071
49 35 3.42416
50 35 -12.9927
51 35 2.02346
84 35 -0.547684
85 35 -0.974994
86 35 2.57235
87 35 -12.8303
150 35 4.61391
0 36 0.622064
3 36 0.0306593
5 36 -0.134226
6 36 -1.33754
7 36 -0.462105
16 36 0.0130594
17 36 0.183835
22 36 -0.142775
23 36 0.269473
28 36 -2.14413
29 36 0.823906
36 36 11.7479
37 36 -4.72852
52 36 0.081172
53 36 -0.285675
54 36 0.542997
55 36 -1.5139
64 36 0.557227
65 36 0.630187
82 36 0.4398
83 36 -1.70327
147 36 -3.42927
0 37 -1.66181
3 37 -0.186548
5 37 -0.159658
6 37 0.621661
7 37 0.162253
16 37 0.1089
17 37 -0.893319
22 37 0.336387
23 37 -0.631872
28 37 0.767568
29 37 -0.306231
36 37 -4.72852
37 37 12.8053
52 37 -1.36029
53 37 0.488916
54 37 0.869566
55 37 -2.13887
64 37 0.729672
65 37 -3.22666
82 37 0.34937
83 37 0.258127
147 37 -2.12542
0 38 -1.87417
1 38 -0.167431
2 38 0.831928
3 38 -0.539494
10 38 0.064404
16 38 0.892271
17 38 -2.40656
20 38 0.456723
21 38 -0.306022
34 38 0.344403
35 38 -0.0436742
38 38 14.4881
39 38 -5.93495
40 38 0.701414
41 38 0.666713
48 38 -1.00572
49 38 0.378807
50 38 -0.0457661
51 38 -0.625003
68 38 -2.24009
69 38 0.559045
149 38 -4.10836
0 39 0.814411
1 39 -0.182893
2 39 -2.20768
3 39 0.182456
10 39 -0.297337
16 39 -0.31819
17 39 0.827228
20 39 -0.743743
21 39 0.532941
34 39 -1.38844
35 39 0.277498
38 39 -5.93495
39 39 15.1748
40 39 -3.71116
41 39 0.8401
48 39 -2.39132
49 39 0.921958
50 39 0.305794
51 39 -0.750423
68 39 0.372851
69 39 0.437888
149 39 -2.66073
0 40 -0.125699
1 40 0.985506
2 40 -3.16231
4 40 -0.0492726
9 40 -0.733223
18 40 0.293823
19 40 -0.760048
24 40 0.0979853
25 40 0.365825
32 40 -7.76253
33 40 2.90199
38 40 0.701414
39 40 -3.71116
40 40 19.1283
41 40 -7.5227
56 40 -0.65758
57 40 -0.955914
58 40 3.06386
59 40 -0.421304
68 40 0.370454
69 40 0.247744
149 40 -2.23872
0 41 -0.0813414
1 41 -2.40207
2 41 1.01754
4 41 0.04066
9 41 0.254881
18 41 -0.416203
19 41 1.07055
24 41 0.280896
25 41 -0.861118
32 41 2.80822
33 41 -1.04086
38 41 0.666713
39 41 0.8401
40 41 -7.5227
41 41 16.8093
56 41 3.3232
57 41 -0.449685
58 41 -0.795565
59 41 -8.32925
68 41 0.278678
69 41 -1.51444
149 41 -3.94224
1 42 -1.86506
4 42 -0.508013
5 42 -0.0793753
8 42 -0.0413241
13 42 0.568002
18 42 2.09704
19 42 -5.65722
26 42 0.165447
27 42 0.121979
30 42 0.226763
31 42 -0.597022
42 42 12.729
43 42 -4.73762
60 42 -0.840003
61 42 -0.178319
62 42 -1.22763
63 42 2.66165
66 42 0.435922
67 42 -2.30475
80 42 0.11311
81 42 0.207355
148 42 -1.2598
1 43 0.574724
4 43 0.178315
5 43 -0.0449875
8 43 0.0501883
13 43 -1.35292
18 43 -0.75711
19 43 2.06264
26 43 -0.566895
27 43 0.110652
30 43 -0.344869
31 43 0.910093
42 43 -4.73762
43 43 10.898
60 43 -0.0576286
61 43 2.29825
62 43 -5.76811
63 43 -1.37797
66 43 0.398019
67 43 0.535406
80 43 -0.793162
81 43 0.148565
148 43 -2.34773
3 44 1.00717
7 44 -0.0093121
10 44 -0.685643
20 44 -5.98123
21 44 2.15394
22 44 -0.659854
23 44 -0.107461
44 44 35.452
45 44 -9.32557
98 44 -0.603999
99 44 -0.89091
104 44 -0.923831
105 44 0.478318
106 44 4.66953
107 44 -16.2867
108 44 6.14018
109 44 -2.35598
110 44 3.89234
111 44 -14.9824
112 44 -4.89912
113 44 2.32238
3 45 -0.286331
7 45 -0.0533546
10 45 0.272129
20 45 2.33787
21 45 -0.870359
22 45 -0.258999
23 45 0.229927
44 45 -9.32557
45 45 44.7959
98 45 0.449854
99 45 -0.788821
104 45 -0.838665
105 45 -1.18549
106 45 2.19064
107 45 -4.69165
108 45 -20.7286
109 45 5.94373
110 45 -2.26671
111 45 5.98742
112 45 -19.1403
113 45 5.00255
4 46 0.244606
8 46 -0.100138
9 46 0.0250795
24 46 0.0905177
25 46 -0.113488
26 46 -1.11615
27 46 0.390633
46 46 3.17434
47 46 -0.560696
100 46 0.0233138
101 46 -0.0398456
102 46 -0.104469
103 46 -0.0744523
114 46 -0.356113
115 46 -1.53811
116 46 0.496389
117 46 0.169166
118 46 0.380955
119 46 -1.20369
120 46 0.278658
121 46 -0.127629
4 47 -0.173281
8 47 0.0352594
9 47 -0.00959526
24 47 -0.0137575
25 47 0.0348543
26 47 0.412669
27 47 -0.141224
46 47 -0.560696
47 47 1.0947
100 47 -0.0107486
101 47 -0.0409741
102 47 0.0494807
103 47 -0.0362133
114 47 -0.52189
115 47 0.471682
116 47 -0.203864
117 47 0.173594
118 47 -0.386563
119 47 -0.319351
120 47 0.143299
121 47 0.0847975
0 48 -1.02484
2 48 0.824476
3 48 1.84834
10 48 -0.105057
16 48 -1.45328
17 48 -7.88022
20 48 -0.623241
21 48 0.390605
34 48 2.54908
35 48 -0.690071
38 48 -1.00572
39 48 -2.39132
48 48 32.3695
49 48 -10.8068
50 48 5.6261
51 48 -17.436
0 49 0.153557
2 49 -0.312278
3 49 -5.02558
10 49 0.324627
16 49 -10.5281
17 49 1.96582
20 49 -0.293643
21 49 -0.605299
34 49 0.604253
35 49 3.42416
38 49 0.378807
39 49 0.921958
48 49 -10.8068
49 49 41.9602
50 49 -22.9583
51 49 1.04629
0 50 -0.0152873
2 50 0.895867
3 50 1.77612
10 50 -1.84625
16 50 3.00685
17 50 -0.707126
20 50 -5.79929
21 50 0.220173
34 50 -0.983531
35 50 -12.9927
38 50 -0.0457661
39 50 0.305794
48 50 5.6261
49 50 -22.9583
50 50 44.9828
51 50 -11.1642
0 51 0.264959
2 51 -2.48174
3 51 -0.649502
10 51 0.662736
16 51 0.704685
17 51 2.23784
20 51 2.3427
21 51 -0.833968
34 51 -9.71029
35 51 2.02346
38 51 -0.625003
39 51 -0.750423
48 51 -17.436
49 51 1.04629
50 51 -11.1642
51 51 34.5949
0 52 -2.36123
3 52 0.339547
6 52 0.0935442
7 52 -0.597933
16 52 1.92771
17 52 -7.18828
22 52 -0.3123
23 52 2.06015
28 52 1.55308
29 52 0.852711
36 52 0.081172
37 52 -1.36029
52 52 28.3729
53 52 -10.0808
54 52 0.100992
55 52 -13.3139
0 53 0.883221
3 53 -1.04229
6 53 0.0425796
7 53 1.63516
16 53 -9.63175
17 53 -1.6106
22 53 -1.04208
23 53 -5.07536
28 53 -0.711272
29 53 2.1163
36 53 -0.285675
37 53 0.488916
52 53 -10.0808
53 53 36.8563
54 53 -17.636
55 53 5.30962
0 54 -0.317534
3 54 0.0803417
6 54 -0.014711
7 54 -4.49672
16 54 2.46924
17 54 0.815411
22 54 0.51351
23 54 -1.41513
28 54 1.84008
29 54 -7.37559
36 54 0.542997
37 54 0.869566
52 54 0.100992
53 54 -17.636
54 54 33.7434
55 54 -9.55126
0 55 0.813103
3 55 -0.00642956
6 55 -0.518255
7 55 1.65004
16 55 -0.689277
17 55 1.82202
22 55 -0.062498
23 55 -0.153191
28 55 -5.40485
29 55 -1.90746
36 55 -1.5139
37 55 -2.13887
52 55 -13.3139
53 55 5.30962
54 55 -9.55126
55 55 25.7953
1 56 -0.887447
2 56 -0.422554
4 56 -0.258326
9 56 -2.67342
18 56 1.38796
19 56 1.32417
24 56 1.12304
25 56 -0.421675
32 56 4.27128
33 56 -6.76182
40 56 -0.65758
41 56 3.3232
56 56 22.8199
57 56 -11.0133
58 56 -2.49449
59 56 -8.60649
1 57 2.2902
2 57 0.31703
4 57 0.379421
9 57 0.963873
18 57 -4.48374
19 57 -2.90259
24 57 -0.52425
25 57 -2.68802
32 57 -1.58687
33 57 1.70756
40 57 -0.955914
41 57 -0.449685
56 57 -11.0133
57 57 19.2299
58 57 -7.65657
59 57 7.40559
1 58 -6.1541
2 58 -0.801828
4 58 -0.430743
9 58 -0.437616
18 58 3.25147
19 58 -7.27256
24 58 0.503503
25 58 1.16688
32 58 2.66503
33 58 1.58461
40 58 3.06386
41 58 -0.795565
56 58 -2.49449
57 58 -7.65657
58 58 31.4672
59 58 -17.6071
1 59 2.39048
2 59 1.07033
4 59 0.211424
9 59 1.15109
18 59 -1.37794
19 59 2.20574
24 59 -0.929005
25 59 0.487147
32 59 -10.4916
33 59 -3.52532
40 59 -0.421304
41 59 -8.32925
56 59 -8.60649
57 59 7.40559
58 59 -17.6071
59 59 36.4484
1 60 0.255127
4 60 0.615712
8 60 0.274291
13 60 1.58363
18 60 0.893111
19 60 -1.05961
26 60 -1.5402
27 60 -0.59271
30 60 -2.1578
31 60 -2.02697
42 60 -0.840003
43 60 -0.0576286
60 60 11.1654
61 60 -6.16945
62 60 4.99327
63 60 -5.32473
1 61 -0.398239
4 61 -1.70118
8 61 -0.173716
13 61 -0.623498
18 61 -3.71575
19 61 2.86525
26 61 -0.600934
27 61 0.852494
30 61 0.702293
31 61 0.916872
42 61 -0.178319
43 61 2.29825
60 61 -6.16945
61 61 13.9527
62 61 -6.16904
63 61 -1.83513
1 62 1.01905
4 62 0.766753
8 62 0.143695
13 62 1.69453
18 62 -2.72087
19 62 -6.18697
26 62 0.505026
27 62 -0.69326
30 62 -0.886108
31 62 1.22445
42 62 -1.22763
43 62 -5.76811
60 62 4.99327
61 62 -6.16904
62 62 24.1447
63 62 -10.8028
1 63 -0.648834
4 63 -0.293158
8 63 -0.297241
13 63 -4.29677
18 63 1.18735
19 63 1.51136
26 63 0.699791
27 63 0.491539
30 63 2.00595
31 63 -3.94638
42 63 2.66165
43 63 -1.37797
60 63 -5.32473
61 63 -1.83513
62 63 -10.8028
63 63 20.2849
0 64 0.760142
1 64 -0.0760347
5 64 -1.25199
6 64 -0.0748564
36 64 0.557227
37 64 0.729672
64 64 11.0874
65 64 -4.50331
66 64 -1.96156
67 64 0.405266
68 64 0.501115
69 64 0.371584
82 64 -1.20923
83 64 0.246625
146 64 -2.24373
147 64 -3.31056
0 65 -1.30649
1 65 -0.121407
5 65 0.815593
6 65 -0.119214
36 65 0.630187
37 65 -3.22666
64 65 -4.50331
65 65 13.0855
66 65 0.308744
67 65 0.467829
68 65 -2.22902
69 65 0.450605
82 65 0.174983
83 65 0.300142
146 65 -2.85467
147 65 -1.824
0 66 -0.0327277
1 66 0.647087
5 66 -1.05738
13 66 -0.104357
42 66 0.435922
43 66 0.398019
64 66 -1.96156
65 66 0.308744
66 66 9.79426
67 66 -3.74962
68 66 0.329783
69 66 0.37444
80 66 0.341739
81 66 -1.2872
146 66 -1.9422
148 66 -2.46644
0 67 -0.0471754
1 67 -1.09006
5 67 0.65999
13 67 -0.119819
42 67 -2.30475
43 67 0.535406
64 67 0.405266
65 67 0.467829
66 67 -3.74962
67 67 10.4804
68 67 0.207821
69 67 -1.565
80 67 0.256582
81 67 0.196254
146 67 -2.73635
148 67 -1.56122
0 68 -2.28987
1 68 1.21993
2 68 -0.0684104
5 68 -0.121963
38 68 -2.24009
39 68 0.372851
40 68 0.370454
41 68 0.278678
64 68 0.501115
65 68 -2.22902
66 68 0.329783
67 68 0.207821
68 68 13.9692
69 68 -6.09082
146 68 -1.95826
149 68 -2.20216
0 69 1.22694
1 69 -2.09461
2 69 -0.0457091
5 69 -0.0968975
38 69 0.559045
39 69 0.437888
40 69 0.247744
41 69 -1.51444
64 69 0.371584
65 69 0.450605
66 69 0.37444
67 69 -1.565
68 69 -6.09082
69 69 12.6994
146 69 -2.29515
149 69 -2.62982
5 70 -0.673944
11 70 -0.0728903
12 70 0.424685
13 70 -0.0650155
70 70 6.9385
71 70 -2.30253
72 70 -1.82025
73 70 0.364695
78 70 0.232282
79 70 0.11221
80 70 0.248241
81 70 -1.27284
92 70 0.0403494
93 70 0.137042
153 70 -0.845078
154 70 -1.41771
5 71 0.3823
11 71 -0.0385025
12 71 -0.629619
13 71 -0.0296131
70 71 -2.30253
71 71 5.38171
72 71 0.424978
73 71 0.288532
78 71 0.169531
79 71 -0.846752
80 71 0.199193
81 71 0.303271
92 71 -0.487958
93 71 0.116512
153 71 -1.71605
154 71 -1.20368
5 72 -0.781419
6 72 -0.0340079
11 72 0.474336
12 72 -0.0965839
70 72 -1.82025
71 72 0.424978
72 72 7.7379
73 72 -2.64923
76 72 0.325195
77 72 0.22588
82 72 -1.26309
83 72 0.160827
92 72 0.168064
93 72 0.0815293
153 72 -1.02591
155 72 -1.8997
5 73 0.448366
6 73 -0.00959012
11 73 -0.738566
12 73 -0.0711516
70 73 0.364695
71 73 0.288532
72 73 -2.64923
73 73 6.61041
76 73 0.168558
77 73 -1.18545
82 73 0.322926
83 73 0.250556
92 73 0.222495
93 73 -0.750383
153 73 -1.78735
155 73 -1.46802
6 74 -1.75379
7 74 0.00192119
11 74 -0.134326
14 74 0.895599
28 74 0.215174
29 74 -0.267594
74 74 11.7579
75 74 -4.82036
76 74 -1.28423
77 74 0.363768
88 74 0.72951
89 74 0.577845
90 74 0.303188
91 74 0.465528
151 74 -4.03154
152 74 -2.952
6 75 1.00981
7 75 0.0286143
11 75 -0.100502
14 75 -1.63904
28 75 0.124742
29 75 -0.0291295
74 75 -4.82036
75 75 10.2545
76 75 0.244328
77 75 0.203168
88 75 0.399648
89 75 -2.52035
90 75 -2.16723
91 75 0.517179
151 75 -0.239475
152 75 -1.22304
5 76 -0.0815194
6 76 -1.49472
11 76 0.756108
14 76 -0.0596494
72 76 0.325195
73 76 0.168558
74 76 -1.28423
75 76 0.244328
76 76 9.50415
77 76 -3.84083
82 76 0.316419
83 76 -1.6955
90 76 0.178828
91 76 -0.00636819
152 76 -1.01356
155 76 -1.97062
5 77 -0.036147
6 77 0.78528
11 77 -1.23116
14 77 -0.0311643
72 77 0.22588
73 77 -1.18545
74 77 0.363768
75 77 0.203168
76 77 -3.84083
77 77 7.54431
82 77 0.274151
83 77 0.407637
90 77 0.143931
91 77 -0.638037
152 77 -1.31648
155 77 -1.64896
5 78 -0.017504
8 78 -0.0489146
12 78 0.418359
13 78 -0.801537
30 78 0.168753
31 78 -0.626757
70 78 0.232282
71 78 0.169531
78 78 5.26856
79 78 -2.16934
80 78 -0.840435
81 78 0.0926487
94 78 0.0174228
95 78 0.107068
154 78 -1.3468
156 78 -0.599616
5 79 -0.00305625
8 79 -0.0378926
12 79 -0.721583
13 79 0.432818
30 79 0.0898844
31 79 0.103554
70 79 0.11221
71 79 -0.846752
78 79 -2.16934
79 79 4.61434
80 79 0.21856
81 79 0.175597
94 79 -0.517353
95 79 0.144601
154 79 -1.02274
156 79 -0.557586
1 80 -0.0170561
5 80 0.682023
12 80 -0.0595161
13 80 -1.15283
42 80 0.11311
43 80 -0.793162
66 80 0.341739
67 80 0.256582
70 80 0.248241
71 80 0.199193
78 80 -0.840435
79 80 0.21856
80 80 6.98465
81 80 -3.38379
148 80 -1.53251
154 80 -1.24606
1 81 -0.0317963
5 81 -1.283
12 81 -0.0766203
13 81 0.677352
42 81 0.207355
43 81 0.148565
66 81 -1.2872
67 81 0.196254
70 81 -1.27284
71 81 0.303271
78 81 0.0926487
79 81 0.175597
80 81 -3.38379
81 81 7.8312
148 81 -1.23228
154 81 -1.03659
0 82 -0.0268266
5 82 -1.63999
6 82 0.953898
11 82 -0.0867434
36 82 0.4398
37 82 0.34937
64 82 -1.20923
65 82 0.174983
72 82 -1.26309
73 82 0.322926
76 82 0.316419
77 82 0.274151
82 82 9.94782
83 82 -4.7373
147 82 -2.08547
155 82 -1.70258
0 83 -0.0415668
5 83 0.949227
6 83 -1.77017
11 83 -0.103848
36 83 -1.70327
37 83 0.258127
64 83 0.246625
65 83 0.300142
72 83 0.160827
73 83 0.250556
76 83 -1.6955
77 83 0.407637
82 83 -4.7373
83 83 10.7944
147 83 -1.78523
155 83 -1.49312
2 84 2.17679
9 84 -0.131101
10 84 0.0553839
15 84 -3.5026
32 84 0.410998
33 84 0.345033
34 84 -0.220308
35 84 -0.547684
84 84 17.542
85 84 -9.50147
86 84 -5.90746
87 84 1.09194
96 84 0.54598
97 84 -2.11106
150 84 1.99996
157 84 -2.13592
2 85 -3.99051
9 85 -0.171908
10 85 0.0099728
15 85 1.85909
32 85 -2.21884
33 85 0.578377
34 85 2.71405
35 85 -0.974994
84 85 -9.50147
85 85 20.1504
86 85 1.33468
87 85 1.67593
96 85 0.45048
97 85 0.221481
150 85 -9.19904
157 85 -2.76695
2 86 -0.310337
10 86 -1.2767
15 86 0.84254
34 86 1.93788
35 86 2.57235
84 86 -5.90746
85 86 1.33468
86 86 27.2548
87 86 -3.4541
122 86 0.999472
123 86 -5.91642
124 86 2.17351
125 86 2.68095
150 86 -11.0303
158 86 -11.6316
2 87 -0.679224
10 87 4.23503
15 87 0.0110726
34 87 2.78813
35 87 -12.8303
84 87 1.09194
85 87 1.67593
86 87 -3.4541
87 87 38.5878
122 87 1.76122
123 87 1.13551
124 87 2.35846
125 87 -13.0886
150 87 -11.201
158 87 -11.564
6 88 -0.301878
7 88 0.72524
14 88 0.425308
28 88 1.25452
29 88 -5.82094
74 88 0.72951
75 88 0.399648
88 88 19.7617
89 88 -3.41016
126 88 -5.93293
127 88 1.06634
128 88 0.422921
129 88 0.76463
151 88 -4.774
159 88 -4.94201
6 89 -0.137927
7 89 -0.0503081
14 89 -0.343544
28 89 0.876628
29 89 1.21553
74 89 0.577845
75 89 -2.52035
88 89 -3.41016
89 89 14.1891
126 89 1.28668
127 89 0.984142
128 89 -2.50033
129 89 0.426074
151 89 -5.0798
159 89 -5.39393
6 90 -0.0175508
11 90 0.324114
14 90 -0.378589
74 90 0.303188
75 90 -2.16723
76 90 0.178828
77 90 0.143931
90 90 6.94334
91 90 -2.04589
130 90 -1.10952
131 90 0.373143
132 90 0.214273
133 90 0.269375
152 90 -1.08233
160 90 -1.7914
6 91 -0.00229779
11 91 -0.454631
14 91 0.274625
74 91 0.465528
75 91 0.517179
76 91 -0.00636819
77 91 -0.638037
90 91 -2.04589
91 91 6.26821
130 91 0.186681
131 91 0.15651
132 91 -1.45935
133 91 0.401955
152 91 -2.54468
160 91 -0.992868
5 92 0.00182644
11 92 0.40898
12 92 -0.698204
70 92 0.0403494
71 92 -0.487958
72 92 0.168064
73 92 0.222495
92 92 4.23312
93 92 -2.03027
142 92 0.114055
143 92 0.10176
144 92 -0.538523
145 92 0.167045
153 92 -0.988163
161 92 -0.653492
5 93 -0.00495266
11 93 -0.763292
12 93 0.406645
70 93 0.137042
71 93 0.116512
72 93 0.0815293
73 93 -0.750383
92 93 -2.03027
93 93 4.65639
142 93 -0.739319
143 93 0.209793
144 93 0.0456546
145 93 0.0963703
153 93 -0.815353
161 93 -0.571452
8 94 0.137205
12 94 -0.160604
13 94 -0.00239154
30 94 0.0967993
31 94 0.163894
78 94 0.0174228
79 94 -0.517353
94 94 3.09441
95 94 -0.838677
134 94 -0.906409
135 94 0.244664
136 94 0.0197365
137 94 0.0593246
156 94 -0.968185
162 94 -0.362405
8 95 -0.184413
12 95 0.107806
13 95 0.0128614
30 95 -0.506912
31 95 0.0513932
78 95 0.107068
79 95 0.144601
94 95 -0.838677
95 95 2.34695
134 95 0.172948
135 95 0.109182
136 95 -0.243742
137 95 0.110752
156 95 -0.586332
162 95 -0.757179
2 96 0.0106641
9 96 -0.775186
15 96 0.470219
32 96 0.0879155
33 96 -1.24488
84 96 0.54598
85 96 0.45048
96 96 8.26849
97 96 -3.06914
138 96 0.418842
139 96 -1.30823
140 96 0.267837
141 96 0.348735
157 96 -2.50281
163 96 -1.78095
2 97 -0.0160286
9 97 0.523531
15 97 -0.756287
32 97 0.355602
33 97 0.258595
84 97 -2.11106
85 97 0.221481
96 97 -3.06914
97 97 9.63107
138 97 0.258
139 97 0.151488
140 97 0.57656
141 97 -1.99543
157 97 -2.12275
163 97 -1.63925
3 98 -0.650674
7 98 -2.68366
22 98 1.99796
23 98 -5.40874
44 98 -0.603999
45 98 0.449854
98 98 28.9795
99 98 -12.1797
110 98 -11.7714
111 98 3.36387
112 98 -2.21933
113 98 5.61165
126 98 0.330294
127 98 0.127504
170 98 -9.67553
3 99 0.262005
7 99 1.74723
22 99 -0.822909
23 99 2.15827
44 99 -0.89091
45 99 -0.788821
98 99 -12.1797
99 99 35.0846
110 99 -5.34647
111 99 2.38993
112 99 4.34554
113 99 -15.259
126 99 -0.349316
127 99 -0.0452009
170 99 0.790074
4 100 -0.00646404
8 100 -0.00767349
26 100 0.0231677
27 100 -0.0194388
46 100 0.0233138
47 100 -0.0107486
100 100 0.248306
101 100 -0.207341
118 100 0.0571947
119 100 -0.0936118
120 100 0.189345
121 100 -0.130222
136 100 0.0494847
137 100 0.0172177
175 100 -0.0975306
4 101 0.0168447
8 101 -0.00912556
26 101 -0.0744391
27 101 0.0796789
46 101 -0.0398456
47 101 -0.0409741
100 101 -0.207341
101 101 0.896053
118 101 0.0761927
119 101 0.204151
120 101 -0.551072
121 101 -0.157118
136 101 -0.168305
137 101 0.0325618
175 101 -0.0870585
4 102 -0.176225
9 102 0.10452
24 102 0.65161
25 102 -1.86256
46 102 -0.104469
47 102 0.0494807
102 102 4.88337
103 102 -1.0507
114 102 -0.245845
115 102 0.633044
116 102 -2.5392
117 102 0.701685
138 102 0.194975
139 102 -0.890064
176 102 -0.261915
4 103 0.0624769
9 103 -0.0801609
24 103 -0.238586
25 103 0.696412
46 103 -0.0744523
47 103 -0.0362133
102 103 -1.0507
103 103 2.03842
114 103 0.228013
115 103 0.230671
116 103 -0.48828
117 103 -0.929581
138 103 0.103962
139 103 0.2476
176 103 -0.645035
3 104 -0.0717304
10 104 -5.15195
20 104 0.137667
21 104 -1.47717
44 104 -0.923831
45 104 -0.838665
104 104 51.9532
105 104 -22.8016
106 104 -20.0306
107 104 5.30714
108 104 2.07582
109 104 -4.06872
124 104 -0.605834
125 104 4.87904
169 104 -21.6117
3 105 -0.0332522
10 105 3.61868
20 105 0.149308
21 105 0.00681582
44 105 0.478318
45 105 -1.18549
104 105 -22.8016
105 105 61.9794
106 105 6.55249
107 105 -2.41075
108 105 6.74145
109 105 -25.377
124 105 -0.983119
125 105 -1.52048
169 105 7.49558
3 106 0.0151147
10 106 -6.3634
20 106 0.233544
21 106 -0.371668
44 106 4.66953
45 106 2.19064
104 106 -20.0306
105 106 6.55249
106 106 67.3415
107 106 -34.8859
108 106 -1.26651
109 106 -20.3993
3 107 -0.864698
10 107 2.21083
20 107 -0.917357
21 107 -6.884
44 107 -16.2867
45 107 -4.69165
104 107 5.30714
105 107 -2.41075
106 107 -34.8859
107 107 62.7885
108 107 -19.7302
109 107 13.9874
3 108 -0.191894
10 108 -0.886111
20 108 0.342092
21 108 2.79808
44 108 6.14018
45 108 -20.7286
104 108 2.07582
105 108 6.74145
106 108 -1.26651
107 108 -19.7302
108 108 78.9533
109 108 -44.0544
3 109 0.189127
10 109 2.45217
20 109 -0.740747
21 109 0.165119
44 109 -2.35598
45 109 5.94373
104 109 -4.06872
105 109 -25.377
106 109 -20.3993
107 109 13.9874
108 109 -44.0544
109 109 84.5362
3 110 2.08015
7 110 -0.133729
22 110 -6.0725
23 110 -2.13702
44 110 3.89234
45 110 -2.26671
98 110 -11.7714
99 110 -5.34647
110 110 51.4444
111 110 -27.1975
112 110 13.041
113 110 -17.9883
3 111 -5.83901
7 111 -0.216773
22 111 -1.72411
23 111 1.37534
44 111 -14.9824
45 111 5.98742
98 111 3.36387
99 111 2.38993
110 111 -27.1975
111 111 55.5682
112 111 -18.6379
113 111 -2.50049
3 112 2.29357
7 112 0.263977
22 112 0.613795
23 112 -1.1181
44 112 -4.89912
45 112 -19.1403
98 112 -2.21933
99 112 4.34554
110 112 13.041
111 112 -18.6379
112 112 70.333
113 112 -34.742
3 113 -0.847309
7 113 -0.428422
22 113 2.54091
23 113 0.76048
44 113 2.32238
45 113 5.00255
98 113 5.61165
99 113 -15.259
110 113 -17.9883
111 113 -2.50049
112 113 -34.742
113 113 65.5636
4 114 0.480443
9 114 0.0348491
24 114 -0.207258
25 114 -0.0688678
46 114 -0.356113
47 114 -0.52189
102 114 -0.245845
103 114 0.228013
114 114 2.38341
115 114 -1.36939
116 114 1.20059
117 114 -1.42079
4 115 -1.29111
9 115 -0.11175
24 115 0.0233266
25 115 0.421014
46 115 -1.53811
47 115 0.471682
102 115 0.633044
103 115 0.230671
114 115 -1.36939
115 115 6.59548
116 115 -3.93048
117 115 -0.231821
4 116 0.502988
9 116 0.0330948
24 116 -1.90518
25 116 0.149737
46 116 0.496389
47 116 -0.203864
102 116 -2.5392
103 116 -0.48828
114 116 1.20059
115 116 -3.93048
116 116 8.21857
117 116 -1.64409
4 117 -0.18573
9 117 0.0172582
24 117 0.763982
25 117 -0.293696
46 117 0.169166
47 117 0.173594
102 117 0.701685
103 117 -0.929581
114 117 -1.42079
115 117 -0.231821
116 117 -1.64409
117 117 3.05919
4 118 -0.0167292
8 118 -0.0942128
26 118 -0.0980426
27 118 0.405175
46 118 0.380955
47 118 -0.386563
100 118 0.0571947
101 118 0.0761927
118 118 1.40773
119 118 -0.939256
120 118 -0.129773
121 118 -0.553306
4 119 0.0854344
8 119 0.255334
26 119 -0.103657
27 119 -1.01749
46 119 -1.20369
47 119 -0.319351
100 119 -0.0936118
101 119 0.204151
118 119 -0.939256
119 119 4.23353
120 119 -1.80171
121 119 0.613539
4 120 -0.0815884
8 120 -0.623524
26 120 0.335155
27 120 -0.132188
46 120 0.278658
47 120 0.143299
100 120 0.189345
101 120 -0.551072
118 120 -0.129773
119 120 -1.80171
120 120 3.0011
121 120 -0.694958
4 121 0.0274386
8 121 0.230536
26 121 -0.0772677
27 121 -0.0520812
46 121 -0.127629
47 121 0.0847975
100 121 -0.130222
101 121 -0.157118
118 121 -0.553306
119 121 0.613539
120 121 -0.694958
121 121 0.903766
10 122 -0.0317454
15 122 3.09828
86 122 0.999472
87 122 1.76122
122 122 30.7094
123 122 -14.9853
124 122 2.67239
125 122 -0.935972
158 122 -10.0164
166 122 -0.327706
167 122 -0.811705
168 122 3.54905
10 123 0.0500665
15 123 -5.06591
86 123 -5.91642
87 123 1.13551
122 123 -14.9853
123 123 23.9546
124 123 -0.0911037
125 123 -0.529604
158 123 1.70782
166 123 0.102936
167 123 1.62635
168 123 -8.51881
10 124 5.53182
15 124 -0.325673
86 124 2.17351
87 124 2.35846
104 124 -0.605834
105 124 -0.983119
122 124 2.67239
123 124 -0.0911037
124 124 43.4296
125 124 -24.634
158 124 -13.7673
169 124 4.34401
10 125 -10.8043
15 125 -0.356596
86 125 2.68095
87 125 -13.0886
104 125 4.87904
105 125 -1.52048
122 125 -0.935972
123 125 -0.529604
124 125 -24.634
125 125 46.7602
158 125 4.47016
169 125 -17.6671
7 126 -4.72201
14 126 -0.217732
88 126 -5.93293
89 126 1.28668
98 126 0.330294
99 126 -0.349316
126 126 24.0702
127 126 -11.5813
128 126 0.0190848
129 126 -0.179938
159 126 0.282497
170 126 -7.78171
7 127 2.47468
14 127 -0.197106
88 127 1.06634
89 127 0.984142
98 127 0.127504
99 127 -0.0452009
126 127 -11.5813
127 127 22.4226
128 127 0.272568
129 127 -0.16495
159 127 -6.19581
170 127 -0.228928
7 128 0.0219728
14 128 -2.29867
88 128 0.422921
89 128 -2.50033
126 128 0.0190848
127 128 0.272568
128 128 12.3541
129 128 -7.05857
159 128 -0.5903
164 128 0.110098
165 128 0.201441
171 128 -3.85645
7 129 -0.0301991
14 129 1.42938
88 129 0.76463
89 129 0.426074
126 129 -0.179938
127 129 -0.16495
128 129 -7.05857
129 129 15.8451
159 129 -4.37473
164 129 -0.275379
165 129 -0.015067
171 129 0.603026
11 130 -0.0275571
14 130 -1.07174
90 130 -1.10952
91 130 0.186681
130 130 4.78817
131 130 -1.97109
132 130 0.029898
133 130 -0.121778
160 130 -0.0724912
164 130 -0.910228
165 130 0.200496
172 130 -0.0526279
11 131 0.00651069
14 131 0.465647
90 131 0.373143
91 131 0.15651
130 131 -1.97109
131 131 2.6653
132 131 -0.049744
133 131 0.171898
160 131 -1.05653
164 131 0.27166
165 131 0.109345
172 131 -0.741906
11 132 -0.300493
14 132 -0.0109734
90 132 0.214273
91 132 -1.45935
130 132 0.029898
131 132 -0.049744
132 132 3.8032
133 132 -1.06196
142 132 -0.640595
143 132 0.195604
160 132 -0.196636
173 132 -0.639742
11 133 0.148789
14 133 0.0241184
90 133 0.269375
91 133 0.401955
130 133 -0.121778
131 133 0.171898
132 133 -1.06196
133 133 2.20479
142 133 0.138001
143 133 0.0777042
160 133 -1.40967
173 133 -0.472369
8 134 -0.02954
12 134 -0.173121
94 134 -0.906409
95 134 0.172948
134 134 2.24042
135 134 -0.633453
136 134 0.0100295
137 134 -0.0371367
144 134 -0.437938
145 134 0.108617
162 134 -0.0492181
174 134 -0.329325
8 135 -0.00101758
12 135 0.092077
94 135 0.244664
95 135 0.109182
134 135 -0.633453
135 135 1.07804
136 135 -0.0193442
137 135 0.0741845
144 135 0.11198
145 135 0.0488583
162 135 -0.65198
174 135 -0.287497
8 136 -0.251653
12 136 0.00512406
94 136 0.0197365
95 136 -0.243742
100 136 0.0494847
