13891
835 835
0 0 10.0312
0 31 -0.1863
0 32 -0.160116
0 35 -0.25574
0 36 -0.541288
0 39 0.110638
0 97 0.0209999
0 102 -0.0403097
0 109 1.1364
0 110 -3.39994
0 111 -2.25965
0 112 0.877816
0 125 1.80639
0 126 -2.76716
0 127 -4.08557
0 128 2.33292
0 141 0.123546
0 142 -0.222877
0 363 -0.088181
0 364 -0.0653774
0 499 0.225441
0 500 -0.112053
0 505 0.0302439
0 506 -0.0695739
0 539 -0.447409
0 540 0.141839
0 545 -0.256423
0 546 0.0911393
0 547 -0.50011
0 548 -0.335122
0 571 -0.0781731
0 572 -0.0919094
0 595 -0.175738
0 707 1.30346
0 708 -0.937958
0 709 0.418376
0 710 -0.648493
0 787 -2.36889
0 788 0.842616
0 789 -0.283932
0 790 0.780319
0 803 0.20062
0 819 -0.0658688
1 1 4.88026
1 30 -0.0553664
1 41 -0.147541
1 42 0.0335823
1 45 -0.11833
1 96 -0.054582
1 103 -1.27434
1 104 0.483635
1 149 0.610422
1 150 -1.06394
1 151 -0.255629
1 152 0.0521719
1 165 0.49874
1 166 -0.887742
1 399 -0.0168245
1 400 -0.0296927
1 423 -0.0412877
1 424 -0.0577058
1 491 -0.580713
1 492 0.211098
1 497 -0.460023
1 498 0.174705
1 577 -0.0806419
1 578 -0.0742498
1 619 -0.079004
1 635 0.00766731
1 691 -4.54774
1 692 1.76114
1 693 -0.660627
1 694 1.70157
1 823 0.07511
2 2 5.96882
2 33 -0.0923503
2 40 -0.245902
2 47 -0.223746
2 49 -0.24984
2 51 -0.111518
2 99 -0.00673793
2 117 0.583071
2 118 -1.28135
2 143 -1.86056
2 144 1.02083
2 173 0.940492
2 174 -1.71
2 181 1.10048
2 182 -1.82601
2 189 0.863396
2 190 -1.43806
2 417 -0.0488039
2 418 -0.0624637
2 447 -0.057246
2 448 -0.0701142
2 471 -0.148943
2 472 -0.222271
2 515 -0.103525
2 516 0.0179346
2 521 -0.0657636
2 522 0.00719332
2 583 -0.109763
2 584 -0.0860774
2 631 -0.0916165
2 651 -0.119356
2 667 0.0891644
2 739 -0.527976
2 740 0.0639862
2 741 0.0141357
2 742 0.0949534
2 827 0.00984365
3 3 1
4 4 1
5 5 1
6 6 1
7 7 1
8 8 1
9 9 1
10 10 7.9767
10 30 -0.0906659
10 31 -0.134128
10 82 0.290562
10 92 -0.270492
10 93 -0.15727
10 96 0.0178941
10 97 -0.078751
10 105 0.663472
10 106 -2.03951
10 107 -2.29888
10 108 0.876923
10 311 0.643093
10 312 -0.513793
10 351 -1.96147
10 352 1.11954
10 355 -1.13974
10 356 0.68957
10 491 0.178711
10 492 -0.0879538
10 493 0.0659375
10 494 -0.0635812
10 499 -0.794049
10 500 0.292009
10 501 -0.693767
10 502 0.258626
10 573 -0.132835
10 574 -0.126443
10 579 -0.0426448
10 580 -0.0523725
10 589 -0.0851214
10 590 -0.106552
10 695 1.2288
10 696 -0.58034
10 697 0.339355
10 698 -0.772727
10 711 -6.4426
10 712 2.43156
10 713 -0.933122
10 714 2.46541
10 820 0.102905
10 824 -0.0549953
10 831 0.0213868
11 11 7.11284
11 32 -0.139033
11 33 -0.116188
11 88 0.28869
11 92 -0.319673
11 94 -0.203245
11 99 -0.0378727
11 102 -0.0143289
11 113 0.793419
11 114 -1.83582
11 115 -1.74056
11 116 0.684287
11 335 0.297196
11 336 -0.147743
11 353 1.32734
11 354 -2.42527
11 359 -1.47299
11 360 0.879275
11 519 -0.399673
11 520 0.131175
11 521 -0.254704
11 522 0.0926017
11 543 -0.194964
11 544 0.0466302
11 545 -0.112501
11 546 0.0239459
11 575 -0.127694
11 576 -0.104008
11 585 -0.071376
11 586 -0.0616483
11 593 -0.0837412
11 594 -0.0750943
11 751 -2.25984
11 752 0.824032
11 753 -0.288801
11 754 0.773827
11 799 -1.02854
11 800 0.240412
11 801 -0.0453886
11 802 0.261784
11 821 -0.0177
11 828 -0.0769935
11 833 -0.105085
12 12 20.0532
12 34 -0.397472
12 35 -0.328282
12 87 -0.201538
12 89 0.343236
12 90 -1.41543
12 101 -0.100822
12 102 -0.0182248
12 121 3.12007
12 122 -4.72569
12 123 -4.23322
12 124 1.90321
12 331 -5.91118
12 332 1.53733
12 339 4.01
12 340 -1.11006
12 343 -11.0106
12 344 5.75914
12 535 -0.658818
12 536 0.24862
12 537 -1.07752
12 538 0.358434
12 539 -0.33669
12 540 0.0726426
12 541 -0.124555
12 542 0.0262022
12 549 -0.103246
12 550 -0.0852262
12 555 -0.853095
12 556 -0.652031
12 565 -0.138428
12 566 -0.0915775
12 783 -6.12454
12 784 2.12011
12 785 -0.816525
12 786 2.30392
12 791 -1.84209
12 792 0.323971
12 793 -0.0794761
12 794 0.586428
12 804 -0.314531
12 808 0.301495
12 815 -0.249061
13 13 7.12694
13 36 -0.437116
13 37 -0.297455
13 66 -0.122529
13 67 -0.157269
13 89 0.205941
13 91 -0.649339
13 129 1.63754
13 130 -3.14578
13 131 -2.36884
13 132 1.28158
13 247 -0.860178
13 248 0.546235
13 251 -1.2491
13 252 0.655871
13 341 -0.155563
13 342 1.05626
13 347 -4.36837
13 348 2.50397
13 365 -0.100179
13 366 -0.0651518
13 371 -0.00633835
13 372 0.000477828
13 381 -0.0127135
13 382 -0.0347667
13 551 -0.166003
13 552 -0.209971
13 561 -0.150322
13 562 -0.351387
13 569 -0.21695
13 570 -0.196048
13 596 0.0206031
13 600 -0.220614
13 607 -0.127546
13 805 0.2578
13 812 0.100498
13 817 0.313325
14 14 3.88526
14 38 0.0234826
14 39 0.0555217
14 66 -0.0953003
14 68 -0.10454
14 83 -0.0530549
14 97 -0.0468431
14 98 0.00255013
14 137 0.0165804
14 138 -0.0296343
14 139 -0.330024
14 140 0.289848
14 249 0.447515
14 250 -0.675815
14 255 -0.819767
14 256 0.438223
14 315 -1.61961
14 316 0.406304
14 367 -0.102533
14 368 -0.0856643
14 377 0.00164993
14 378 -0.00516624
14 385 -0.0559072
14 386 -0.0260639
14 503 -0.26377
14 504 0.109027
14 505 -0.488983
14 506 0.170699
14 507 -0.017352
14 508 -0.00732589
14 509 0.0353061
14 510 -0.0176116
14 597 0.121987
14 604 -0.132368
14 609 -0.012031
14 719 -2.49435
14 720 0.906365
14 721 -0.376223
14 722 1.0039
14 727 0.0960367
14 728 -0.151984
14 729 0.0644881
14 730 -0.0496404
15 15 4.46568
15 40 -0.213115
15 41 -0.180328
15 73 -0.119034
15 74 -0.110385
15 93 -0.140883
15 94 -0.154084
15 145 0.882297
15 146 -1.55136
15 147 -1.37314
15 148 0.748953
15 277 0.518204
15 278 -0.86765
15 281 0.474078
15 282 -0.803137
15 357 0.623758
15 358 -1.00535
15 361 0.69021
15 362 -1.0916
15 421 -0.077734
15 422 -0.0563029
15 427 -0.0424355
15 428 -0.0337886
15 431 -0.0318392
15 432 -0.02612
15 581 -0.0593562
15 582 -0.078029
15 587 -0.100971
15 588 -0.112376
15 591 -0.0779863
15 592 -0.0883012
15 633 -0.00632422
15 637 -0.077625
15 640 -0.06612
15 825 -0.0043153
15 829 0.089269
15 832 0.0666222
16 16 0.967007
16 42 0.0124363
16 43 0.0030041
16 69 -0.0360218
16 71 -0.0200163
16 81 -0.00718656
16 95 -0.00774031
16 96 0.00593324
16 153 0.0929625
16 154 -0.133182
16 155 -0.0249274
16 156 0.00211445
16 261 0.148808
16 262 -0.296092
16 267 -0.141975
16 268 0.104063
16 307 -0.361883
16 308 0.108428
16 391 0.00315805
16 392 -0.00069094
16 401 -0.0251242
16 402 -0.0215065
16 409 -0.0105024
16 410 -0.0230272
16 483 -0.0592244
16 484 0.0230001
16 485 -0.0918508
16 486 0.0327996
16 495 0.0302056
16 496 -0.0224866
16 497 0.0225349
16 498 -0.0202221
16 613 -0.036957
16 620 0.0384991
16 625 0.00886232
16 679 -0.660291
16 680 0.259078
16 681 -0.0960985
16 682 0.24491
16 703 0.199869
16 704 -0.128302
16 705 0.083671
16 706 -0.164337
17 17 1.88419
17 44 -0.0620238
17 45 -0.0942743
17 70 -0.0377852
17 71 -0.030925
17 72 -0.090164
17 74 -0.0721488
17 161 0.260658
17 162 -0.488021
17 163 -0.674367
17 164 0.384082
17 265 0.156152
17 266 -0.271323
17 269 0.142387
17 270 -0.204305
17 273 0.37318
17 274 -0.653825
17 279 -0.505538
17 280 0.326656
17 397 -0.00140249
17 398 0.0024465
17 403 -0.0377976
17 404 -0.0209351
17 407 -0.00101767
17 408 -0.00573555
17 415 -0.0124692
17 416 -0.0288873
17 425 -0.0427742
17 426 -0.0490806
17 433 -0.0487778
17 434 -0.0601829
17 617 -0.0866412
17 621 -0.00210217
17 624 -0.0394151
17 629 -0.0200437
17 636 0.0554139
17 641 0.0614742
18 18 2.66618
18 46 -0.0833683
18 47 -0.149459
18 72 -0.106558
18 73 -0.0917219
18 75 -0.0604797
18 77 -0.0563448
18 169 0.348887
18 170 -0.661595
18 171 -1.03776
18 172 0.605807
18 271 -0.808424
18 272 0.442445
18 275 -0.649483
18 276 0.410749
18 285 0.255485
18 286 -0.435235
18 291 -0.399001
18 292 0.28451
18 413 -0.00749814
18 414 -0.021158
18 419 -0.0674516
18 420 -0.0611452
18 429 -0.060098
18 430 -0.0414252
18 439 -0.00144372
18 440 -0.00529271
18 449 -0.0857042
18 450 -0.0705078
18 457 -0.0138664
18 458 -0.0291539
18 628 -0.0641566
18 632 0.0775794
18 639 0.0232283
18 645 -0.112095
18 652 0.0869685
18 657 -0.0145639
19 19 4.16957
19 48 -0.136919
19 49 -0.201572
19 76 -0.160681
19 77 -0.0672536
19 78 -0.288595
19 80 0.00038365
19 177 0.591486
19 178 -1.03381
19 179 -1.45677
19 180 0.783654
19 289 0.667628
19 290 -1.35567
19 293 0.31279
19 294 -0.435215
19 297 1.14419
19 298 -1.95682
19 303 -0.123928
19 304 0.258242
19 445 -0.00600426
19 446 -0.00215527
19 451 -0.0531767
19 452 -0.0367891
19 455 -0.0154308
19 456 -0.034965
19 463 -0.0668098
19 464 -0.156172
19 473 -0.0982629
19 474 -0.125012
19 481 -0.118452
19 482 -0.131695
19 649 -0.161779
19 653 0.0162333
19 656 -0.0929753
19 661 0.0446659
19 668 0.153268
19 673 0.189851
20 20 11.4156
20 50 -0.157977
20 51 -0.137645
20 79 -0.629081
20 80 0.000639416
20 85 -0.0505275
20 99 -0.0571493
20 100 0.00264665
20 185 1.48334
20 186 -2.44665
20 187 -2.11572
20 188 0.917414
20 301 2.58857
20 302 -4.83589
20 305 0.116758
20 306 0.500602
20 323 -3.02329
20 324 0.788644
20 469 -0.379154
20 470 -0.289791
20 475 -0.0653023
20 476 -0.0545496
20 479 -0.0904716
20 480 -0.0612322
20 515 -0.546274
20 516 0.191437
20 517 -0.549825
20 518 0.196524
20 527 -0.00713324
20 528 -0.038391
20 529 -0.0971033
20 530 -0.014279
20 665 0.133998
20 669 -0.191875
20 672 -0.147896
20 743 -4.66365
20 744 1.69614
20 745 -0.629822
20 746 1.72684
20 767 -0.210724
20 768 -0.188243
20 769 0.192938
20 770 -0.241167
21 21 1
22 22 1
23 23 1
24 24 1
25 25 1
26 26 1
27 27 1
28 28 2.56713
28 81 -0.0173915
28 82 0.152711
28 83 -0.0325068
28 84 0.0652775
28 95 0.00217088
28 96 -0.0304597
28 97 0.00805017
28 98 -0.0155193
28 309 0.192057
28 310 -0.814937
28 313 -0.0266445
28 314 0.172179
28 317 0.261843
28 318 -0.917215
28 321 -0.160467
28 322 0.241189
28 485 0.0257659
28 486 -0.0123813
28 487 0.00024427
28 488 -0.00754092
28 493 -0.315201
28 494 0.111247
28 495 -0.166157
28 496 0.0701213
28 501 0.0153214
28 502 -0.0266037
28 503 0.0479627
28 504 -0.0360369
28 509 -0.171929
28 510 0.0622198
28 511 -0.134458
28 512 0.0498786
28 683 0.136995
28 684 -0.115676
28 685 0.0482545
28 686 -0.0605316
28 699 -1.57222
28 700 0.644919
28 701 -0.243776
28 702 0.576224
28 715 0.282369
28 716 -0.254033
28 717 0.134302
28 718 -0.203411
28 731 -1.37108
28 732 0.521328
28 733 -0.195152
28 734 0.514017
29 29 12.9638
29 85 -0.0954108
29 86 0.615085
29 87 -0.146029
29 88 0.430163
29 99 -0.00831821
29 100 -0.0926265
29 101 -0.00812943
29 102 -0.0628321
29 325 1.07091
29 326 -4.2661
29 329 -0.466129
29 330 1.07176
29 333 1.20036
29 334 -4.48048
29 337 -0.687933
29 338 1.14844
29 517 -0.0583133
29 518 0.000400627
29 519 -0.208645
29 520 0.0334313
29 525 -0.947607
29 526 0.323683
29 527 -0.628332
29 528 0.239464
29 533 -0.237347
29 534 0.0277498
29 535 -0.0683582
29 536 -0.0172042
29 541 -0.585164
29 542 0.208526
29 543 -0.637451
29 544 0.216028
29 747 -1.02126
29 748 0.0693122
29 749 0.020716
29 750 0.265947
29 763 -5.61506
29 764 2.13992
29 765 -0.777827
29 766 1.99524
29 779 -0.93417
29 780 0.00920268
29 781 0.114492
29 782 0.0377685
29 795 -5.21092
29 796 1.84415
29 797 -0.682053
29 798 1.92494
30 1 -0.0553664
30 10 -0.0906659
30 30 6.37242
30 41 -0.116302
30 42 0.0157483
30 82 -0.0661981
30 93 -0.204918
30 96 0.212479
30 103 0.480008
30 104 -1.51495
30 105 -1.73944
30 106 0.663202
30 149 -0.036108
30 150 -0.0283845
30 151 0.154006
30 152 -0.0753411
30 311 -0.683756
30 312 0.250159
30 355 -0.105278
30 356 -0.0988855
30 491 0.30072
30 492 -0.35793
30 493 0.214866
30 494 -0.57121
30 497 -0.0576874
30 498 0.0716722
30 577 -0.844837
30 578 0.509185
30 579 -1.48224
30 580 0.847989
30 581 -0.0617436
30 582 -0.0806682
30 691 -0.680017
30 692 1.13552
30 693 -0.524616
30 694 0.295893
30 695 2.09956
30 696 -0.791616
30 697 2.05066
30 698 -5.45375
30 823 -0.0495429
30 824 0.0890021
30 826 0.0145218
31 0 -0.1863
31 10 -0.134128
31 31 9.80119
31 32 -0.344263
31 39 -0.0923626
31 82 0.0196627
31 92 -0.2037
31 97 0.385061
31 107 0.881471
31 108 -2.66506
31 109 -2.961
31 110 1.12715
31 111 -0.163314
31 112 -0.156922
31 141 0.336917
31 142 -0.912268
31 311 0.20264
31 312 -0.100223
31 351 -0.059241
31 352 -0.070973
31 499 1.0871
31 500 -0.708587
31 501 -0.0676269
31 502 0.0524586
31 505 0.30648
31 506 -0.829297
31 571 -2.50163
31 572 1.42508
31 573 -1.47388
31 574 0.893978
31 575 -0.135359
31 576 -0.111421
31 707 2.86137
31 708 -7.52303
31 709 2.84771
31 710 -1.08623
31 711 -0.859207
31 712 0.380339
31 713 -0.622288
31 714 1.28673
31 819 0.116818
31 820 -0.0604373
31 822 0.0282622
32 0 -0.160116
32 11 -0.139033
32 31 -0.344263
32 32 7.75754
32 35 -0.0182559
32 88 -0.0393394
32 92 -0.222364
32 102 0.343903
32 109 -0.108591
32 110 -0.132277
32 111 0.881871
32 112 -2.08546
32 113 -2.01345
32 114 0.787495
32 125 0.0323499
32 126 -0.134552
32 335 -0.258147
32 336 0.0928022
32 353 -0.0710786
32 354 -0.0828106
32 539 0.0619214
32 540 -0.24273
32 543 0.137208
32 544 -0.425446
32 545 0.521422
32 546 -0.222925
32 571 1.42961
32 572 -2.61624
32 573 -0.0899971
32 574 -0.0838568
32 575 -1.60981
32 576 0.963147
32 787 0.346891
32 788 -0.0771067
32 789 0.331699
32 790 -1.27857
32 799 0.783673
32 800 -0.288919
32 801 0.840357
32 802 -2.33266
32 819 -0.0314875
32 821 -0.0714259
32 822 -0.111835
33 2 -0.0923503
33 11 -0.116188
33 33 6.32747
33 40 -0.178665
33 51 -0.0357481
33 88 -0.0104369
33 94 -0.286886
33 99 0.234491
33 115 0.693079
33 116 -1.56555
33 117 -1.44783
33 118 0.570228
33 143 -0.0576055
33 144 -0.049882
33 189 0.0898942
33 190 -0.244363
33 335 -0.0892343
33 336 0.0153966
33 359 -0.12019
33 360 -0.0965038
33 515 0.123337
33 516 -0.369357
33 519 0.0317536
33 520 -0.147999
33 521 0.0940272
33 522 -0.0760115
33 583 -1.29692
33 584 0.771378
33 585 -2.17338
33 586 1.19107
33 587 -0.06341
33 588 -0.0745634
33 739 0.746533
33 740 -0.281914
33 741 0.790194
33 742 -2.1415
33 751 0.176268
33 752 -0.0142871
33 753 0.149404
33 754 -0.774375
33 827 -0.0825715
33 828 -0.00392293
33 830 -0.0983455
34 12 -0.397472
34 34 26.447
34 87 -0.0142915
34 90 0.453071
34 101 -0.296257
34 119 3.88025
34 120 -5.82993
34 121 -5.32815
34 122 2.42446
34 331 -0.379781
34 332 0.0637075
34 343 -0.152759
34 344 -0.134739
34 531 0.384961
34 532 -1.00138
34 535 -0.00638124
34 536 -0.0654545
34 537 -8.26037
34 538 2.15843
34 553 -14.185
34 554 7.44237
34 555 5.10762
34 556 -1.39509
34 557 -0.196094
34 558 -0.142757
34 771 3.54401
34 772 -1.27861
34 773 3.26579
34 774 -9.26039
34 783 0.459318
34 784 0.0350793
34 785 0.0910332
34 786 -1.68399
34 807 0.352074
34 808 -0.349755
34 810 -0.26916
35 0 -0.25574
35 12 -0.328282
35 32 -0.0182559
35 35 14.7053
35 36 0.24713
35 87 -0.0651148
35 89 -1.04672
35 102 -0.126384
35 111 -0.277237
35 112 0.068904
35 123 2.42822
35 124 -3.70421
35 125 -3.22705
35 126 1.42619
35 127 -0.0612798
35 128 -0.0432596
35 331 -0.709412
35 332 0.230822
35 339 -0.666091
35 340 -0.483065
35 539 -4.06399
35 540 1.04959
35 541 0.154591
35 542 -0.420169
35 545 0.0407195
35 546 -0.144574
35 547 3.03905
35 548 -0.856673
35 549 -8.20831
35 550 4.27337
35 551 -0.0479446
35 552 -0.088308
35 787 0.592392
35 788 -1.74142
35 789 0.412808
35 790 -0.13028
35 791 1.43604
35 792 -0.4978
35 793 1.32285
35 794 -3.90777
35 803 -0.279213
35 804 0.25101
35 806 -0.228867
36 0 -0.541288
36 13 -0.437116
36 35 0.24713
36 36 9.52401
36 39 -0.163372
36 66 -0.23363
36 89 -0.821403
36 125 -0.221752
36 126 -0.177783
36 127 2.05311
36 128 -4.0126
36 129 -3.35665
36 130 1.88342
36 141 -0.0769322
36 142 -0.111959
36 247 -0.0519119
36 248 -0.037102
36 341 -0.43626
36 342 -0.253234
36 363 -1.14627
36 364 0.726189
36 365 -1.81437
36 366 0.978471
36 367 -0.0503059
36 368 -0.0347398
36 547 -0.28239
36 548 1.52059
36 549 -0.230397
36 550 -0.215981
36 551 -5.6828
36 552 3.19989
36 595 -0.0150915
36 596 -0.198129
36 598 -0.145605
36 803 0.222106
36 805 0.150606
36 806 0.292754
37 13 -0.297455
37 37 4.03805
37 67 -0.0680716
37 91 0.151024
37 131 1.08486
37 132 -2.00485
37 133 -1.12215
37 134 0.527394
37 251 -0.0808522
37 252 -0.0458249
37 347 -0.146676
37 348 -0.190644
37 369 -0.522793
37 370 0.241278
37 371 -0.478089
37 372 0.304172
37 373 0.0168593
37 374 -0.0116809
37 559 -2.68197
37 560 1.61058
37 561 0.465277
37 562 0.00290362
37 563 -0.168568
37 564 -0.195957
37 599 -0.243193
37 600 0.0562036
37 602 -0.109581
37 811 0.0502962
37 812 0.293401
37 814 0.333801
38 14 0.0234826
38 38 1.50506
38 68 -0.040843
38 83 -0.0198466
38 98 -0.0209199
38 135 -0.0286661
38 136 0.034807
38 137 -0.181126
38 138 0.167317
38 255 -0.0614879
38 256 -0.0446187
38 315 -0.21305
38 316 0.073267
38 375 -0.257764
38 376 0.116878
38 377 -0.289908
38 378 0.192703
38 379 0.00473577
38 380 -0.0186205
38 507 -0.617051
38 508 0.153979
38 509 0.0401082
38 510 -0.0943945
38 513 -0.00257746
38 514 0.00610656
38 603 -0.110542
38 604 0.0856333
38 606 -0.0307494
38 723 0.020522
38 724 -0.0281579
38 725 -0.0289151
38 726 0.00849249
38 727 0.367879
38 728 -0.138324
38 729 0.32727
38 730 -0.90998
39 0 0.110638
39 14 0.0555217
39 31 -0.0923626
39 36 -0.163372
39 39 7.33683
39 66 -0.202719
39 83 0.00858355
39 97 -0.0939502
39 109 0.332142
39 110 -0.938575
39 127 -0.151126
39 128 -0.134256
39 139 0.0689323
39 140 -0.110194
39 141 -0.512328
39 142 0.436978
39 249 -0.0420215
39 250 -0.0272115
39 315 -0.0102369
39 316 -0.0271596
39 363 0.764436
39 364 -1.15772
39 365 -0.10074
39 366 -0.0644101
39 367 -1.54281
39 368 0.85156
39 499 0.229421
39 500 -0.559704
39 503 -0.0506065
39 504 0.101421
39 505 -3.10578
39 506 0.779169
39 595 0.158435
39 597 -0.1541
39 598 0.00678153
39 707 2.08555
39 708 -0.785896
39 709 1.90184
39 710 -5.17789
39 719 -0.245861
39 720 0.187732
39 721 -0.425125
39 722 0.483079
40 2 -0.245902
40 15 -0.213115
40 33 -0.178665
40 40 5.20996
40 47 -0.138152
40 73 -0.129504
40 94 -0.165464
40 117 -0.128243
40 118 -0.114332
40 143 1.01823
40 144 -1.79507
40 145 -1.61685
40 146 0.88489
40 173 -0.0638106
40 174 -0.0877482
40 277 -0.0412962
40 278 -0.0524496
40 361 -0.0938961
40 362 -0.0727168
40 417 0.600894
40 418 -1.00688
40 419 -0.0366691
40 420 -0.0309499
40 421 -0.94237
40 422 0.556769
40 583 0.799707
40 584 -1.26635
40 585 -0.102159
40 586 -0.0918436
40 587 -1.1801
40 588 0.733255
40 631 -0.01332
40 633 -0.0846207
40 634 -0.0771399
40 827 0.0963484
40 829 0.00276418
40 830 0.0777259
41 1 -0.147541
41 15 -0.180328
41 30 -0.116302
41 41 3.7214
41 45 -0.0912671
41 74 -0.0999154
41 93 -0.129504
41 103 -0.0459956
41 104 -0.0621619
41 147 0.74636
41 148 -1.30765
41 149 -1.12943
41 150 0.613015
41 165 -0.026281
41 166 -0.0324213
41 281 -0.0487953
41 282 -0.0677199
41 357 -0.096509
41 358 -0.0876104
41 423 0.391388
41 424 -0.663905
41 425 -0.02129
41 426 -0.0270092
41 427 -0.728418
41 428 0.435513
41 577 0.514261
41 578 -0.830608
41 579 -0.064129
41 580 -0.0744439
41 581 -0.916857
41 582 0.580713
41 635 -0.0706292
41 637 0.000671541
41 638 -0.0551
41 823 -0.0113948
41 825 0.0821895
41 826 0.0555185
42 1 0.0335823
42 16 0.0124363
42 30 0.0157483
42 42 2.45287
42 45 -0.0409246
42 71 -0.0879293
42 81 -0.0230437
42 96 -0.0106127
42 103 0.0720785
42 104 -0.0548163
42 151 0.179699
42 152 -0.286686
42 153 -0.0939312
42 154 0.0194723
42 165 -0.0373366
42 166 -0.0417878
42 267 -0.00332937
42 268 -0.011688
42 307 -0.187642
42 308 0.0717603
42 399 -0.287068
42 400 0.209053
42 401 -0.693996
42 402 0.35918
42 403 -0.0448315
42 404 -0.0269636
42 491 -0.0580511
42 492 0.0856919
42 495 0.0915479
42 496 -0.253249
42 497 -0.911719
42 498 0.254847
42 619 0.0546825
42 620 -0.0579962
42 622 0.0169861
42 691 -0.434555
42 692 0.218175
42 693 -0.360914
42 694 0.600902
42 703 0.716624
42 704 -0.279278
42 705 0.747088
42 706 -1.92053
43 16 0.0030041
43 43 0.223988
43 69 -0.00638034
43 81 0.00165861
43 95 -0.00238313
43 155 0.0396991
43 156 -0.0493923
43 157 -0.00121703
43 158 -0.00167073
43 261 -0.0095591
43 262 -0.0123432
43 307 0.00452792
43 308 -0.00557233
43 387 0.0267183
43 388 -0.0630009
43 389 -0.000267631
43 390 -0.00744928
43 391 -0.04607
43 392 0.0342284
43 483 -0.0863536
43 484 0.0294267
43 485 -0.00647523
43 486 0.00695164
43 489 0.00714436
43 490 -0.0204253
43 611 -0.0158865
43 613 0.0223472
43 614 0.000769972
43 675 0.0471794
43 676 -0.127724
43 677 0.0516602
43 678 -0.0190403
43 679 -0.0475934
43 680 0.0240401
43 681 -0.030694
43 682 0.0438253
44 17 -0.0620238
44 44 1.03239
44 46 -0.0491804
44 70 -0.0172891
44 72 -0.0475682
44 159 0.0897612
44 160 -0.197652
44 161 -0.424527
44 162 0.251228
44 167 0.00632275
44 168 -0.0100954
44 265 -0.0152544
44 266 -0.0307812
44 273 -0.0398238
44 274 -0.0355217
44 393 0.0533977
44 394 -0.103043
44 395 0.00472509
44 396 -0.0016599
44 397 -0.11739
44 398 0.0810133
44 411 0.203582
44 412 -0.357376
44 413 -0.0316591
44 414 -0.0455707
44 415 -0.328381
44 416 0.218341
44 615 -0.0904833
44 617 0.0164337
44 618 -0.0301753
44 627 -0.0339149
44 629 0.0608977
44 630 0.0546406
45 1 -0.11833
45 17 -0.0942743
45 41 -0.0912671
45 42 -0.0409246
45 45 2.54545
45 71 -0.0555275
45 74 -0.122951
45 149 -0.0560016
45 150 -0.0476909
45 151 -0.0417008
45 152 -0.0235025
45 163 0.396984
45 164 -0.718051
45 165 -0.862892
45 166 0.483342
45 269 -0.00894093
45 270 -0.0172995
45 279 -0.0283394
45 280 -0.0447575
45 399 0.186183
45 400 -0.266626
45 401 -0.00786985
45 402 -0.00481908
45 403 -0.400556
45 404 0.234687
45 423 -0.643448
45 424 0.410947
45 425 -0.889347
45 426 0.508793
45 427 -0.0718733
45 428 -0.0629747
45 619 -0.0206537
45 621 -0.0828147
45 622 -0.0486706
45 635 0.0499196
45 636 -0.00618297
45 638 0.0682973
46 18 -0.0833683
46 44 -0.0491804
46 46 1.23161
46 72 -0.0507542
46 75 -0.0263458
46 159 0.00877196
46 160 -0.0048879
46 167 0.10494
46 168 -0.227902
46 169 -0.55182
46 170 0.335535
46 271 -0.0466734
46 272 -0.0423712
46 285 -0.0388297
46 286 -0.0553619
46 411 -0.373749
46 412 0.20423
46 413 -0.355672
46 414 0.230783
46 415 -0.0234818
46 416 -0.0396482
46 435 0.0676146
46 436 -0.134954
46 437 0.00368706
46 438 -0.00993329
46 439 -0.190792
46 440 0.134947
46 627 -0.0504109
46 628 0.07197
46 630 0.0299363
46 643 -0.108442
46 645 0.0682443
46 646 -0.0239921
47 2 -0.223746
47 18 -0.149459
47 40 -0.138152
47 47 4.29128
47 49 -0.0899801
47 73 -0.172131
47 77 -0.108247
47 143 -0.0905658
47 144 -0.0822551
47 171 0.627405
47 172 -1.15563
47 173 -1.58502
47 174 0.909672
47 181 -0.105299
47 182 -0.11916
47 275 -0.0266901
47 276 -0.0403499
47 291 -0.0275929
47 292 -0.0359515
47 417 -0.982542
47 418 0.614739
47 419 -1.30403
47 420 0.714644
47 421 -0.0834697
47 422 -0.0622903
47 447 -0.631804
47 448 0.451652
47 449 -0.774564
47 450 0.467575
47 451 -0.0503158
47 452 -0.0333613
47 631 0.0831993
47 632 -0.0778918
47 634 0.0165307
47 651 0.105708
47 652 -0.115733
47 654 -0.00512013
48 19 -0.136919
48 48 2.34401
48 76 -0.0372546
48 78 0.000281343
48 175 0.228003
48 176 -0.461982
48 177 -0.939659
48 178 0.523651
48 289 -0.0254402
48 290 -0.0426614
48 297 -0.113074
48 298 -0.0863249
48 441 0.260031
48 442 -0.599884
48 443 0.0116932
48 444 -0.0131841
48 445 -0.235996
48 446 0.171687
48 459 0.741739
48 460 -1.21438
48 461 -0.100844
48 462 -0.118086
48 463 -0.188113
48 464 0.232503
48 647 -0.183038
48 649 0.0321969
48 650 -0.0850713
48 659 0.0223539
48 661 0.175229
48 662 0.201741
49 2 -0.24984
49 19 -0.201572
49 47 -0.0899801
49 49 5.58738
49 51 0.000460379
49 77 -0.239908
49 80 -0.365068
49 173 -0.0442552
49 174 -0.0598093
49 179 0.882312
49 180 -1.48848
49 181 -1.84892
49 182 0.978814
49 189 -0.132294
49 190 -0.105545
49 293 -0.0332045
49 294 -0.0415631
49 303 -0.112548
49 304 -0.193893
49 447 0.418737
49 448 -0.585247
49 449 -0.0505194
49 450 -0.0363284
49 451 -1.94664
49 452 0.986944
49 471 -0.0691593
49 472 0.274605
49 473 -2.53525
49 474 1.45759
49 475 -0.140647
49 476 -0.131404
49 651 0.000238259
49 653 -0.140552
49 654 -0.100911
49 667 0.131266
49 668 0.0669361
49 670 0.177918
50 20 -0.157977
50 50 15.2796
50 79 0.000844029
50 85 -0.0883449
50 100 -0.0883438
50 183 1.84661
50 184 -3.03372
50 185 -2.66546
50 186 1.16243
50 301 -0.085112
50 302 -0.0958646
50 323 -0.839346
50 324 0.298095
50 465 3.34727
50 466 -6.23441
50 467 -0.126704
50 468 -0.0934652
50 469 0.602455
50 470 0.179997
50 523 -0.0889499
50 524 0.0745611
50 527 0.303341
50 528 -0.836408
50 529 -4.38378
50 530 1.14548
50 663 0.156477
50 665 -0.213668
50 666 -0.159619
50 755 -0.601637
50 756 0.383373
50 757 -0.529215
50 758 0.326055
50 767 2.66068
50 768 -0.983278
50 769 2.62135
50 770 -7.12076
51 2 -0.111518
51 20 -0.137645
51 33 -0.0357481
51 49 0.000460379
51 51 8.28693
51 80 -0.46521
51 85 -0.00390844
51 99 -0.0210068
51 117 0.118385
51 118 -0.343084
51 181 -0.0286434
51 182 -0.039396
51 187 1.15651
51 188 -1.91831
51 189 -1.61842
51 190 0.691547
51 305 -0.214696
51 306 -0.296041
51 323 -0.110126
51 324 0.00811601
51 471 0.062895
51 472 0.408166
51 473 -0.0336553
51 474 -0.0588955
51 475 -3.60138
51 476 1.91892
51 515 -1.99971
51 516 0.518486
51 517 -0.00841757
51 518 -0.0500881
51 521 0.123703
51 522 -0.352838
51 667 -0.17004
51 669 0.11156
51 670 -0.136131
51 739 1.08665
51 740 -2.9691
51 741 1.06426
51 742 -0.389953
51 743 -0.0360542
51 744 0.0777476
51 745 0.00430938
51 746 -0.464699
52 52 1
53 53 1
54 54 1
55 55 1
56 56 1
57 57 1
58 58 1
59 59 1
60 60 1
61 61 1
62 62 1
63 63 1
64 64 1
65 65 1
66 13 -0.122529
66 14 -0.0953003
66 36 -0.23363
66 39 -0.202719
66 66 4.47204
66 67 -0.137266
66 68 -0.124543
66 129 -0.127873
66 130 -0.104516
66 139 -0.0462998
66 140 -0.07484
66 247 0.571733
66 248 -0.867814
66 249 -0.668179
66 250 0.422017
66 251 -0.0672414
66 252 -0.0309111
66 255 -0.0234324
66 256 -0.00786637
66 363 -0.159105
66 364 -0.133946
66 365 0.988825
66 366 -1.61865
66 367 0.860832
66 368 -1.46572
66 381 0.574985
66 382 -1.07838
66 383 -0.0057523
66 384 0.00106388
66 385 -0.990491
66 386 0.519109
66 596 0.139811
66 597 0.00277936
66 598 0.177998
66 607 -0.0294781
66 609 -0.110099
66 610 -0.176491
67 13 -0.157269
67 37 -0.0680716
67 66 -0.137266
67 67 2.51552
67 68 -0.0544573
67 131 -0.0970729
67 132 -0.0672296
67 247 -0.131554
67 248 -0.114389
67 251 0.66748
67 252 -1.05665
67 253 -0.425224
67 254 0.196509
67 257 -0.0078932
67 258 0.0141599
67 369 -0.0261958
67 370 0.0101345
67 371 0.316921
67 372 -0.481907
67 373 0.206417
67 374 -0.452903
67 381 -0.96392
67 382 0.585454
67 383 -0.382089
67 384 0.242063
67 385 -0.0630596
67 386 -0.0345195
67 600 0.121092
67 601 -0.198976
67 602 -0.065832
67 607 0.199824
67 608 -0.0920395
67 610 0.038474
68 14 -0.10454
68 38 -0.040843
68 66 -0.124543
68 67 -0.0544573
68 68 1.95652
68 137 -0.023214
68 138 -0.0452671
68 249 -0.104227
68 250 -0.0870622
68 253 -0.0224081
68 254 0.00743515
68 255 0.446239
68 256 -0.739412
68 257 -0.355334
68 258 0.161648
68 375 -0.00410553
68 376 0.0114605
68 377 0.179954
68 378 -0.28609
68 379 0.151739
68 380 -0.327654
68 381 -0.0559242
68 382 -0.0792804
68 383 0.254812
68 384 -0.385907
68 385 0.528265
68 386 -0.832142
68 604 0.0207444
68 605 -0.154759
68 606 -0.0744982
68 608 -0.0482907
68 609 0.155418
68 610 0.103363
69 16 -0.0360218
69 43 -0.00638034
69 69 0.489969
69 70 -0.0118347
69 71 -0.0255021
69 155 -0.00924542
69 156 -0.00173339
69 259 0.0625619
69 260 -0.145861
69 261 -0.255613
69 262 0.14396
69 263 0.00116056
69 264 -0.0100285
69 267 -0.0251577
69 268 -0.0348375
69 387 0.00262205
69 388 0.0012384
69 389 0.0231446
69 390 -0.0435436
69 391 0.0270233
69 392 -0.0403443
69 405 0.0599678
69 406 -0.0813283
69 407 -0.013934
69 408 -0.0192188
69 409 -0.173687
69 410 0.120411
69 612 -0.0407521
69 613 -0.00473582
69 614 -0.0166335
69 623 -0.00976769
69 625 0.0512615
69 626 0.0291652
70 17 -0.0377852
70 44 -0.0172891
70 69 -0.0118347
70 70 0.782455
70 71 -0.0606096
70 161 -0.0183089
70 162 -0.0260944
70 259 0.00367357
70 260 -0.000210752
70 263 0.0382711
70 264 -0.0732932
70 265 -0.261078
70 266 0.177941
70 269 -0.0405693
70 270 -0.0502491
70 393 0.00258876
70 394 -0.0126076
70 395 0.0984055
70 396 -0.228722
70 397 0.0857072
70 398 -0.116587
70 405 -0.0788671
70 406 0.0540183
70 407 -0.419971
70 408 0.240538
70 409 -0.00849391
70 410 -0.0200133
70 616 -0.0656177
70 617 0.0359832
70 618 -0.0203054
70 623 -0.0234044
70 624 0.0761742
70 626 0.00584893
71 16 -0.0200163
71 17 -0.030925
71 42 -0.0879293
71 45 -0.0555275
71 69 -0.0255021
71 70 -0.0606096
71 71 1.36743
71 153 -0.0223599
71 154 -0.00950472
71 163 -0.0287934
71 164 -0.0349118
71 261 0.000842842
71 262 -0.00137437
71 265 -0.013744
71 266 -0.0302762
71 267 0.0890248
71 268 -0.128892
71 269 -0.214124
71 270 0.156169
71 399 -0.0474473
71 400 -0.0616367
71 401 0.352925
71 402 -0.640568
71 403 0.256827
71 404 -0.385649
71 405 -0.00104672
71 406 0.00280228
71 407 0.250863
71 408 -0.502562
71 409 0.104697
71 410 -0.183003
71 620 -0.0127105
71 621 0.0453407
71 622 0.0724497
71 624 -0.0016518
71 625 -0.0326677
71 626 -0.0617991
72 17 -0.090164
72 18 -0.106558
72 44 -0.0475682
72 46 -0.0507542
72 72 2.23284
72 73 -0.0858047
72 74 -0.078066
72 161 -0.00583419
72 162 -0.0169876
72 169 -0.0141332
72 170 -0.0330578
72 271 0.441149
72 272 -0.775679
72 273 -0.68657
72 274 0.374476
72 275 -0.0562947
72 276 -0.0702063
72 279 -0.0339083
72 280 -0.0500746
72 411 -0.00180407
72 412 -9.34051e-05
72 413 0.2161
72 414 -0.377837
72 415 0.199619
72 416 -0.351015
72 429 0.388107
72 430 -0.60179
72 431 -0.0582661
72 432 -0.0519597
72 433 -0.553231
72 434 0.349299
72 628 -0.0270604
72 629 -0.0571399
72 630 -0.0662455
72 639 0.0685328
72 641 0.0161698
72 642 0.0664966
73 15 -0.119034
73 18 -0.0917219
73 40 -0.129504
73 47 -0.172131
73 72 -0.0858047
73 73 3.62837
73 74 -0.147541
73 145 -0.0790444
73 146 -0.0707337
73 171 -0.037511
73 172 -0.0589421
73 271 -0.0180686
73 272 -0.0143537
73 275 0.396485
73 276 -0.672736
73 277 -0.847042
73 278 0.529266
73 281 -0.0518516
73 282 -0.0705244
73 417 -0.0838522
73 418 -0.0977638
73 419 0.7127
73 420 -1.25491
73 421 0.581895
73 422 -0.914447
73 429 -0.627068
73 430 0.366182
73 431 -1.12125
73 432 0.612691
73 433 -0.0221043
73 434 -0.0332577
73 632 -0.0201954
73 633 0.072106
73 634 0.0824354
73 639 -0.071698
73 640 0.00946174
73 642 -0.0708855
74 15 -0.110385
74 17 -0.0721488
74 41 -0.0999154
74 45 -0.122951
74 72 -0.078066
74 73 -0.147541
74 74 3.07016
74 147 -0.067523
74 148 -0.0592123
74 163 -0.0175185
74 164 -0.0261654
74 273 -0.0155746
74 274 -0.0118597
74 277 -0.0734135
74 278 -0.0848186
74 279 0.307515
74 280 -0.527083
74 281 -0.778947
74 282 0.496421
74 423 -0.0414128
74 424 -0.0575792
74 425 0.510738
74 426 -0.938465
74 427 0.443792
74 428 -0.711543
74 429 -0.0518498
74 430 -0.0329252
74 431 0.610746
74 432 -1.07213
74 433 0.337819
74 434 -0.572751
74 636 -0.0638793
74 637 0.0610128
74 638 0.00239273
74 640 0.0753664
74 641 -0.0606675
74 642 -0.0131892
75 18 -0.0604797
75 46 -0.0263458
75 75 1.55743
75 76 -0.0318002
75 77 -0.136093
75 169 -0.0166904
75 170 -0.0289103
75 283 0.0827411
75 284 -0.164703
75 285 -0.438049
75 286 0.282297
75 287 0.00473858
75 288 -0.0113824
75 291 -0.0730435
75 292 -0.0827233
75 435 0.00883679
75 436 -0.00802575
75 437 0.188343
75 438 -0.434163
75 439 0.120208
75 440 -0.16548
75 453 0.161942
75 454 -0.229315
75 455 -0.0455902
75 456 -0.0661297
75 457 -0.894893
75 458 0.532088
75 644 -0.133307
75 645 0.0185609
75 646 -0.0639959
75 655 -0.030763
75 657 0.123127
75 658 0.078829
76 19 -0.160681
76 48 -0.0372546
76 75 -0.0318002
76 76 1.84992
76 77 -0.0727628
76 177 -0.0523507
76 178 -0.0768976
76 283 0.010265
76 284 -0.0106049
76 287 0.224187
76 288 -0.517023
76 289 -1.05925
76 290 0.628666
76 293 -0.088455
76 294 -0.0981348
76 441 0.0057901
76 442 -0.0128316
76 443 0.0978676
76 444 -0.194453
76 445 0.188937
76 446 -0.267838
76 453 -0.200738
76 454 0.145947
76 455 -0.52544
76 456 0.339826
76 457 -0.0210653
76 458 -0.0357858
76 648 -0.158173
76 649 0.0894138
76 650 -0.0375339
76 655 -0.0745336
76 656 0.14804
76 658 0.0253789
77 18 -0.0563448
77 19 -0.0672536
77 47 -0.108247
77 49 -0.239908
77 75 -0.136093
77 76 -0.0727628
77 77 3.31235
77 171 -0.0295021
77 172 -0.0433891
77 179 -0.0819381
77 180 -0.101142
77 285 -0.0121892
77 286 -0.0277159
77 289 -0.0157269
77 290 -0.0335151
77 291 0.260683
77 292 -0.363066
77 293 -0.474415
77 294 0.337872
77 447 -0.103702
77 448 -0.117891
77 449 0.494035
77 450 -0.782039
77 451 0.949389
77 452 -1.66317
77 453 -0.00564849
77 454 -0.00179949
77 455 0.30694
77 456 -0.523555
77 457 0.565573
77 458 -1.1492
77 652 0.00939171
77 653 0.0975768
77 654 0.12704
77 656 -0.0213113
77 657 -0.0824612
77 658 -0.136937
78 19 -0.288595
78 48 0.000281343
78 78 7.02125
78 79 0.000562686
78 80 -0.399662
78 177 0.0139812
78 178 -0.00476987
78 295 1.76399
78 296 -3.07657
78 297 -2.36075
78 298 1.20491
78 299 -0.157731
78 300 -0.170974
78 303 -0.0875894
78 304 -0.166586
78 459 -0.0129297
78 460 0.0123105
78 461 1.30277
78 462 -2.51002
78 463 -0.0262533
78 464 0.395284
78 477 0.335628
78 478 -0.084528
78 479 -0.162621
78 480 -0.131872
78 481 -2.87802
78 482 1.60646
78 660 0.0670616
78 661 -0.194449
78 662 -0.18068
78 671 0.212272
78 673 -0.0656805
78 674 0.16562
79 20 -0.629081
79 50 0.000844029
79 78 0.000562686
79 79 11.7021
79 80 -0.518014
79 185 -0.212168
79 186 -0.17742
79 295 -0.0698168
79 296 -0.0405773
79 299 2.32502
79 300 -4.37222
79 301 -4.62428
79 302 2.54358
79 305 -0.172314
79 306 -0.251311
79 465 -0.214618
79 466 -0.223862
79 467 2.78624
79 468 -4.93877
79 469 0.438753
79 470 0.0190574
79 477 0.49887
79 478 0.0768717
79 479 -4.107
79 480 2.14203
79 481 -0.0355654
79 482 -0.0503173
79 664 0.111769
79 665 0.15601
79 666 0.222802
79 671 -0.17015
79 672 -0.109467
79 674 -0.204058
80 19 0.00038365
80 20 0.000639416
80 49 -0.365068
80 51 -0.46521
80 78 -0.399662
80 79 -0.518014
80 80 8.5106
80 179 -0.00965915
80 180 -0.024411
80 187 -0.169903
80 188 -0.139154
80 297 -0.0382407
80 298 -0.0130004
80 301 -0.170683
80 302 -0.179926
80 303 0.0230084
80 304 0.406433
80 305 -0.0297594
80 306 0.351992
80 471 -0.115273
80 472 -0.186252
80 473 1.51495
80 474 -2.93047
80 475 1.87729
80 476 -3.39848
80 477 -0.267663
80 478 -0.178301
80 479 2.07738
80 480 -3.655
80 481 1.65538
80 482 -3.13771
80 668 -0.182223
80 669 0.143617
80 670 -0.0876577
80 672 0.200339
80 673 -0.158385
80 674 0.0893318
81 16 -0.00718656
81 28 -0.0173915
81 42 -0.0230437
81 43 0.00165861
81 81 1.82055
81 82 0.00715571
81 84 -0.0115022
81 95 0.0406483
81 96 0.104414
81 153 0.0517829
81 154 -0.120392
81 155 0.0191888
81 156 -0.00899192
81 307 0.115973
81 308 -0.522959
81 309 -0.607445
81 310 0.175632
81 313 -0.0294087
81 314 0.0396254
81 321 0.0471539
81 322 -0.131032
81 483 -0.00620137
81 484 0.00367868
81 485 0.126853
81 486 -0.100722
81 487 0.035931
81 488 -0.0951329
81 493 -0.024137
81 494 0.0215742
81 495 0.0618324
81 496 0.00984944
81 497 0.0848983
81 498 -0.239845
81 679 -0.0886481
81 680 0.12337
81 681 -0.052125
81 682 0.0365052
81 683 0.386724
81 684 -1.00405
81 685 0.37475
81 686 -0.144209
81 699 -0.168522
81 700 0.109771
81 701 -0.21231
81 702 0.251242
81 703 0.425186
81 704 -1.15878
81 705 0.482144
81 706 -0.182595
82 10 0.290562
82 28 0.152711
82 30 -0.0661981
82 31 0.0196627
82 81 0.00715571
82 82 5.61378
82 83 -0.0383552
82 96 -0.0301477
82 97 -0.0576741
82 105 0.236712
82 106 -0.660792
82 107 0.0636341
82 108 -0.0662111
82 309 -0.0251583
82 310 0.0171432
82 311 -0.0717518
82 312 0.303306
82 313 0.443972
82 314 -0.309697
82 317 0.124861
82 318 -0.335839
82 491 0.163004
82 492 -0.391662
82 493 -1.71942
82 494 0.408135
82 495 -0.0374273
82 496 0.0765464
82 499 -0.0818707
82 500 0.12145
82 501 -1.89634
82 502 0.527626
82 503 0.145399
82 504 -0.397459
82 695 1.46486
82 696 -3.58461
82 697 1.32897
82 698 -0.557202
82 699 -0.226579
82 700 0.484027
82 701 -0.334189
82 702 0.144882
82 711 -0.583753
82 712 0.771427
82 713 -0.502347
82 714 0.304176
82 715 1.20581
82 716 -3.20239
82 717 1.2221
82 718 -0.460825
83 14 -0.0530549
83 28 -0.0325068
83 38 -0.0198466
83 39 0.00858355
83 82 -0.0383552
83 83 3.41884
83 84 0.0024763
83 97 0.211897
83 98 0.0960219
83 137 0.0781844
83 138 -0.215052
83 139 0.0550906
83 140 -0.0423642
83 313 0.0891253
83 314 -0.213747
83 315 0.369506
83 316 -1.30014
83 317 -1.17754
83 318 0.287989
83 321 -0.0152718
83 322 0.0311874
83 501 0.139718
83 502 -0.397851
83 503 0.329458
83 504 -0.0784381
83 505 -0.0274841
83 506 0.00315439
83 507 0.0650614
83 508 -0.1779
83 509 0.399589
83 510 -0.237346
83 511 -0.00795165
83 512 -0.00662326
83 715 0.735978
83 716 -0.308075
83 717 0.818139
83 718 -2.0155
83 719 -0.23252
83 720 0.29098
83 721 -0.289099
83 722 0.157253
83 727 0.664823
83 728 -1.7673
83 729 0.664962
83 730 -0.249654
83 731 -0.136984
83 732 0.128773
83 733 -0.0600505
83 734 0.0576592
84 28 0.0652775
84 81 -0.0115022
84 83 0.0024763
84 84 0.847778
84 95 -0.00624948
84 98 -0.0123364
84 309 0.0430114
84 310 -0.123954
84 317 -0.00808035
84 318 -0.00100403
84 319 -0.061022
84 320 0.0880202
84 321 0.0557079
84 322 0.00937093
84 485 0.0227691
84 486 -0.0516688
84 487 -0.271981
84 488 0.0627085
84 489 -0.00196583
84 490 0.00470126
84 509 -0.012611
84 510 0.0132715
84 511 -0.315494
84 512 0.092704
84 513 0.0181658
84 514 -0.0515364
84 683 0.212023
84 684 -0.0802874
84 685 0.18402
84 686 -0.508185
84 687 7.98583e-05
84 688 0.0113773
84 689 -0.0228061
84 690 0.00767182
84 731 -0.0922413
84 732 0.0478869
84 733 -0.0602725
84 734 0.0726689
84 735 0.150298
84 736 -0.404044
84 737 0.152881
84 738 -0.0563054
85 20 -0.0505275
85 29 -0.0954108
85 50 -0.0883449
85 51 -0.00390844
85 85 11.6603
85 86 -0.00245503
85 88 -0.0602257
85 99 0.354498
85 100 0.513317
85 185 0.23284
85 186 -0.607637
85 187 -0.0286893
85 188 -0.0106803
85 323 0.860961
85 324 -3.52063
85 325 -3.72266
85 326 0.985405
85 329 -0.0284107
85 330 -0.0364059
85 337 0.203348
85 338 -0.569727
85 515 0.0159806
85 516 -0.150064
85 517 0.730556
85 518 -0.524549
85 519 0.204459
85 520 -0.593403
85 525 0.00552483
85 526 -0.163587
85 527 0.639484
85 528 -0.313308
85 529 0.306417
85 530 -0.885087
85 743 -0.0413971
85 744 -0.653289
85 745 0.125215
85 746 0.0632511
85 747 1.77668
85 748 -4.95147
85 749 1.83124
85 750 -0.658447
85 763 -0.081829
85 764 0.156433
85 765 -0.123341
85 766 -0.554086
85 767 1.92118
85 768 -5.33955
85 769 2.04849
85 770 -0.753567
86 29 0.615085
86 85 -0.00245503
86 86 17.7703
86 87 -0.0967463
86 100 -0.150372
86 101 -0.21983
86 325 0.0155341
86 326 -0.216973
86 327 -0.694912
86 328 1.63281
86 329 1.74371
86 330 -0.990558
86 333 0.33321
86 334 -0.964598
86 523 0.367323
86 524 -0.94889
86 525 -6.02256
86 526 1.52659
86 527 -0.0347263
86 528 0.00768811
86 531 -0.0668269
86 532 0.00953851
86 533 -6.30681
86 534 1.69633
86 535 0.321782
86 536 -0.888047
86 759 3.26806
86 760 -8.45254
86 761 3.04781
86 762 -1.2044
86 763 0.0783701
86 764 -0.699069
86 765 -0.201544
86 766 0.149044
86 775 -0.314235
86 776 -0.507954
86 777 -0.279075
86 778 0.297462
86 779 2.9353
86 780 -7.86636
86 781 2.8322
86 782 -1.05999
87 12 -0.201538
87 29 -0.146029
87 34 -0.0142915
87 35 -0.0651148
87 86 -0.0967463
87 87 14.2946
87 88 -0.0131316
87 101 0.72513
87 102 0.510133
87 121 -0.00507513
87 122 -0.102377
87 123 -0.597521
87 124 0.212604
87 329 0.244568
87 330 -0.644961
87 331 1.43134
87 332 -5.29075
87 333 -5.06506
87 334 1.29699
87 337 0.0128062
87 338 -0.0904875
87 533 0.340918
87 534 -1.01153
87 535 1.55023
87 536 -0.632115
87 537 0.0520499
87 538 -0.317527
87 539 0.226639
87 540 -0.679582
87 541 1.61253
87 542 -0.867929
87 543 0.0524764
87 544 -0.27125
87 779 2.06046
87 780 -0.798403
87 781 2.22417
87 782 -5.87429
87 783 0.167715
87 784 -1.34399
87 785 0.153286
87 786 0.0683932
87 791 1.90307
87 792 -5.4531
87 793 2.01249
87 794 -0.702488
87 795 0.192068
87 796 -1.41977
87 797 0.420686
87 798 -0.0272925
88 11 0.28869
88 29 0.430163
88 32 -0.0393394
88 33 -0.0104369
88 85 -0.0602257
88 87 -0.0131316
88 88 9.28941
88 99 -0.0521974
88 102 -0.0877211
88 113 0.134777
88 114 -0.406961
88 115 -0.182396
88 116 0.038833
88 325 0.209885
88 326 -0.62592
88 333 0.0433894
88 334 -0.224974
88 335 -0.453971
88 336 0.684175
88 337 0.624233
88 338 -0.283626
88 517 0.151861
88 518 -0.406744
88 519 -2.91303
88 520 0.720294
88 521 0.01876
88 522 -0.0884863
88 541 0.0109806
88 542 -0.105075
88 543 -3.0684
88 544 0.814996
88 545 0.130739
88 546 -0.37508
88 747 1.35773
88 748 -0.485458
88 749 1.26838
88 750 -3.63088
88 751 0.337586
88 752 -1.09506
88 753 0.20435
88 754 -0.0475029
88 795 0.177796
88 796 0.00790822
88 797 0.202521
88 798 -1.07682
88 799 1.22287
88 800 -3.35289
88 801 1.16201
88 802 -0.4231
89 12 0.343236
89 13 0.205941
89 35 -1.04672
89 36 -0.821403
89 89 16.4926
