108
30 30
0 0 9.17077
1 0 -1.64062
2 0 -1.86357
3 0 -0.968099
4 0 -1.35218
5 0 0.388601
8 0 -1.86018
13 0 -0.90868
0 1 -1.64062
1 1 8.40306
2 1 -2.22307
3 1 -0.828776
6 1 0.132518
7 1 -1.27599
11 1 0.179032
12 1 -2.35107
0 2 -1.86357
1 2 -2.22307
2 2 12.6621
5 2 -2.06165
6 2 0.156683
12 2 -0.156485
13 2 -2.03507
15 2 -3.12565
0 3 -0.968099
1 3 -0.828776
3 3 5.4375
4 3 -1.27604
7 3 -0.911458
9 3 -0.589193
10 3 -0.488932
0 4 -1.35218
3 4 -1.27604
4 4 7.51589
5 4 -0.558379
8 4 -1.1658
9 4 -1.02031
14 4 -1.44614
0 5 0.388601
2 5 -2.06165
4 5 -0.558379
5 5 16.5321
8 5 -3.44753
13 5 -4.84286
1 6 0.132518
2 6 0.156683
6 6 3.60087
7 6 -1.5743
11 6 -0.570616
12 6 -1.21824
1 7 -1.27599
3 7 -0.911458
6 7 -1.5743
7 7 4.81841
10 7 -0.546965
11 7 -0.328273
0 8 -1.86018
4 8 -1.1658
5 8 -3.44753
8 8 13.6937
14 8 0.104167
3 9 -0.589193
4 9 -1.02031
9 9 3.25351
10 9 -0.546875
14 9 -0.317636
3 10 -0.488932
7 10 -0.546965
9 10 -0.546875
10 10 2.22479
11 10 -0.135489
1 11 0.179032
6 11 -0.570616
7 11 -0.328273
10 11 -0.135489
11 11 1.36904
1 12 -2.35107
2 12 -0.156485
6 12 -1.21824
12 12 5.23495
15 12 -0.53125
0 13 -0.90868
2 13 -2.03507
5 13 -4.84286
13 13 24.6019
15 13 1.79687
4 14 -1.44614
8 14 0.104167
9 14 -0.317636
14 14 5.60985
2 15 -3.12565
12 15 -0.53125
13 15 1.79687
15 15 10.0677
16 16 1
17 17 1
18 18 1
19 19 1
20 20 1
21 21 1
22 22 1
23 23 1
24 24 1
25 25 1
26 26 1
27 27 1
28 28 1
29 29 1
-7.19181
-1.25876
-11.1994
-1.00436
-4.9887
-21.236
-0.0800832
-0.0665076
-19.0608
-0.715786
-0.00898177
0.0722932
-1.83919
-37.2189
-5.82236
-16.57
0
0
0
0
0
0
0
0
0
0
0
0
0
0
