825
103 103
0 0 4.1165
0 10 -1.11715
0 11 -0.665468
0 12 -0.665468
0 13 -1.08333
0 14 -0.153623
0 28 0.09372
0 29 -0.525179
0 31 -0.16991
0 32 -0.132057
0 35 -0.394547
0 36 -0.361111
0 39 -0.3658
0 66 0.222222
0 82 -0.027144
0 83 -0.152363
0 87 0.100999
0 88 0.173208
0 89 0.5
0 92 0.166667
0 97 0.0861818
0 102 -0.0134331
1 1 4.78574
1 10 -1.1518
1 15 -0.75
1 16 -0.401803
1 17 -0.75
1 28 -1.73213
1 30 -0.209352
1 41 -0.166667
1 42 -0.32933
1 45 -0.208333
1 71 0.25
1 74 0.208333
1 81 0.484899
1 82 0.649054
1 93 0.208333
1 96 -0.146007
2 2 3.56578
2 11 -0.596484
2 15 -0.75
2 18 -0.75
2 19 -0.75
2 20 -0.535078
2 29 -0.184219
2 33 -0.202239
2 40 -0.166667
2 47 -0.208333
2 49 -0.333333
2 51 -0.280906
2 73 0.208333
2 77 0.25
2 80 0.333333
2 85 -0.00925918
2 88 0.0691751
2 94 0.208333
2 99 0.0218267
3 3 1
4 4 1
5 5 1
6 6 1
7 7 1
8 8 1
9 9 1
10 0 -1.11715
10 1 -1.1518
10 10 4.63529
10 11 -0.75
10 14 -1.44339
10 15 -0.5
10 16 0.207602
10 28 0.119449
10 30 -0.20757
10 31 -0.204279
10 32 0.208333
10 39 0.547528
10 41 0.166667
10 42 -0.0863361
10 81 -0.186591
10 82 -0.452861
10 83 0.367537
10 92 -0.166667
10 93 -0.208333
10 94 0.208333
10 96 0.109505
10 97 -0.107727
11 0 -0.665468
11 2 -0.596484
11 10 -0.75
11 11 3.27345
11 12 -0.244454
11 15 -0.5
11 20 -0.574935
11 29 0.0578913
11 31 0.208333
11 32 -0.193155
11 33 -0.143967
11 35 0.0991935
11 40 0.166667
11 51 0.178533
11 85 0.125772
11 87 0.000223063
11 88 -0.259722
11 92 -0.166667
11 93 0.208333
11 94 -0.208333
11 99 -0.0181889
11 102 0.015672
12 0 -0.665468
12 11 -0.244454
12 12 4.29296
12 13 0.416667
12 29 -0.965518
12 32 0.0151778
12 34 -0.42471
12 35 -0.081362
12 36 0.180556
12 86 0.235737
12 87 -0.0938183
12 88 0.0826466
12 89 -0.5
12 90 -0.180556
12 91 0.180556
12 101 -0.0259701
12 102 0.015672
13 0 -1.08333
13 12 0.416667
13 13 4.33333
13 14 -0.416667
13 35 0.180556
13 36 1.11022e-16
13 37 -0.361111
13 39 0.180556
13 66 -0.222222
13 67 -0.180556
13 68 0.180556
13 89 -0.5
13 90 0.180556
13 91 -0.180556
14 0 -0.153623
14 10 -1.44339
14 13 -0.416667
14 14 4.28543
14 28 -1.38704
14 31 0.335766
14 36 0.180556
14 38 -0.316985
14 39 -0.357594
14 66 -0.222222
14 67 0.180556
14 68 -0.180556
14 82 0.447441
14 83 -0.160889
14 84 0.02491
14 97 -0.0646363
14 98 0.0530019
15 1 -0.75
15 2 -0.75
15 10 -0.5
15 11 -0.5
15 15 3.5
15 17 -0.5
15 18 -0.5
15 30 0.208333
15 33 0.208333
15 40 -0.166667
15 41 -0.166667
15 45 0.208333
15 47 0.208333
15 72 0.166667
15 73 -0.208333
15 74 -0.208333
15 92 0.166667
15 93 -0.208333
15 94 -0.208333
16 1 -0.401803
16 10 0.207602
16 16 4.24344
16 17 -0.333333
16 28 -1.30041
16 30 -0.20757
16 42 -0.308558
16 43 -0.314703
16 45 0.138889
16 69 -0.138889
16 70 0.222222
16 71 -0.25
16 81 -0.217573
16 82 -0.0597074
16 84 0.419964
16 95 -0.0811831
16 96 0.109505
17 1 -0.75
17 15 -0.5
17 16 -0.333333
17 17 3.58333
17 18 -0.75
17 41 0.166667
17 42 0.222222
17 44 -0.208333
17 45 -0.138889
17 46 0.208333
17 69 0.138889
17 70 -0.222222
17 71 -0.25
17 72 -0.166667
17 73 0.208333
17 74 -0.208333
18 2 -0.75
18 15 -0.5
18 17 -0.75
18 18 3.58333
18 19 -0.333333
18 40 0.166667
18 44 0.208333
18 46 -0.208333
18 47 -0.138889
18 49 0.222222
18 72 -0.166667
18 73 -0.208333
18 74 0.208333
18 75 -0.222222
18 76 0.138889
18 77 -0.25
19 2 -0.75
19 18 -0.333333
19 19 3.83333
19 20 0
19 47 0.138889
19 48 -0.333333
19 49 -0.0555556
19 51 0.166667
19 75 0.222222
19 76 -0.138889
19 77 -0.25
19 78 -0.166667
19 79 0.166667
19 80 -0.333333
20 2 -0.535078
20 11 -0.574935
20 19 0
20 20 3.55421
20 29 -0.837369
20 33 0.131779
20 49 0.166667
20 50 -0.307451
20 51 -0.116721
20 78 0.166667
20 79 -0.166667
20 80 -0.333333
20 85 -0.147534
20 86 0.0439469
20 88 0.204018
20 99 -0.0254644
20 100 0.0389432
21 21 1
22 22 1
23 23 1
24 24 1
25 25 1
26 26 1
27 27 1
28 0 0.09372
28 1 -1.73213
28 10 0.119449
28 14 -1.38704
28 16 -1.30041
28 28 5.01236
28 30 0.416158
28 31 -0.16991
28 38 0.380381
28 39 -0.00468933
28 42 0.502002
28 43 -0.0149044
28 81 -0.228598
28 82 -0.556784
28 83 -0.176336
28 84 -0.365863
28 95 0.0649464
28 96 -0.0730035
28 97 0.0861818
28 98 -0.0636022
29 0 -0.525179
29 2 -0.184219
29 11 0.0578913
29 12 -0.965518
29 20 -0.837369
29 29 3.26791
29 32 0.101702
29 33 0.00609402
29 34 0.0763182
29 35 0.19616
29 50 0.245961
29 51 0.0524272
29 85 -0.118701
29 86 -0.318042
29 87 -0.130262
29 88 -0.269326
29 99 0.0218267
29 100 -0.0311546
29 101 0.0311641
29 102 -0.0179108
30 1 -0.209352
30 10 -0.20757
30 15 0.208333
30 16 -0.20757
30 28 0.416158
30 30 0.559322
30 41 -0.0416667
30 42 0.117807
30 81 0.119737
30 82 -0.117839
30 93 -0.0625
30 96 -0.0844479
31 0 -0.16991
31 10 -0.204279
31 11 0.208333
31 14 0.335766
31 28 -0.16991
31 31 0.523969
31 32 -0.0625
31 39 -0.0959088
31 82 0.093643
31 83 0.123674
31 92 -0.0416667
31 97 -0.0805405
32 0 -0.132057
32 10 0.208333
32 11 -0.193155
32 12 0.0151778
32 29 0.101702
32 31 -0.0625
32 32 0.34674
32 35 0.00873003
32 87 0.0701726
32 88 -0.0115543
32 92 -0.0416667
32 102 -0.0452678
33 2 -0.202239
33 11 -0.143967
33 15 0.208333
33 20 0.131779
33 29 0.00609402
33 33 0.334988
33 40 -0.0416667
33 51 -0.0180738
33 85 0.0587864
33 88 0.0148887
33 94 -0.0625
33 99 -0.0414426
34 12 -0.42471
34 29 0.0763182
34 34 0.358047
34 86 -0.0261283
34 87 0.0242328
34 90 0.0347222
34 101 -0.0180222
35 0 -0.394547
35 11 0.0991935
35 12 -0.081362
35 13 0.180556
35 29 0.19616
35 32 0.00873003
35 35 0.344833
35 36 0.0347222
35 87 -0.0194989
35 88 -0.0185627
35 89 -0.125
35 102 -0.0171488
36 0 -0.361111
36 12 0.180556
36 13 1.11022e-16
36 14 0.180556
36 35 0.0347222
36 36 0.361111
36 39 -0.0347222
36 66 -0.0555556
36 89 -0.125
37 13 -0.361111
37 37 0.361111
37 67 -0.0347222
37 91 0.0347222
38 14 -0.316985
38 28 0.380381
38 38 0.318183
38 68 -0.0347222
38 83 -0.0603869
38 84 -0.0310274
38 98 -0.022162
39 0 -0.3658
39 10 0.547528
39 13 0.180556
39 14 -0.357594
39 28 -0.00468933
39 31 -0.0959088
39 36 -0.0347222
39 39 0.376492
39 66 -0.0555556
39 82 -0.0310538
39 83 0.0792938
39 97 -0.0321922
40 2 -0.166667
40 11 0.166667
40 15 -0.166667
40 18 0.166667
40 33 -0.0416667
40 40 0.291667
40 47 -0.0416667
40 73 -0.0416667
40 94 -0.0416667
41 1 -0.166667
41 10 0.166667
41 15 -0.166667
41 17 0.166667
41 30 -0.0416667
41 41 0.291667
41 45 -0.0416667
41 74 -0.0416667
41 93 -0.0416667
42 1 -0.32933
42 10 -0.0863361
42 16 -0.308558
42 17 0.222222
42 28 0.502002
42 30 0.117807
42 42 0.427927
42 45 -0.0277778
42 71 -0.0833333
42 81 -0.0899038
42 82 -0.0123248
42 96 -0.0446644
43 16 -0.314703
43 28 -0.0149044
43 43 0.342002
43 69 -0.0277778
43 81 0.0722862
43 84 -0.0175991
43 95 -0.0298232
44 17 -0.208333
44 18 0.208333
44 44 0.298611
44 46 -0.0625
44 70 -0.0277778
44 72 -0.0416667
45 1 -0.208333
45 15 0.208333
45 16 0.138889
45 17 -0.138889
45 41 -0.0416667
45 42 -0.0277778
45 45 0.298611
45 71 -0.0416667
45 74 -0.0625
46 17 0.208333
46 18 -0.208333
46 44 -0.0625
46 46 0.298611
46 72 -0.0416667
46 75 -0.0277778
47 2 -0.208333
47 15 0.208333
47 18 -0.138889
47 19 0.138889
47 40 -0.0416667
47 47 0.298611
47 49 -0.0277778
47 73 -0.0625
47 77 -0.0416667
48 19 -0.333333
48 48 0.319444
48 76 -0.0277778
48 78 -3.38271e-17
49 2 -0.333333
49 18 0.222222
49 19 -0.0555556
49 20 0.166667
49 47 -0.0277778
49 49 0.319444
49 51 3.85976e-17
49 77 -0.0833333
49 80 -0.0833333
50 20 -0.307451
50 29 0.245961
50 50 0.317496
50 79 -3.38271e-17
50 85 -0.0326669
50 86 -0.0145694
50 100 -0.0239469
51 2 -0.280906
51 11 0.178533
51 19 0.166667
51 20 -0.116721
51 29 0.0524272
51 33 -0.0180738
51 49 3.85976e-17
51 51 0.301837
51 80 -0.0833333
51 85 0.0288278
51 88 -0.00772335
51 99 -0.0223994
52 52 1
53 53 1
54 54 1
55 55 1
56 56 1
57 57 1
58 58 1
59 59 1
60 60 1
61 61 1
62 62 1
63 63 1
64 64 1
65 65 1
66 0 0.222222
66 13 -0.222222
66 14 -0.222222
66 36 -0.0555556
66 39 -0.0555556
66 66 0.291667
66 67 -0.0555556
66 68 -0.0555556
67 13 -0.180556
67 14 0.180556
67 37 -0.0347222
67 66 -0.0555556
67 67 0.291667
67 68 -0.0347222
68 13 0.180556
68 14 -0.180556
68 38 -0.0347222
68 66 -0.0555556
68 67 -0.0347222
68 68 0.291667
69 16 -0.138889
69 17 0.138889
69 43 -0.0277778
69 69 0.305556
69 70 -0.0277778
69 71 -0.0416667
70 16 0.222222
70 17 -0.222222
70 44 -0.0277778
70 69 -0.0277778
70 70 0.305556
70 71 -0.0833333
71 1 0.25
71 16 -0.25
71 17 -0.25
71 42 -0.0833333
71 45 -0.0416667
71 69 -0.0416667
71 70 -0.0833333
71 71 0.305556
72 15 0.166667
72 17 -0.166667
72 18 -0.166667
72 44 -0.0416667
72 46 -0.0416667
72 72 0.291667
72 73 -0.0416667
72 74 -0.0416667
73 2 0.208333
73 15 -0.208333
73 17 0.208333
73 18 -0.208333
73 40 -0.0416667
73 47 -0.0625
73 72 -0.0416667
73 73 0.291667
73 74 -0.0625
74 1 0.208333
74 15 -0.208333
74 17 -0.208333
74 18 0.208333
74 41 -0.0416667
74 45 -0.0625
74 72 -0.0416667
74 73 -0.0625
74 74 0.291667
75 18 -0.222222
75 19 0.222222
75 46 -0.0277778
75 75 0.305556
75 76 -0.0277778
75 77 -0.0833333
76 18 0.138889
76 19 -0.138889
76 48 -0.0277778
76 75 -0.0277778
76 76 0.305556
76 77 -0.0416667
77 2 0.25
77 18 -0.25
77 19 -0.25
77 47 -0.0416667
77 49 -0.0833333
77 75 -0.0833333
77 76 -0.0416667
77 77 0.305556
78 19 -0.166667
78 20 0.166667
78 48 -3.38271e-17
78 78 0.333333
78 79 4.38018e-17
78 80 -0.0833333
79 19 0.166667
79 20 -0.166667
79 50 -3.38271e-17
79 78 4.38018e-17
79 79 0.333333
79 80 -0.0833333
80 2 0.333333
80 19 -0.333333
80 20 -0.333333
80 49 -0.0833333
80 51 -0.0833333
80 78 -0.0833333
80 79 -0.0833333
80 80 0.333333
81 1 0.484899
81 10 -0.186591
81 16 -0.217573
81 28 -0.228598
81 30 0.119737
81 42 -0.0899038
81 43 0.0722862
81 81 0.672809
81 82 0.102556
81 84 -0.0717964
81 95 -0.0634501
81 96 -0.0870866
82 0 -0.027144
82 1 0.649054
82 10 -0.452861
82 14 0.447441
82 16 -0.0597074
82 28 -0.556784
82 30 -0.117839
82 31 0.093643
82 39 -0.0310538
82 42 -0.0123248
82 81 0.102556
82 82 0.501914
82 83 -0.0715265
82 96 -0.0444784
82 97 -0.0334629
83 0 -0.152363
83 10 0.367537
83 14 -0.160889
83 28 -0.176336
83 31 0.123674
83 38 -0.0603869
83 39 0.0792938
83 82 -0.0715265
83 83 0.642838
83 84 0.060136
83 97 -0.0817234
83 98 -0.0647237
84 14 0.02491
84 16 0.419964
84 28 -0.365863
84 38 -0.0310274
84 43 -0.0175991
84 81 -0.0717964
84 83 0.060136
84 84 0.359724
84 95 -0.0283978
84 98 -0.0240631
85 2 -0.00925918
85 11 0.125772
85 20 -0.147534
85 29 -0.118701
85 33 0.0587864
85 50 -0.0326669
85 51 0.0288278
85 85 0.421457
85 86 0.0320187
85 88 -0.025028
85 99 -0.042826
85 100 -0.0502775
86 12 0.235737
86 20 0.0439469
86 29 -0.318042
86 34 -0.0261283
86 50 -0.0145694
86 85 0.0320187
86 86 0.292145
86 87 -0.0249757
86 100 -0.0220526
86 101 -0.0201831
87 0 0.100999
87 11 0.000223063
87 12 -0.0938183
87 29 -0.130262
87 32 0.0701726
87 34 0.0242328
87 35 -0.0194989
87 86 -0.0249757
87 87 0.441555
87 88 0.0226471
87 101 -0.0532287
87 102 -0.0467362
88 0 0.173208
88 2 0.0691751
88 11 -0.259722
88 12 0.0826466
88 20 0.204018
88 29 -0.269326
88 32 -0.0115543
88 33 0.0148887
88 35 -0.0185627
88 51 -0.00772335
88 85 -0.025028
88 87 0.0226471
88 88 0.263356
88 99 -0.0203187
88 102 -0.0194133
89 0 0.5
89 12 -0.5
89 13 -0.5
89 35 -0.125
89 36 -0.125
89 89 0.430556
89 90 -0.125
89 91 -0.125
90 12 -0.180556
90 13 0.180556
90 34 0.0347222
90 89 -0.125
90 90 0.430556
90 91 0.0347222
91 12 0.180556
91 13 -0.180556
91 37 0.0347222
91 89 -0.125
91 90 0.0347222
91 91 0.430556
92 0 0.166667
92 10 -0.166667
92 11 -0.166667
92 15 0.166667
92 31 -0.0416667
92 32 -0.0416667
92 92 0.291667
92 93 -0.0416667
92 94 -0.0416667
93 1 0.208333
93 10 -0.208333
93 11 0.208333
93 15 -0.208333
93 30 -0.0625
93 41 -0.0416667
93 92 -0.0416667
93 93 0.291667
93 94 -0.0625
94 2 0.208333
94 10 0.208333
94 11 -0.208333
94 15 -0.208333
94 33 -0.0625
94 40 -0.0416667
94 92 -0.0416667
94 93 -0.0625
94 94 0.291667
95 16 -0.0811831
95 28 0.0649464
95 43 -0.0298232
95 81 -0.0634501
95 84 -0.0283978
95 95 0.0369465
96 1 -0.146007
96 10 0.109505
96 16 0.109505
96 28 -0.0730035
96 30 -0.0844479
96 42 -0.0446644
96 81 -0.0870866
96 82 -0.0444784
96 96 0.0517269
97 0 0.0861818
97 10 -0.107727
97 14 -0.0646363
97 28 0.0861818
97 31 -0.0805405
97 39 -0.0321922
97 82 -0.0334629
97 83 -0.0817234
97 97 0.0453997
98 14 0.0530019
98 28 -0.0636022
98 38 -0.022162
98 83 -0.0647237
98 84 -0.0240631
98 98 0.0350107
99 2 0.0218267
99 11 -0.0181889
99 20 -0.0254644
99 29 0.0218267
99 33 -0.0414426
99 51 -0.0223994
99 85 -0.042826
99 88 -0.0203187
99 99 0.0253672
100 20 0.0389432
100 29 -0.0311546
100 50 -0.0239469
100 85 -0.0502775
100 86 -0.0220526
100 100 0.0294045
101 12 -0.0259701
101 29 0.0311641
101 34 -0.0180222
101 86 -0.0201831
101 87 -0.0532287
101 101 0.0290943
102 0 -0.0134331
102 11 0.015672
102 12 0.015672
102 29 -0.0179108
102 32 -0.0452678
102 35 -0.0171488
102 87 -0.0467362
102 88 -0.0194133
102 102 0.0256935
466.14
187.488
321.417
0
0
0
0
0
0
0
228.752
331.644
576.356
744.656
519.818
249.589
291.889
312.47
311.658
434.395
412.848
0
0
0
0
0
0
0
250.044
370.995
-25.1612
-30.2979
-47.4482
-42.3192
-62.295
-68.0118
-62.1292
-61.9464
-58.1395
-52.7933
-20.7776
-20.8193
-30.3972
-35.6174
-26.0266
-26.0455
-25.9912
-25.958
-36.1245
-36.2646
-45.4287
-50.8896
0
0
0
0
0
0
0
0
0
0
0
0
0
0
-62.2646
-62.1685
-62.356
-31.2738
-31.2594
-31.2702
-20.8115
-20.7978
-20.8187
-31.1344
-31.0551
-31.1139
-41.2764
-41.2347
-41.35
-36.4829
-36.4322
-46.8559
-46.9049
-56.7385
-56.4407
-66.9117
-67.2241
-61.926
-61.6789
-61.8664
-20.7698
-20.7978
-20.777
6.95012
5.20931
6.93297
8.68359
10.3486
8.56447
10.2464
12.057
