3028
220 220
0 0 10.0241
0 10 -0.161251
0 11 -0.144605
0 12 -0.271007
0 13 -0.499943
0 14 0.0888046
0 28 0.0146596
0 29 -0.053202
0 32 1.01754
0 33 -3.16231
0 34 -2.20768
0 35 0.831928
0 40 2.17052
0 41 -3.08038
0 42 -3.99051
0 43 2.17679
0 48 -0.0582965
0 49 0.0160222
0 102 -0.0160286
0 103 0.0106641
0 134 0.187126
0 135 -0.0828953
0 136 0.0155677
0 137 -0.0505099
0 144 -0.587751
0 145 0.188989
0 146 -0.27134
0 147 0.102038
0 148 -0.679224
0 149 -0.310337
0 154 -0.0457091
0 155 -0.0684104
0 160 -0.351213
0 188 1.07033
0 189 -0.801828
0 190 0.31703
0 191 -0.422554
0 208 -2.48174
0 209 0.895867
0 210 -0.312278
0 211 0.824476
0 212 0.405629
0 216 -0.131192
1 1 4.75548
1 10 -0.0749819
1 15 -0.163551
1 16 0.0169872
1 17 -0.102387
1 28 -0.0476935
1 30 -1.35292
1 31 0.568002
1 52 0.677352
1 53 -1.15283
1 54 -0.210532
1 55 0.00530918
1 60 0.432818
1 61 -0.801537
1 112 0.0128614
1 113 -0.00239154
1 118 -0.0296131
1 119 -0.0650155
1 132 -0.36789
1 133 0.143813
1 134 -0.58614
1 135 0.208583
1 156 -0.119819
1 157 -0.104357
1 166 -0.147591
1 170 0.00455047
1 184 -4.29677
1 185 1.69453
1 186 -0.623498
1 187 1.58363
1 217 0.162132
2 2 5.95766
2 11 -0.0997936
2 15 -0.228971
2 18 -0.187536
2 19 -0.230665
2 20 -0.116173
2 29 -0.00700183
2 36 0.621661
2 37 -1.33754
2 50 -1.77017
2 51 0.953898
2 64 0.78528
2 65 -1.49472
2 68 1.00981
2 69 -1.75379
2 72 1.04341
2 73 -1.59648
2 116 -0.00959012
2 117 -0.0340079
2 124 -0.00229779
2 125 -0.0175508
2 130 -0.137927
2 131 -0.301878
2 140 -0.111297
2 141 0.0156754
2 146 -0.0737121
2 147 0.00294826
2 158 -0.119214
2 159 -0.0748564
2 169 -0.171903
2 174 -0.248998
2 178 0.180279
2 196 -0.518255
2 197 -0.014711
2 198 0.0425796
2 199 0.0935442
2 218 0.00923797
3 3 1
4 4 1
5 5 1
6 6 1
7 7 1
8 8 1
9 9 1
10 0 -0.161251
10 1 -0.0749819
10 10 7.82355
10 11 -0.294392
10 14 -0.0683769
10 15 -0.14787
10 16 0.011958
10 28 0.2225
10 30 0.574724
10 31 -1.86506
10 32 -2.40207
10 33 0.985506
10 34 -0.182893
10 35 -0.167431
10 48 0.287596
10 49 -0.799319
10 52 -0.0317963
10 53 -0.0170561
10 54 0.143908
10 55 -0.0631929
10 132 -0.0453548
10 133 0.0448974
10 134 0.693904
10 135 -0.576761
10 136 0.214435
10 137 -0.562252
10 154 -2.09461
10 155 1.21993
10 156 -1.09006
10 157 0.647087
10 158 -0.121407
10 159 -0.0760347
10 184 -0.648834
10 185 1.01905
10 186 -0.398239
10 187 0.255127
10 188 2.39048
10 189 -6.1541
10 190 2.2902
10 191 -0.887447
10 216 0.218168
10 217 -0.109745
10 219 0.0323588
11 0 -0.144605
11 2 -0.0997936
11 10 -0.294392
11 11 7.11336
11 12 -0.015502
11 15 -0.178721
11 20 -0.0489655
11 29 0.365358
11 32 -0.0813414
11 33 -0.125699
11 34 0.814411
11 35 -1.87417
11 36 -1.66181
11 37 0.622064
11 40 0.0188067
11 41 -0.119584
11 50 -0.0415668
11 51 -0.0268266
11 72 0.101728
11 73 -0.263064
11 140 0.172425
11 141 -0.520368
11 144 0.0482776
11 145 -0.215424
11 146 0.259823
11 147 -0.0458986
11 154 1.22694
11 155 -2.28987
11 156 -0.0471754
11 157 -0.0327277
11 158 -1.30649
11 159 0.760142
11 196 0.813103
11 197 -0.317534
11 198 0.883221
11 199 -2.36123
11 208 0.264959
11 209 -0.0152873
11 210 0.153557
11 211 -1.02484
11 216 -0.0457928
11 218 -0.153643
11 219 -0.198707
12 0 -0.271007
12 11 -0.015502
12 12 19.9962
12 13 0.278041
12 29 -0.171902
12 34 -0.297337
12 35 0.064404
12 38 3.61868
12 39 -5.15195
12 40 -3.75429
12 41 1.56139
12 42 0.0099728
12 43 0.0553839
12 142 0.272129
12 143 -0.685643
12 144 -5.78402
12 145 1.46583
12 146 0.029298
12 147 -0.115849
12 148 4.23503
12 149 -1.2767
12 150 -10.8043
12 151 5.53182
12 152 0.0500665
12 153 -0.0317454
12 204 2.45217
12 205 -0.886111
12 206 2.21083
12 207 -6.3634
12 208 0.662736
12 209 -1.84625
12 210 0.324627
12 211 -0.105057
12 212 -0.603843
12 213 0.610703
12 215 -0.522357
13 0 -0.499943
13 12 0.278041
13 13 7.37407
13 14 -0.107533
13 40 -0.335629
13 41 -0.239329
13 42 1.85909
13 43 -3.5026
13 44 -2.11116
13 45 0.987175
13 48 -0.0460199
13 49 -0.106991
13 102 -0.756287
13 103 0.470219
13 104 -0.914175
13 105 0.42492
13 106 6.2008e-05
13 107 0.0355885
13 148 0.0110726
13 149 0.84254
13 150 -0.356596
13 151 -0.325673
13 152 -5.06591
13 153 3.09828
13 160 0.0150892
13 161 -0.442783
13 163 -0.227271
13 212 0.49654
13 214 0.203568
13 215 0.659794
14 0 0.0888046
14 10 -0.0683769
14 13 -0.107533
14 14 3.93309
14 28 -0.0439244
14 32 0.254881
14 33 -0.733223
14 42 -0.171908
14 43 -0.131101
14 46 -0.0801609
14 47 0.10452
14 48 -0.511962
14 49 0.509949
14 102 0.523531
14 103 -0.775186
14 104 -0.0576513
14 105 0.00860063
14 106 -0.637424
14 107 0.286758
14 134 0.124611
14 135 -0.268629
14 136 -1.55597
14 137 0.368645
14 138 -0.00959526
14 139 0.0250795
14 160 0.275856
14 162 -0.26567
14 163 -0.0516203
14 188 1.15109
14 189 -0.437616
14 190 0.963873
14 191 -2.67342
14 192 0.0172582
14 193 0.0330948
14 194 -0.11175
14 195 0.0348491
15 1 -0.163551
15 2 -0.228971
15 10 -0.14787
15 11 -0.178721
15 15 4.47522
15 17 -0.0916298
15 18 -0.104324
15 30 -0.0449875
15 31 -0.0793753
15 36 -0.159658
15 37 -0.134226
15 50 0.949227
15 51 -1.63999
15 52 -1.283
15 53 0.682023
15 60 -0.00305625
15 61 -0.017504
15 64 -0.036147
15 65 -0.0815194
15 114 -0.00495266
15 115 0.00182644
15 116 0.448366
15 117 -0.781419
15 118 0.3823
15 119 -0.673944
15 154 -0.0968975
15 155 -0.121963
15 156 0.65999
15 157 -1.05738
15 158 0.815593
15 159 -1.25199
15 169 -0.0233416
15 170 -0.144011
15 171 -0.132196
15 217 -0.0193238
15 218 0.190694
15 219 0.134205
16 1 0.0169872
16 10 0.011958
16 16 0.981538
16 17 -0.0253184
16 28 -0.0130725
16 30 0.0501883
16 31 -0.0413241
16 54 0.19941
16 55 -0.233119
16 56 -0.00912556
16 57 -0.00767349
16 60 -0.0378926
16 61 -0.0489146
16 108 0.106692
16 109 -0.251653
16 110 -0.00101758
16 111 -0.02954
16 112 -0.184413
16 113 0.137205
16 132 -0.401999
16 133 0.14055
16 134 -0.0385412
16 135 0.0411463
16 138 0.0352594
16 139 -0.100138
16 164 -0.0635868
16 166 0.0901162
16 167 0.00327938
16 180 0.230536
16 181 -0.623524
16 182 0.255334
16 183 -0.0942128
16 184 -0.297241
16 185 0.143695
16 186 -0.173716
16 187 0.274291
17 1 -0.102387
17 15 -0.0916298
17 16 -0.0253184
17 17 1.8703
17 18 -0.0981306
17 52 -0.0766203
17 53 -0.0595161
17 54 -0.0365149
17 55 -0.00672427
17 58 0.163932
17 59 -0.364222
17 60 -0.721583
17 61 0.418359
17 62 0.0102746
17 63 -0.0251278
17 108 0.0105634
17 109 0.00512406
17 110 0.092077
17 111 -0.173121
17 112 0.107806
17 113 -0.160604
17 114 0.406645
17 115 -0.698204
17 116 -0.0711516
17 117 -0.0965839
17 118 -0.629619
17 119 0.424685
17 165 -0.163111
17 166 -0.0185186
17 167 -0.0664983
17 168 -0.05115
17 170 0.111419
17 171 0.134659
18 2 -0.187536
18 15 -0.104324
18 17 -0.0981306
18 18 2.66942
18 19 -0.0612609
18 50 -0.103848
18 51 -0.0867434
18 58 0.0200813
18 59 -0.00433649
18 62 0.224478
18 63 -0.484851
18 64 -1.23116
18 65 0.756108
18 68 -0.100502
18 69 -0.134326
18 114 -0.763292
18 115 0.40898
18 116 -0.738566
18 117 0.474336
18 118 -0.0385025
18 119 -0.0728903
18 120 0.148789
18 121 -0.300493
18 122 0.00651069
18 123 -0.0275571
18 124 -0.454631
18 125 0.324114
18 168 -0.117207
18 169 0.155987
18 171 0.0357071
18 172 -0.234985
18 174 0.189692
18 175 -0.0413942
19 2 -0.230665
19 18 -0.0612609
19 19 4.27453
19 20 0.00204613
19 64 -0.0311643
19 65 -0.0596494
19 66 0.427348
19 67 -0.87256
19 68 -1.63904
19 69 0.895599
19 72 -0.197811
19 73 -0.139572
19 120 0.0241184
19 121 -0.0109734
19 122 0.465647
19 123 -1.07174
19 124 0.274625
19 125 -0.378589
19 126 1.42938
19 127 -2.29867
19 128 -0.197106
19 129 -0.217732
19 130 -0.343544
19 131 0.425308
19 173 -0.334509
19 174 0.0207898
19 175 -0.17144
19 176 0.0904746
19 178 0.292857
19 179 0.399641
20 2 -0.116173
20 11 -0.0489655
20 19 0.00204613
20 20 11.3063
20 29 -0.0720684
20 36 0.162253
20 37 -0.462105
20 68 0.0286143
20 69 0.00192119
20 70 1.74723
20 71 -2.68366
20 72 -1.87526
20 73 0.741489
20 126 -0.0301991
20 127 0.0219728
20 128 2.47468
20 129 -4.72201
20 130 -0.0503081
20 131 0.72524
20 140 -3.11409
20 141 0.848886
20 142 -0.0533546
20 143 -0.0093121
20 146 0.186746
20 147 -0.533016
20 177 0.271424
20 178 -0.367333
20 179 -0.311772
20 196 1.65004
20 197 -4.49672
20 198 1.63516
20 199 -0.597933
20 200 -0.428422
20 201 0.263977
20 202 -0.216773
20 203 -0.133729
21 21 1
22 22 1
23 23 1
24 24 1
25 25 1
26 26 1
27 27 1
28 0 0.0146596
28 1 -0.0476935
28 10 0.2225
28 14 -0.0439244
28 16 -0.0130725
28 28 2.60566
28 30 0.178315
28 31 -0.508013
28 32 0.04066
28 33 -0.0492726
28 46 0.0624769
28 47 -0.176225
28 48 0.0612062
28 49 -0.0568023
28 54 0.0819815
28 55 -0.165788
28 56 0.0168447
28 57 -0.00646404
28 132 0.16436
28 133 -0.770468
28 134 0.141819
28 135 0.0805695
28 136 0.306085
28 137 -0.976493
28 138 -0.173281
28 139 0.244606
28 180 0.0274386
28 181 -0.0815884
28 182 0.0854344
28 183 -0.0167292
28 184 -0.293158
28 185 0.766753
28 186 -1.70118
28 187 0.615712
28 188 0.211424
28 189 -0.430743
28 190 0.379421
28 191 -0.258326
28 192 -0.18573
28 193 0.502988
28 194 -1.29111
28 195 0.480443
29 0 -0.053202
29 2 -0.00700183
29 11 0.365358
29 12 -0.171902
29 20 -0.0720684
29 29 13.0236
29 34 0.182456
29 35 -0.539494
29 36 -0.186548
29 37 0.0306593
29 38 -0.0332522
29 39 -0.0717304
29 40 -0.563481
29 41 0.197502
29 70 0.262005
29 71 -0.650674
29 72 -0.0525197
29 73 0.0043575
29 140 1.00547
29 141 -4.15285
29 142 -0.286331
29 143 1.00717
29 144 1.26484
29 145 -4.58144
29 146 -0.757017
29 147 1.17462
29 196 -0.00642956
29 197 0.0803417
29 198 -1.04229
29 199 0.339547
29 200 -0.847309
29 201 2.29357
29 202 -5.83901
29 203 2.08015
29 204 0.189127
29 205 -0.191894
29 206 -0.864698
29 207 0.0151147
29 208 -0.649502
29 209 1.77612
29 210 -5.02558
29 211 1.84834
30 1 -1.35292
30 10 0.574724
30 15 -0.0449875
30 16 0.0501883
30 28 0.178315
30 30 10.898
30 31 -4.73762
30 52 0.148565
30 53 -0.793162
30 54 0.910093
30 55 -0.344869
30 132 0.110652
30 133 -0.566895
30 134 2.06264
30 135 -0.75711
30 156 0.535406
30 157 0.398019
30 184 -1.37797
30 185 -5.76811
30 186 2.29825
30 187 -0.0576286
30 217 -2.34773
31 1 0.568002
31 10 -1.86506
31 15 -0.0793753
31 16 -0.0413241
31 28 -0.508013
31 30 -4.73762
31 31 12.729
31 52 0.207355
31 53 0.11311
31 54 -0.597022
31 55 0.226763
31 132 0.121979
31 133 0.165447
31 134 -5.65722
31 135 2.09704
31 156 -2.30475
31 157 0.435922
31 184 2.66165
31 185 -1.22763
31 186 -0.178319
31 187 -0.840003
31 217 -1.2598
32 0 1.01754
32 10 -2.40207
32 11 -0.0813414
32 14 0.254881
32 28 0.04066
32 32 16.8093
32 33 -7.5227
32 34 0.8401
32 35 0.666713
32 48 -1.04086
32 49 2.80822
32 134 1.07055
32 135 -0.416203
32 136 -0.861118
32 137 0.280896
32 154 -1.51444
32 155 0.278678
32 188 -8.32925
32 189 -0.795565
32 190 -0.449685
32 191 3.3232
32 216 -3.94224
33 0 -3.16231
33 10 0.985506
33 11 -0.125699
33 14 -0.733223
33 28 -0.0492726
33 32 -7.5227
33 33 19.1283
33 34 -3.71116
33 35 0.701414
33 48 2.90199
33 49 -7.76253
33 134 -0.760048
33 135 0.293823
33 136 0.365825
33 137 0.0979853
33 154 0.247744
33 155 0.370454
33 188 -0.421304
33 189 3.06386
33 190 -0.955914
33 191 -0.65758
33 216 -2.23872
34 0 -2.20768
34 10 -0.182893
34 11 0.814411
34 12 -0.297337
34 29 0.182456
34 32 0.8401
34 33 -3.71116
34 34 15.1748
34 35 -5.93495
34 40 0.277498
34 41 -1.38844
34 144 0.532941
34 145 -0.743743
34 146 0.827228
34 147 -0.31819
34 154 0.437888
34 155 0.372851
34 208 -0.750423
34 209 0.305794
34 210 0.921958
34 211 -2.39132
34 216 -2.66073
35 0 0.831928
35 10 -0.167431
35 11 -1.87417
35 12 0.064404
35 29 -0.539494
35 32 0.666713
35 33 0.701414
35 34 -5.93495
35 35 14.4881
35 40 -0.0436742
35 41 0.344403
35 144 -0.306022
35 145 0.456723
35 146 -2.40656
35 147 0.892271
35 154 0.559045
35 155 -2.24009
35 208 -0.625003
35 209 -0.0457661
35 210 0.378807
35 211 -1.00572
35 216 -4.10836
36 2 0.621661
36 11 -1.66181
36 15 -0.159658
36 20 0.162253
36 29 -0.186548
36 36 12.8053
36 37 -4.72852
36 50 0.258127
36 51 0.34937
36 72 -0.306231
36 73 0.767568
36 140 -0.631872
36 141 0.336387
36 146 -0.893319
36 147 0.1089
36 158 -3.22666
36 159 0.729672
36 196 -2.13887
36 197 0.869566
36 198 0.488916
36 199 -1.36029
36 218 -2.12542
37 2 -1.33754
37 11 0.622064
37 15 -0.134226
37 20 -0.462105
37 29 0.0306593
37 36 -4.72852
37 37 11.7479
37 50 -1.70327
37 51 0.4398
37 72 0.823906
37 73 -2.14413
37 140 0.269473
37 141 -0.142775
37 146 0.183835
37 147 0.0130594
37 158 0.630187
37 159 0.557227
37 196 -1.5139
37 197 0.542997
37 198 -0.285675
37 199 0.081172
37 218 -3.42927
38 12 3.61868
38 29 -0.0332522
38 38 61.9794
38 39 -22.8016
38 142 -1.18549
38 143 0.478318
38 144 0.00681582
38 145 0.149308
38 150 -1.52048
38 151 -0.983119
38 204 -25.377
38 205 6.74145
38 206 -2.41075
38 207 6.55249
38 213 7.49558
39 12 -5.15195
39 29 -0.0717304
39 38 -22.8016
39 39 51.9532
39 142 -0.838665
39 143 -0.923831
39 144 -1.47717
39 145 0.137667
39 150 4.87904
39 151 -0.605834
39 204 -4.06872
39 205 2.07582
39 206 5.30714
39 207 -20.0306
39 213 -21.6117
40 0 2.17052
40 11 0.0188067
40 12 -3.75429
40 13 -0.335629
40 29 -0.563481
40 34 0.277498
40 35 -0.0436742
40 40 34.981
40 41 -13.058
40 42 -0.974994
40 43 -0.547684
40 144 -5.35996
40 145 1.82242
40 146 0.0833414
40 147 -0.578605
40 148 -12.8303
40 149 2.57235
40 208 2.02346
40 209 -12.9927
40 210 3.42416
40 211 -0.690071
40 212 4.61391
41 0 -3.08038
41 11 -0.119584
41 12 1.56139
41 13 -0.239329
41 29 0.197502
41 34 -1.38844
41 35 0.344403
41 40 -13.058
41 41 28.1261
41 42 2.71405
41 43 -0.220308
41 144 1.97626
41 145 -0.665952
41 146 -0.418261
41 147 -0.31085
41 148 2.78813
41 149 1.93788
41 208 -9.71029
41 209 -0.983531
41 210 0.604253
41 211 2.54908
41 212 -12.4441
42 0 -3.99051
42 12 0.0099728
42 13 1.85909
42 14 -0.171908
42 40 -0.974994
42 41 2.71405
42 42 20.1504
42 43 -9.50147
42 48 0.578377
42 49 -2.21884
42 102 0.221481
42 103 0.45048
42 148 1.67593
42 149 1.33468
42 160 -2.76695
42 212 -9.19904
43 0 2.17679
43 12 0.0553839
43 13 -3.5026
43 14 -0.131101
43 40 -0.547684
43 41 -0.220308
43 42 -9.50147
43 43 17.542
43 48 0.345033
43 49 0.410998
43 102 -2.11106
43 103 0.54598
43 148 1.09194
43 149 -5.90746
43 160 -2.13592
43 212 1.99996
44 13 -2.11116
44 44 9.80519
44 45 -3.94766
44 104 -1.48344
44 105 0.395125
44 152 1.62635
44 153 -0.811705
44 161 -0.673286
44 214 -4.57412
45 13 0.987175
45 44 -3.94766
45 45 5.61724
45 104 0.342501
45 105 0.17327
45 152 0.102936
45 153 -0.327706
45 161 -1.11675
45 214 0.397478
46 14 -0.0801609
46 28 0.0624769
46 46 2.03842
46 47 -1.0507
46 106 0.2476
46 107 0.103962
46 136 0.696412
46 137 -0.238586
46 138 -0.0362133
46 139 -0.0744523
46 162 -0.645035
46 192 -0.929581
46 193 -0.48828
46 194 0.230671
46 195 0.228013
47 14 0.10452
47 28 -0.176225
47 46 -1.0507
47 47 4.88337
47 106 -0.890064
47 107 0.194975
47 136 -1.86256
47 137 0.65161
47 138 0.0494807
47 139 -0.104469
47 162 -0.261915
47 192 0.701685
47 193 -2.5392
47 194 0.633044
47 195 -0.245845
48 0 -0.0582965
48 10 0.287596
48 13 -0.0460199
48 14 -0.511962
48 28 0.0612062
48 32 -1.04086
48 33 2.90199
48 42 0.578377
48 43 0.345033
48 48 13.2066
48 49 -4.88653
48 102 0.258595
48 103 -1.24488
48 134 -0.513495
48 135 -0.278054
48 136 0.387294
48 137 -0.273931
48 160 -2.13
48 188 -3.52532
48 189 1.58461
48 190 1.70756
48 191 -6.76182
49 0 0.0160222
49 10 -0.799319
49 13 -0.106991
49 14 0.509949
49 28 -0.0568023
49 32 2.80822
49 33 -7.76253
49 42 -2.21884
49 43 0.410998
49 48 -4.88653
49 49 19.4474
49 102 0.355602
49 103 0.0879155
49 134 -0.42764
49 135 0.34347
49 136 -0.512814
49 137 0.237601
49 160 -2.19112
49 188 -10.4916
49 189 2.66503
49 190 -1.58687
49 191 4.27128
50 2 -1.77017
50 11 -0.0415668
50 15 0.949227
50 18 -0.103848
50 36 0.258127
50 37 -1.70327
50 50 10.7944
50 51 -4.7373
50 64 0.407637
50 65 -1.6955
50 116 0.250556
50 117 0.160827
50 158 0.300142
50 159 0.246625
50 169 -1.49312
50 218 -1.78523
51 2 0.953898
51 11 -0.0268266
51 15 -1.63999
51 18 -0.0867434
51 36 0.34937
51 37 0.4398
51 50 -4.7373
51 51 9.94782
51 64 0.274151
51 65 0.316419
51 116 0.322926
51 117 -1.26309
51 158 0.174983
51 159 -1.20923
51 169 -1.70258
51 218 -2.08547
52 1 0.677352
52 10 -0.0317963
52 15 -1.283
52 17 -0.0766203
52 30 0.148565
52 31 0.207355
52 52 7.8312
52 53 -3.38379
52 60 0.175597
52 61 0.0926487
52 118 0.303271
52 119 -1.27284
52 156 0.196254
52 157 -1.2872
52 170 -1.03659
52 217 -1.23228
53 1 -1.15283
53 10 -0.0170561
53 15 0.682023
53 17 -0.0595161
53 30 -0.793162
53 31 0.11311
53 52 -3.38379
53 53 6.98465
53 60 0.21856
53 61 -0.840435
53 118 0.199193
53 119 0.248241
53 156 0.256582
53 157 0.341739
53 170 -1.24606
53 217 -1.53251
54 1 -0.210532
54 10 0.143908
54 16 0.19941
54 17 -0.0365149
54 28 0.0819815
54 30 0.910093
54 31 -0.597022
54 54 6.67889
54 55 -1.67223
54 60 0.103554
54 61 -0.626757
54 112 0.0513932
54 113 0.163894
54 132 0.505587
54 133 -0.218428
54 134 -0.205814
54 135 -0.371734
54 166 -1.04779
54 184 -3.94638
54 185 1.22445
54 186 0.916872
54 187 -2.02697
55 1 0.00530918
55 10 -0.0631929
55 16 -0.233119
55 17 -0.00672427
55 28 -0.165788
55 30 -0.344869
55 31 0.226763
55 54 -1.67223
55 55 3.81174
55 60 0.0898844
55 61 0.168753
55 112 -0.506912
55 113 0.0967993
55 132 -1.04843
55 133 0.432143
55 134 0.219084
55 135 -0.124563
55 166 -0.542546
55 184 2.00595
55 185 -0.886108
55 186 0.702293
55 187 -2.1578
56 16 -0.00912556
56 28 0.0168447
56 56 0.896053
56 57 -0.207341
56 108 0.0325618
56 109 -0.168305
56 132 0.0796789
56 133 -0.0744391
56 138 -0.0409741
56 139 -0.0398456
56 164 -0.0870585
56 180 -0.157118
56 181 -0.551072
56 182 0.204151
56 183 0.0761927
57 16 -0.00767349
57 28 -0.00646404
57 56 -0.207341
57 57 0.248306
57 108 0.0172177
57 109 0.0494847
57 132 -0.0194388
57 133 0.0231677
57 138 -0.0107486
57 139 0.0233138
57 164 -0.0975306
57 180 -0.130222
57 181 0.189345
57 182 -0.0936118
57 183 0.0571947
58 17 0.163932
58 18 0.0200813
58 58 1.38841
58 59 -0.824644
58 62 -0.070651
58 63 -0.0279755
58 110 0.0488583
58 111 0.108617
58 114 0.0963703
58 115 0.167045
58 165 -0.343529
58 168 -0.548562
59 17 -0.364222
59 18 -0.00433649
59 58 -0.824644
59 59 2.47831
59 62 -0.00985566
59 63 0.0896484
59 110 0.11198
59 111 -0.437938
59 114 0.0456546
59 115 -0.538523
59 165 -0.0738856
59 168 -0.510153
60 1 0.432818
60 15 -0.00305625
60 16 -0.0378926
60 17 -0.721583
60 52 0.175597
60 53 0.21856
60 54 0.103554
60 55 0.0898844
60 60 4.61434
60 61 -2.16934
60 112 0.144601
60 113 -0.517353
60 118 -0.846752
60 119 0.11221
60 166 -0.557586
60 170 -1.02274
61 1 -0.801537
61 15 -0.017504
61 16 -0.0489146
61 17 0.418359
61 52 0.0926487
61 53 -0.840435
61 54 -0.626757
61 55 0.168753
61 60 -2.16934
61 61 5.26856
61 112 0.107068
61 113 0.0174228
61 118 0.169531
61 119 0.232282
61 166 -0.599616
61 170 -1.3468
62 17 0.0102746
62 18 0.224478
62 58 -0.070651
62 59 -0.00985566
62 62 1.66226
62 63 -1.08016
62 114 0.209793
62 115 0.10176
62 120 0.0777042
62 121 0.195604
62 168 -0.608909
62 172 -0.524819
63 17 -0.0251278
63 18 -0.484851
63 58 -0.0279755
63 59 0.0896484
63 62 -1.08016
63 63 3.18642
63 114 -0.739319
63 115 0.114055
63 120 0.138001
63 121 -0.640595
63 168 -0.53366
63 172 -0.0273252
64 2 0.78528
64 15 -0.036147
64 18 -1.23116
64 19 -0.0311643
64 50 0.407637
64 51 0.274151
64 64 7.54431
64 65 -3.84083
64 68 0.203168
64 69 0.363768
64 116 -1.18545
64 117 0.22588
64 124 -0.638037
64 125 0.143931
64 169 -1.64896
64 174 -1.31648
65 2 -1.49472
65 15 -0.0815194
65 18 0.756108
65 19 -0.0596494
65 50 -1.6955
65 51 0.316419
65 64 -3.84083
65 65 9.50415
65 68 0.244328
65 69 -1.28423
65 116 0.168558
65 117 0.325195
65 124 -0.00636819
65 125 0.178828
65 169 -1.97062
65 174 -1.01356
66 19 0.427348
66 66 3.20753
66 67 -1.95579
66 122 0.109345
66 123 0.200496
66 126 -0.015067
66 127 0.201441
66 173 -0.662336
66 176 -0.415977
67 19 -0.87256
67 66 -1.95579
67 67 5.668
67 122 0.27166
67 123 -0.910228
67 126 -0.275379
67 127 0.110098
67 173 -0.882009
67 176 -1.96263
68 2 1.00981
68 18 -0.100502
68 19 -1.63904
68 20 0.0286143
68 64 0.203168
68 65 0.244328
68 68 10.2545
68 69 -4.82036
68 72 -0.0291295
68 73 0.124742
68 124 0.517179
68 125 -2.16723
68 130 -2.52035
68 131 0.399648
68 174 -1.22304
68 178 -0.239475
69 2 -1.75379
69 18 -0.134326
69 19 0.895599
69 20 0.00192119
69 64 0.363768
69 65 -1.28423
69 68 -4.82036
69 69 11.7579
69 72 -0.267594
69 73 0.215174
69 124 0.465528
69 125 0.303188
69 130 0.577845
69 131 0.72951
69 174 -2.952
69 178 -4.03154
70 20 1.74723
70 29 0.262005
70 70 35.0846
70 71 -12.1797
70 128 -0.0452009
70 129 -0.349316
70 140 2.15827
70 141 -0.822909
70 142 -0.788821
70 143 -0.89091
70 177 0.790074
70 200 -15.259
70 201 4.34554
70 202 2.38993
70 203 -5.34647
71 20 -2.68366
71 29 -0.650674
71 70 -12.1797
71 71 28.9795
71 128 0.127504
71 129 0.330294
71 140 -5.40874
71 141 1.99796
71 142 0.449854
71 143 -0.603999
71 177 -9.67553
71 200 5.61165
71 201 -2.21933
71 202 3.36387
71 203 -11.7714
72 2 1.04341
72 11 0.101728
72 19 -0.197811
72 20 -1.87526
72 29 -0.0525197
72 36 -0.306231
72 37 0.823906
72 68 -0.0291295
72 69 -0.267594
72 72 19.2829
72 73 -6.81933
72 130 1.21553
72 131 -5.82094
72 140 -0.517569
72 141 -0.0321115
72 146 -0.353189
72 147 -0.365459
72 178 0.607546
72 196 -1.90746
72 197 -7.37559
72 198 2.1163
72 199 0.852711
73 2 -1.59648
73 11 -0.263064
73 19 -0.139572
73 20 0.741489
73 29 0.0043575
73 36 0.767568
73 37 -2.14413
73 68 0.124742
73 69 0.215174
73 72 -6.81933
73 73 15.3597
73 130 0.876628
73 131 1.25452
73 140 0.135606
73 141 0.0361163
73 146 -0.256947
73 147 0.0932881
73 178 -5.58764
73 196 -5.40485
73 197 1.84008
73 198 -0.711272
73 199 1.55308
74 74 1
75 75 1
76 76 1
77 77 1
78 78 1
79 79 1
80 80 1
81 81 1
82 82 1
83 83 1
84 84 1
85 85 1
86 86 1
87 87 1
88 88 1
89 89 1
90 90 1
91 91 1
92 92 1
93 93 1
94 94 1
95 95 1
96 96 1
97 97 1
98 98 1
99 99 1
100 100 1
101 101 1
102 0 -0.0160286
102 13 -0.756287
102 14 0.523531
102 42 0.221481
102 43 -2.11106
102 48 0.258595
102 49 0.355602
102 102 9.63107
102 103 -3.06914
102 104 -1.99543
102 105 0.57656
102 106 0.151488
102 107 0.258
102 160 -2.12275
102 163 -1.63925
103 0 0.0106641
103 13 0.470219
103 14 -0.775186
103 42 0.45048
103 43 0.54598
103 48 -1.24488
103 49 0.0879155
103 102 -3.06914
103 103 8.26849
103 104 0.348735
103 105 0.267837
103 106 -1.30823
103 107 0.418842
103 160 -2.50281
103 163 -1.78095
104 13 -0.914175
104 14 -0.0576513
104 44 -1.48344
104 45 0.342501
104 102 -1.99543
104 103 0.348735
104 104 6.78837
104 105 -2.24893
104 106 0.0678013
104 107 -0.126478
104 161 -0.495715
104 163 -0.342861
105 13 0.42492
105 14 0.00860063
105 44 0.395125
105 45 0.17327
105 102 0.57656
105 103 0.267837
105 104 -2.24893
105 105 3.55369
105 106 -0.0643482
105 107 0.154665
105 161 -1.08548
105 163 -1.65418
106 13 6.2008e-05
106 14 -0.637424
106 46 0.2476
106 47 -0.890064
106 102 0.151488
106 103 -1.30823
106 104 0.0678013
106 105 -0.0643482
106 106 4.74192
106 107 -1.57958
106 162 -0.439486
106 163 -0.399483
107 13 0.0355885
107 14 0.286758
107 46 0.103962
107 47 0.194975
107 102 0.258
107 103 0.418842
107 104 -0.126478
107 105 0.154665
107 106 -1.57958
107 107 2.81558
107 162 -0.676305
107 163 -1.4335
108 16 0.106692
108 17 0.0105634
108 56 0.0325618
108 57 0.0172177
108 108 0.726013
108 109 -0.483693
108 110 0.0741845
108 111 -0.0371367
108 112 0.110752
108 113 0.0593246
108 164 -0.126442
108 167 -0.354229
109 16 -0.251653
109 17 0.00512406
109 56 -0.168305
109 57 0.0494847
109 108 -0.483693
109 109 1.14697
109 110 -0.0193442
109 111 0.0100295
109 112 -0.243742
109 113 0.0197365
109 164 -0.0485829
109 167 -0.0648803
110 16 -0.00101758
110 17 0.092077
110 58 0.0488583
110 59 0.11198
110 108 0.0741845
110 109 -0.0193442
110 110 1.07804
110 111 -0.633453
110 112 0.109182
110 113 0.244664
110 165 -0.287497
110 167 -0.65198
111 16 -0.02954
111 17 -0.173121
111 58 0.108617
111 59 -0.437938
111 108 -0.0371367
111 109 0.0100295
111 110 -0.633453
111 111 2.24042
111 112 0.172948
111 113 -0.906409
111 165 -0.329325
111 167 -0.0492181
112 1 0.0128614
112 16 -0.184413
112 17 0.107806
112 54 0.0513932
112 55 -0.506912
112 60 0.144601
112 61 0.107068
112 108 0.110752
112 109 -0.243742
112 110 0.109182
112 111 0.172948
112 112 2.34695
112 113 -0.838677
112 166 -0.586332
112 167 -0.757179
113 1 -0.00239154
113 16 0.137205
113 17 -0.160604
113 54 0.163894
113 55 0.0967993
113 60 -0.517353
113 61 0.0174228
113 108 0.0593246
113 109 0.0197365
113 110 0.244664
113 111 -0.906409
113 112 -0.838677
113 113 3.09441
113 166 -0.968185
113 167 -0.362405
114 15 -0.00495266
114 17 0.406645
114 18 -0.763292
114 58 0.0963703
114 59 0.0456546
114 62 0.209793
114 63 -0.739319
114 114 4.65639
114 115 -2.03027
114 116 -0.750383
114 117 0.0815293
114 118 0.116512
114 119 0.137042
114 168 -0.571452
114 171 -0.815353
115 15 0.00182644
115 17 -0.698204
115 18 0.40898
115 58 0.167045
115 59 -0.538523
115 62 0.10176
115 63 0.114055
115 114 -2.03027
115 115 4.23312
115 116 0.222495
115 117 0.168064
115 118 -0.487958
115 119 0.0403494
115 168 -0.653492
115 171 -0.988163
116 2 -0.00959012
116 15 0.448366
116 17 -0.0711516
116 18 -0.738566
116 50 0.250556
116 51 0.322926
116 64 -1.18545
116 65 0.168558
116 114 -0.750383
116 115 0.222495
116 116 6.61041
116 117 -2.64923
116 118 0.288532
116 119 0.364695
116 169 -1.46802
116 171 -1.78735
117 2 -0.0340079
117 15 -0.781419
117 17 -0.0965839
117 18 0.474336
117 50 0.160827
117 51 -1.26309
117 64 0.22588
117 65 0.325195
117 114 0.0815293
117 115 0.168064
117 116 -2.64923
117 117 7.7379
117 118 0.424978
117 119 -1.82025
117 169 -1.8997
117 171 -1.02591
118 1 -0.0296131
118 15 0.3823
118 17 -0.629619
118 18 -0.0385025
118 52 0.303271
118 53 0.199193
118 60 -0.846752
118 61 0.169531
118 114 0.116512
118 115 -0.487958
118 116 0.288532
118 117 0.424978
118 118 5.38171
118 119 -2.30253
118 170 -1.20368
118 171 -1.71605
119 1 -0.0650155
119 15 -0.673944
119 17 0.424685
119 18 -0.0728903
119 52 -1.27284
119 53 0.248241
119 60 0.11221
119 61 0.232282
119 114 0.137042
119 115 0.0403494
119 116 0.364695
119 117 -1.82025
119 118 -2.30253
119 119 6.9385
119 170 -1.41771
119 171 -0.845078
120 18 0.148789
120 19 0.0241184
120 62 0.0777042
120 63 0.138001
120 120 2.20479
120 121 -1.06196
120 122 0.171898
120 123 -0.121778
120 124 0.401955
120 125 0.269375
120 172 -0.472369
120 175 -1.40967
121 18 -0.300493
121 19 -0.0109734
121 62 0.195604
121 63 -0.640595
121 120 -1.06196
121 121 3.8032
121 122 -0.049744
121 123 0.029898
121 124 -1.45935
121 125 0.214273
121 172 -0.639742
121 175 -0.196636
122 18 0.00651069
122 19 0.465647
122 66 0.109345
122 67 0.27166
122 120 0.171898
122 121 -0.049744
122 122 2.6653
122 123 -1.97109
122 124 0.15651
122 125 0.373143
122 173 -0.741906
122 175 -1.05653
123 18 -0.0275571
123 19 -1.07174
123 66 0.200496
123 67 -0.910228
123 120 -0.121778
123 121 0.029898
123 122 -1.97109
123 123 4.78817
123 124 0.186681
123 125 -1.10952
123 173 -0.0526279
123 175 -0.0724912
124 2 -0.00229779
124 18 -0.454631
124 19 0.274625
124 64 -0.638037
124 65 -0.00636819
124 68 0.517179
124 69 0.465528
124 120 0.401955
124 121 -1.45935
124 122 0.15651
124 123 0.186681
124 124 6.26821
124 125 -2.04589
124 174 -2.54468
124 175 -0.992868
125 2 -0.0175508
125 18 0.324114
125 19 -0.378589
125 64 0.143931
125 65 0.178828
125 68 -2.16723
125 69 0.303188
125 120 0.269375
125 121 0.214273
125 122 0.373143
125 123 -1.10952
125 124 -2.04589
125 125 6.94334
125 174 -1.08233
125 175 -1.7914
126 19 1.42938
126 20 -0.0301991
126 66 -0.015067
126 67 -0.275379
126 126 15.8451
126 127 -7.05857
126 128 -0.16495
126 129 -0.179938
126 130 0.426074
126 131 0.76463
126 176 0.603026
126 179 -4.37473
127 19 -2.29867
127 20 0.0219728
127 66 0.201441
127 67 0.110098
127 126 -7.05857
127 127 12.3541
127 128 0.272568
127 129 0.0190848
127 130 -2.50033
127 131 0.422921
127 176 -3.85645
127 179 -0.5903
128 19 -0.197106
128 20 2.47468
128 70 -0.0452009
128 71 0.127504
128 126 -0.16495
128 127 0.272568
128 128 22.4226
128 129 -11.5813
128 130 0.984142
128 131 1.06634
128 177 -0.228928
128 179 -6.19581
129 19 -0.217732
129 20 -4.72201
129 70 -0.349316
129 71 0.330294
129 126 -0.179938
129 127 0.0190848
129 128 -11.5813
129 129 24.0702
129 130 1.28668
129 131 -5.93293
129 177 -7.78171
129 179 0.282497
130 2 -0.137927
130 19 -0.343544
130 20 -0.0503081
130 68 -2.52035
130 69 0.577845
130 72 1.21553
130 73 0.876628
130 126 0.426074
130 127 -2.50033
130 128 0.984142
130 129 1.28668
130 130 14.1891
130 131 -3.41016
130 178 -5.0798
130 179 -5.39393
131 2 -0.301878
131 19 0.425308
131 20 0.72524
131 68 0.399648
131 69 0.72951
131 72 -5.82094
131 73 1.25452
131 126 0.76463
131 127 0.422921
131 128 1.06634
131 129 -5.93293
131 130 -3.41016
131 131 19.7617
131 178 -4.774
131 179 -4.94201
132 1 -0.36789
132 10 -0.0453548
132 16 -0.401999
132 28 0.16436
132 30 0.110652
132 31 0.121979
132 54 0.505587
132 55 -1.04843
132 56 0.0796789
132 57 -0.0194388
132 132 2.92455
132 133 -1.46502
132 134 0.170896
132 135 -0.197097
132 138 -0.141224
132 139 0.390633
132 180 -0.0520812
132 181 -0.132188
132 182 -1.01749
132 183 0.405175
132 184 0.491539
132 185 -0.69326
132 186 0.852494
132 187 -0.59271
133 1 0.143813
133 10 0.0448974
133 16 0.14055
133 28 -0.770468
133 30 -0.566895
133 31 0.165447
133 54 -0.218428
133 55 0.432143
133 56 -0.0744391
133 57 0.0231677
133 132 -1.46502
133 133 3.83719
133 134 -0.392675
133 135 0.345532
133 138 0.412669
133 139 -1.11615
133 180 -0.0772677
133 181 0.335155
133 182 -0.103657
133 183 -0.0980426
133 184 0.699791
133 185 0.505026
133 186 -0.600934
133 187 -1.5402
134 0 0.187126
134 1 -0.58614
134 10 0.693904
134 14 0.124611
134 16 -0.0385412
134 28 0.141819
134 30 2.06264
134 31 -5.65722
134 32 1.07055
134 33 -0.760048
134 48 -0.513495
134 49 -0.42764
134 54 -0.205814
134 55 0.219084
134 132 0.170896
134 133 -0.392675
134 134 16.252
134 135 -3.29764
134 136 -0.356775
134 137 0.858644
134 184 1.51136
134 185 -6.18697
134 186 2.86525
134 187 -1.05961
134 188 2.20574
134 189 -7.27256
134 190 -2.90259
134 191 1.32417
135 0 -0.0828953
135 1 0.208583
135 10 -0.576761
135 14 -0.268629
135 16 0.0411463
135 28 0.0805695
135 30 -0.75711
135 31 2.09704
135 32 -0.416203
135 33 0.293823
135 48 -0.278054
135 49 0.34347
135 54 -0.371734
135 55 -0.124563
135 132 -0.197097
135 133 0.345532
135 134 -3.29764
135 135 9.72254
135 136 0.764657
135 137 -1.92953
135 184 1.18735
135 185 -2.72087
135 186 -3.71575
135 187 0.893111
135 188 -1.37794
135 189 3.25147
135 190 -4.48374
135 191 1.38796
136 0 0.0155677
136 10 0.214435
136 14 -1.55597
136 28 0.306085
136 32 -0.861118
136 33 0.365825
136 46 0.696412
136 47 -1.86256
136 48 0.387294
136 49 -0.512814
136 134 -0.356775
136 135 0.764657
136 136 6.66849
136 137 -2.84727
136 138 0.0348543
136 139 -0.113488
136 188 0.487147
136 189 1.16688
136 190 -2.68802
136 191 -0.421675
136 192 -0.293696
136 193 0.149737
136 194 0.421014
136 195 -0.0688678
137 0 -0.0505099
137 10 -0.562252
137 14 0.368645
137 28 -0.976493
137 32 0.280896
137 33 0.0979853
137 46 -0.238586
137 47 0.65161
137 48 -0.273931
137 49 0.237601
137 134 0.858644
137 135 -1.92953
137 136 -2.84727
137 137 5.53249
137 138 -0.0137575
137 139 0.0905177
137 188 -0.929005
137 189 0.503503
137 190 -0.52425
137 191 1.12304
137 192 0.763982
137 193 -1.90518
137 194 0.0233266
137 195 -0.207258
138 14 -0.00959526
138 16 0.0352594
138 28 -0.173281
138 46 -0.0362133
138 47 0.0494807
138 56 -0.0409741
138 57 -0.0107486
138 132 -0.141224
138 133 0.412669
138 136 0.0348543
138 137 -0.0137575
138 138 1.0947
138 139 -0.560696
138 180 0.0847975
138 181 0.143299
138 182 -0.319351
138 183 -0.386563
138 192 0.173594
138 193 -0.203864
138 194 0.471682
138 195 -0.52189
139 14 0.0250795
139 16 -0.100138
139 28 0.244606
139 46 -0.0744523
139 47 -0.104469
139 56 -0.0398456
139 57 0.0233138
139 132 0.390633
139 133 -1.11615
139 136 -0.113488
139 137 0.0905177
139 138 -0.560696
139 139 3.17434
139 180 -0.127629
139 181 0.278658
139 182 -1.20369
139 183 0.380955
139 192 0.169166
139 193 0.496389
139 194 -1.53811
139 195 -0.356113
140 2 -0.111297
140 11 0.172425
140 20 -3.11409
140 29 1.00547
140 36 -0.631872
140 37 0.269473
140 70 2.15827
140 71 -5.40874
140 72 -0.517569
140 73 0.135606
140 140 20.3962
140 141 -9.17238
140 142 0.229927
140 143 -0.107461
140 146 -0.62509
140 147 1.71275
140 196 -0.153191
140 197 -1.41513
140 198 -5.07536
140 199 2.06015
140 200 0.76048
140 201 -1.1181
140 202 1.37534
140 203 -2.13702
141 2 0.0156754
141 11 -0.520368
141 20 0.848886
141 29 -4.15285
141 36 0.336387
141 37 -0.142775
141 70 -0.822909
141 71 1.99796
141 72 -0.0321115
141 73 0.0361163
141 140 -9.17238
141 141 21.8996
141 142 -0.258999
141 143 -0.659854
141 146 1.79966
141 147 -4.89835
141 196 -0.062498
141 197 0.51351
141 198 -1.04208
141 199 -0.3123
141 200 2.54091
141 201 0.613795
141 202 -1.72411
141 203 -6.0725
142 12 0.272129
142 20 -0.0533546
142 29 -0.286331
142 38 -1.18549
142 39 -0.838665
142 70 -0.788821
142 71 0.449854
142 140 0.229927
142 141 -0.258999
142 142 44.7959
142 143 -9.32557
142 144 -0.870359
142 145 2.33787
142 200 5.00255
142 201 -19.1403
142 202 5.98742
142 203 -2.26671
142 204 5.94373
142 205 -20.7286
142 206 -4.69165
142 207 2.19064
143 12 -0.685643
143 20 -0.0093121
143 29 1.00717
143 38 0.478318
143 39 -0.923831
143 70 -0.89091
143 71 -0.603999
143 140 -0.107461
143 141 -0.659854
143 142 -9.32557
143 143 35.452
143 144 2.15394
143 145 -5.98123
143 200 2.32238
143 201 -4.89912
143 202 -14.9824
143 203 3.89234
143 204 -2.35598
143 205 6.14018
143 206 -16.2867
143 207 4.66953
144 0 -0.587751
144 11 0.0482776
144 12 -5.78402
144 29 1.26484
144 34 0.532941
144 35 -0.306022
144 38 0.00681582
144 39 -1.47717
144 40 -5.35996
144 41 1.97626
144 142 -0.870359
144 143 2.15394
144 144 25.9053
144 145 -11.7358
144 146 -0.0560331
144 147 0.202034
144 204 0.165119
144 205 2.79808
144 206 -6.884
144 207 -0.371668
144 208 -0.833968
144 209 0.220173
144 210 -0.605299
144 211 0.390605
145 0 0.188989
145 11 -0.215424
145 12 1.46583
145 29 -4.58144
145 34 -0.743743
145 35 0.456723
145 38 0.149308
145 39 0.137667
145 40 1.82242
145 41 -0.665952
145 142 2.33787
145 143 -5.98123
145 144 -11.7358
145 145 24.3986
145 146 0.420564
145 147 -1.24433
145 204 -0.740747
145 205 0.342092
145 206 -0.917357
145 207 0.233544
145 208 2.3427
145 209 -5.79929
145 210 -0.293643
145 211 -0.623241
146 0 -0.27134
146 2 -0.0737121
146 11 0.259823
146 12 0.029298
146 20 0.186746
146 29 -0.757017
146 34 0.827228
146 35 -2.40656
146 36 -0.893319
146 37 0.183835
146 40 0.0833414
146 41 -0.418261
146 72 -0.353189
146 73 -0.256947
146 140 -0.62509
146 141 1.79966
146 144 -0.0560331
146 145 0.420564
146 146 18.0092
146 147 -5.02356
146 196 1.82202
146 197 0.815411
146 198 -1.6106
146 199 -7.18828
146 208 2.23784
146 209 -0.707126
146 210 1.96582
146 211 -7.88022
147 0 0.102038
147 2 0.00294826
147 11 -0.0458986
147 12 -0.115849
147 20 -0.533016
147 29 1.17462
147 34 -0.31819
147 35 0.892271
147 36 0.1089
147 37 0.0130594
147 40 -0.578605
147 41 -0.31085
147 72 -0.365459
147 73 0.0932881
147 140 1.71275
147 141 -4.89835
147 144 0.202034
147 145 -1.24433
147 146 -5.02356
147 147 23.4816
147 196 -0.689277
147 197 2.46924
147 198 -9.63175
147 199 1.92771
147 208 0.704685
147 209 3.00685
147 210 -10.5281
147 211 -1.45328
148 0 -0.679224
148 12 4.23503
148 13 0.0110726
148 40 -12.8303
148 41 2.78813
148 42 1.67593
148 43 1.09194
148 148 38.5878
148 149 -3.4541
148 150 -13.0886
148 151 2.35846
148 152 1.13551
148 153 1.76122
148 212 -11.201
148 215 -11.564
149 0 -0.310337
149 12 -1.2767
149 13 0.84254
149 40 2.57235
149 41 1.93788
149 42 1.33468
149 43 -5.90746
149 148 -3.4541
149 149 27.2548
149 150 2.68095
149 151 2.17351
149 152 -5.91642
149 153 0.999472
149 212 -11.0303
149 215 -11.6316
150 12 -10.8043
150 13 -0.356596
150 38 -1.52048
150 39 4.87904
150 148 -13.0886
150 149 2.68095
150 150 46.7602
150 151 -24.634
150 152 -0.529604
150 153 -0.935972
150 213 -17.6671
150 215 4.47016
151 12 5.53182
151 13 -0.325673
151 38 -0.983119
151 39 -0.605834
151 148 2.35846
151 149 2.17351
151 150 -24.634
151 151 43.4296
151 152 -0.0911037
151 153 2.67239
151 213 4.34401
151 215 -13.7673
152 12 0.0500665
152 13 -5.06591
152 44 1.62635
152 45 0.102936
152 148 1.13551
152 149 -5.91642
152 150 -0.529604
152 151 -0.0911037
152 152 23.9546
152 153 -14.9853
152 214 -8.51881
152 215 1.70782
153 12 -0.0317454
153 13 3.09828
153 44 -0.811705
153 45 -0.327706
153 148 1.76122
153 149 0.999472
153 150 -0.935972
153 151 2.67239
153 152 -14.9853
153 153 30.7094
153 214 3.54905
153 215 -10.0164
154 0 -0.0457091
154 10 -2.09461
154 11 1.22694
154 15 -0.0968975
154 32 -1.51444
154 33 0.247744
154 34 0.437888
154 35 0.559045
154 154 12.6994
154 155 -6.09082
154 156 -1.565
154 157 0.37444
154 158 0.450605
154 159 0.371584
154 216 -2.62982
154 219 -2.29515
155 0 -0.0684104
155 10 1.21993
155 11 -2.28987
155 15 -0.121963
155 32 0.278678
155 33 0.370454
155 34 0.372851
155 35 -2.24009
155 154 -6.09082
155 155 13.9692
155 156 0.207821
155 157 0.329783
155 158 -2.22902
155 159 0.501115
155 216 -2.20216
155 219 -1.95826
156 1 -0.119819
156 10 -1.09006
156 11 -0.0471754
156 15 0.65999
156 30 0.535406
156 31 -2.30475
156 52 0.196254
156 53 0.256582
156 154 -1.565
156 155 0.207821
156 156 10.4804
156 157 -3.74962
156 158 0.467829
156 159 0.405266
156 217 -1.56122
156 219 -2.73635
157 1 -0.104357
157 10 0.647087
157 11 -0.0327277
157 15 -1.05738
157 30 0.398019
157 31 0.435922
157 52 -1.2872
157 53 0.341739
157 154 0.37444
157 155 0.329783
157 156 -3.74962
157 157 9.79426
157 158 0.308744
157 159 -1.96156
157 217 -2.46644
157 219 -1.9422
158 2 -0.119214
158 10 -0.121407
158 11 -1.30649
158 15 0.815593
158 36 -3.22666
158 37 0.630187
158 50 0.300142
158 51 0.174983
158 154 0.450605
158 155 -2.22902
158 156 0.467829
158 157 0.308744
158 158 13.0855
158 159 -4.50331
158 218 -1.824
158 219 -2.85467
159 2 -0.0748564
159 10 -0.0760347
159 11 0.760142
159 15 -1.25199
159 36 0.729672
159 37 0.557227
159 50 0.246625
159 51 -1.20923
159 154 0.371584
159 155 0.501115
159 156 0.405266
159 157 -1.96156
159 158 -4.50331
159 159 11.0874
159 218 -3.31056
159 219 -2.24373
160 0 -0.351213
160 13 0.0150892
160 14 0.275856
160 42 -2.76695
160 43 -2.13592
160 48 -2.13
160 49 -2.19112
160 102 -2.12275
160 103 -2.50281
160 160 14.2473
161 13 -0.442783
161 44 -0.673286
161 45 -1.11675
161 104 -0.495715
161 105 -1.08548
161 161 4.31669
162 14 -0.26567
162 46 -0.645035
162 47 -0.261915
162 106 -0.439486
162 107 -0.676305
162 162 2.59001
163 13 -0.227271
163 14 -0.0516203
163 102 -1.63925
163 103 -1.78095
163 104 -0.342861
163 105 -1.65418
163 106 -0.399483
163 107 -1.4335
163 163 7.34062
164 16 -0.0635868
164 56 -0.0870585
164 57 -0.0975306
164 108 -0.126442
164 109 -0.0485829
164 164 0.482988
165 17 -0.163111
165 58 -0.343529
165 59 -0.0738856
165 110 -0.287497
165 111 -0.329325
165 165 1.35763
166 1 -0.147591
166 16 0.0901162
166 17 -0.0185186
166 54 -1.04779
166 55 -0.542546
166 60 -0.557586
166 61 -0.599616
166 112 -0.586332
166 113 -0.968185
166 166 4.42978
167 16 0.00327938
167 17 -0.0664983
167 108 -0.354229
167 109 -0.0648803
167 110 -0.65198
167 111 -0.0492181
167 112 -0.757179
167 113 -0.362405
167 167 2.2059
168 17 -0.05115
168 18 -0.117207
168 58 -0.548562
168 59 -0.510153
168 62 -0.608909
168 63 -0.53366
168 114 -0.571452
168 115 -0.653492
168 168 3.48951
169 2 -0.171903
169 15 -0.0233416
169 18 0.155987
169 50 -1.49312
169 51 -1.70258
169 64 -1.64896
169 65 -1.97062
169 116 -1.46802
169 117 -1.8997
169 169 10.3043
170 1 0.00455047
170 15 -0.144011
170 17 0.111419
170 52 -1.03659
170 53 -1.24606
170 60 -1.02274
170 61 -1.3468
170 118 -1.20368
170 119 -1.41771
170 170 7.36021
171 15 -0.132196
171 17 0.134659
171 18 0.0357071
171 114 -0.815353
171 115 -0.988163
171 116 -1.78735
171 117 -1.02591
171 118 -1.71605
171 119 -0.845078
171 171 7.19598
172 18 -0.234985
172 62 -0.524819
172 63 -0.0273252
172 120 -0.472369
172 121 -0.639742
172 172 2.14092
173 19 -0.334509
173 66 -0.662336
173 67 -0.882009
173 122 -0.741906
173 123 -0.0526279
173 173 3.01556
174 2 -0.248998
174 18 0.189692
174 19 0.0207898
174 64 -1.31648
174 65 -1.01356
174 68 -1.22304
174 69 -2.952
174 124 -2.54468
174 125 -1.08233
174 174 10.2876
175 18 -0.0413942
175 19 -0.17144
175 120 -1.40967
175 121 -0.196636
175 122 -1.05653
175 123 -0.0724912
175 124 -0.992868
175 125 -1.7914
175 175 5.51442
176 19 0.0904746
176 66 -0.415977
176 67 -1.96263
176 126 0.603026
176 127 -3.85645
