108
30 30
0 0 5.51177
0 10 -1.00879
0 11 -0.43958
0 12 -0.20708
0 13 -0.684209
0 14 0.0545494
0 28 0.115645
0 29 -0.429199
1 1 4.95851
1 10 -1.09514
1 15 -0.695939
1 16 -0.364308
1 17 -0.704623
1 28 -1.72585
2 2 4.3896
2 11 -0.4178
2 15 -0.664689
2 18 -0.638217
2 19 -0.541281
2 20 -0.263931
2 29 -0.112436
3 3 1
4 4 1
5 5 1
6 6 1
7 7 1
8 8 1
9 9 1
10 0 -1.00879
10 1 -1.09514
10 10 5.016
10 11 -0.655575
10 14 -1.42137
10 15 -0.427385
10 16 0.213523
10 28 0.184282
11 0 -0.43958
11 2 -0.4178
11 10 -0.655575
11 11 4.16555
11 12 -0.148479
11 15 -0.41176
11 20 -0.503142
11 29 0.390309
12 0 -0.20708
12 11 -0.148479
12 12 7.27895
12 13 0.956887
12 29 -0.493408
13 0 -0.684209
13 12 0.956887
13 13 6.8776
13 14 -0.125434
14 0 0.0545494
14 10 -1.42137
14 13 -0.125434
14 14 5.07702
14 28 -1.31929
15 1 -0.695939
15 2 -0.664689
15 10 -0.427385
15 11 -0.41176
15 15 3.91131
15 17 -0.448218
15 18 -0.432593
16 1 -0.364308
16 10 0.213523
16 16 4.32866
16 17 -0.300004
16 28 -1.27391
17 1 -0.704623
17 15 -0.448218
17 16 -0.300004
17 17 3.85022
17 18 -0.697242
18 2 -0.638217
18 15 -0.432593
18 17 -0.697242
18 18 4.13929
18 19 -0.182816
19 2 -0.541281
19 18 -0.182816
19 19 5.27072
19 20 0.30517
20 2 -0.263931
20 11 -0.503142
20 19 0.30517
20 20 5.23078
20 29 -0.491839
21 21 1
22 22 1
23 23 1
24 24 1
25 25 1
26 26 1
27 27 1
28 0 0.115645
28 1 -1.72585
28 10 0.184282
28 14 -1.31929
28 16 -1.27391
28 28 5.16859
29 0 -0.429199
29 2 -0.112436
29 11 0.390309
29 12 -0.493408
29 20 -0.491839
29 29 4.87756
3.12883
-0.00766632
-0.81465
0
0
0
0
0
0
0
-0.163231
2.10707
52.2795
-2.72452
-1.26273
-0.365779
0.228206
-0.0685518
-1.24459
-4.79791
7.64021
0
0
0
0
0
0
0
0.0496358
26.0362
