825
103 103
0 0 3.99726
0 10 0.129125
0 11 0.0975165
0 12 0.137524
0 13 0.356944
0 14 -0.0810907
0 28 0.0405075
0 29 -0.0411381
0 31 -1.29242
0 32 -0.802938
0 35 -0.965405
0 36 -1.44444
0 39 -0.324977
0 66 -0.00833333
0 82 -0.195737
0 83 -0.0458582
0 87 0.221288
0 88 0.141614
0 89 -0.00833333
0 92 -0.00277778
0 97 0.678151
0 102 -0.565652
1 1 5.10555
1 10 0.110213
1 15 0.248611
1 16 -0.0610379
1 17 0.248264
1 28 -0.162849
1 30 -1.31536
1 41 -1
1 42 -0.531928
1 45 -1
1 71 -0.00416667
1 74 -0.00277778
1 81 0.79337
1 82 0.73499
1 93 -0.00277778
1 96 -3.15663
2 2 3.54118
2 11 0.0826401
2 15 0.248611
2 18 0.248264
2 19 0.247569
2 20 0.0893845
2 29 -0.00321428
2 33 -0.691573
2 40 -1
2 47 -1
2 49 -1
2 51 -0.749579
2 73 -0.00277778
2 77 -0.00416667
2 80 -0.00555556
2 85 0.0556837
2 88 0.0252813
2 94 -0.00277778
2 99 -0.0685506
3 3 1
4 4 1
5 5 1
6 6 1
7 7 1
8 8 1
9 9 1
10 0 0.129125
10 1 0.110213
10 10 4.69119
10 11 0.248611
10 14 -0.132238
10 15 0.165278
10 16 0.056761
10 28 -0.342359
10 30 -1.31717
10 31 -1.26698
10 32 -0.00277778
10 39 0.573259
10 41 -0.00277778
10 42 -0.252714
10 81 -0.10757
10 82 0.00468967
10 83 0.652847
10 92 -1
10 93 -0.666667
10 94 -0.00277778
10 96 0.937799
10 97 -2.46533
11 0 0.0975165
11 2 0.0826401
11 10 0.248611
11 11 3.16129
11 12 -0.00959456
11 15 0.165278
11 20 -0.0471016
11 29 -0.186486
11 31 -0.00277778
11 32 -0.7601
11 33 -0.734308
11 35 0.0425558
11 40 -0.00277778
11 51 0.171675
11 85 0.2331
11 87 0.0907559
11 88 -0.0418759
11 92 -1
11 93 -0.00277778
11 94 -0.666667
11 99 -0.641936
11 102 -0.172714
12 0 0.137524
12 11 -0.00959456
12 12 4.19383
12 13 -0.143056
12 29 0.0523573
12 32 0.105902
12 34 -0.928245
12 35 -0.924436
12 36 -0.00833333
12 86 0.20467
12 87 -1.09647
12 88 0.0210413
12 89 0.555556
12 90 -2
12 91 -0.00833333
12 101 -0.831574
12 102 -0.147239
13 0 0.356944
13 12 -0.143056
13 13 4.40833
13 14 0.134722
13 35 -0.00833333
13 36 -1.44444
13 37 -1.44444
13 39 -0.00833333
13 66 -0.555556
13 67 -0.888889
13 68 -0.00833333
13 89 0.555556
13 90 -0.00833333
13 91 -2
14 0 -0.0810907
14 10 -0.132238
14 13 0.134722
14 14 4.02942
14 28 0.0773369
14 31 0.609791
14 36 -0.00833333
14 38 -0.313539
14 39 -0.366728
14 66 -0.555556
14 67 -0.00833333
14 68 -0.888889
14 82 0.45261
14 83 -1.56893
14 84 -0.10231
14 97 -1.77251
14 98 0.309762
15 1 0.248611
15 2 0.248611
15 10 0.165278
15 11 0.165278
15 15 3.525
15 17 0.165278
15 18 0.165278
15 30 -0.00277778
15 33 -0.00277778
15 40 -1
15 41 -1
15 45 -0.00277778
15 47 -0.00277778
15 72 -0.00277778
15 73 -0.666667
15 74 -0.666667
15 92 -0.00277778
15 93 -0.666667
15 94 -0.666667
16 1 -0.0610379
16 10 0.056761
16 16 4.24744
16 17 0.109028
16 28 0.0364585
16 30 -0.142544
16 42 -0.510203
16 43 -0.394817
16 45 -0.00416667
16 69 -1.33333
16 70 -0.00416667
16 71 -0.444444
16 81 -1.42305
16 82 -0.19514
16 84 0.448736
16 95 -1.91827
16 96 0.847403
17 1 0.248264
17 15 0.165278
17 16 0.109028
17 17 3.61458
17 18 0.248611
17 41 -0.00277778
17 42 -0.00416667
17 44 -1
17 45 -1
17 46 -0.00277778
17 69 -0.00416667
17 70 -0.666667
17 71 -0.444444
17 72 -1
17 73 -0.00277778
17 74 -0.666667
18 2 0.248264
18 15 0.165278
18 17 0.248611
18 18 3.61458
18 19 0.109028
18 40 -0.00277778
18 44 -0.00277778
18 46 -1
18 47 -1
18 49 -0.00416667
18 72 -1
18 73 -0.666667
18 74 -0.00277778
18 75 -0.666667
18 76 -0.00416667
18 77 -0.444444
19 2 0.247569
19 18 0.109028
19 19 3.87708
19 20 -0.00277778
19 47 -0.00416667
19 48 -1
19 49 -1
19 51 -0.00555556
19 75 -0.00416667
19 76 -1.33333
19 77 -0.444444
19 78 -1.33333
19 79 -0.00555556
19 80 2.63678e-16
20 2 0.0893845
20 11 -0.0471016
20 19 -0.00277778
20 20 3.52253
20 29 0.0226281
20 33 0.245072
20 49 -0.00555556
20 50 -0.72773
20 51 -0.714959
20 78 -0.00555556
20 79 -1.33333
20 80 2.63678e-16
20 85 -0.884925
20 86 -0.0282022
20 88 0.205846
20 99 -0.869756
20 100 0.131186
21 21 1
22 22 1
23 23 1
24 24 1
25 25 1
26 26 1
27 27 1
28 0 0.0405075
28 1 -0.162849
28 10 -0.342359
28 14 0.0773369
28 16 0.0364585
28 28 4.56725
28 30 0.704667
28 31 -0.0699922
28 38 0.37282
28 39 -0.151975
28 42 0.557775
28 43 -0.133487
28 81 -1.49961
28 82 -0.0503645
28 83 -1.48884
28 84 0.0995387
28 95 0.465697
28 96 -2.06651
28 97 0.599637
28 98 -1.61702
29 0 -0.0411381
29 2 -0.00321428
29 11 -0.186486
29 12 0.0523573
29 20 0.0226281
29 29 3.04438
29 32 0.227115
29 33 0.0723524
29 34 -0.00839575
29 35 0.172819
29 50 0.24201
29 51 0.00303378
29 85 -0.966929
29 86 0.0209405
29 87 -1.01291
29 88 0.0353193
29 99 -0.0462354
29 100 -0.929486
29 101 0.0131458
29 102 -0.757306
30 1 -1.31536
30 10 -1.31717
30 15 -0.00277778
30 16 -0.142544
30 28 0.704667
30 30 6.8889
30 41 -0.655556
30 42 1.0644
30 81 -0.266121
30 82 -2.6997
30 93 -0.988889
30 96 -1.21082
31 0 -1.29242
31 10 -1.26698
31 11 -0.00277778
31 14 0.609791
31 28 -0.0699922
31 31 6.17282
31 32 -0.988889
31 39 -2.2353
31 82 0.756591
31 83 -0.312532
31 92 -0.655556
31 97 -0.648789
32 0 -0.802938
32 10 -0.00277778
32 11 -0.7601
32 12 0.105902
32 29 0.227115
32 31 -0.988889
32 32 4.35009
32 35 -0.211042
32 87 -0.184757
32 88 -0.608334
32 92 -0.655556
32 102 -0.374968
33 2 -0.691573
33 11 -0.734308
33 15 -0.00277778
33 20 0.245072
33 29 0.0723524
33 33 4.38155
33 40 -0.655556
33 51 -0.706959
33 85 -0.139177
33 88 -0.112695
33 94 -0.988889
33 99 -0.580233
34 12 -0.928245
34 29 -0.00839575
34 34 6.53237
34 86 0.214743
34 87 -0.0283279
34 90 0.588889
34 101 -2.5562
35 0 -0.965405
35 11 0.0425558
35 12 -0.924436
35 13 -0.00833333
35 29 0.172819
35 32 -0.211042
35 35 6.16364
35 36 0.588889
35 87 -0.709973
35 88 0.169616
35 89 -1.96667
35 102 -2.17458
36 0 -1.44444
36 12 -0.00833333
36 13 -1.44444
36 14 -0.00833333
36 35 0.588889
36 36 5.91111
36 39 -0.522222
36 66 -0.855556
36 89 -1.96667
37 13 -1.44444
37 37 5.91111
37 67 -0.522222
37 91 0.588889
38 14 -0.313539
38 28 0.37282
38 38 6.0038
38 68 -0.522222
38 83 -1.50446
38 84 0.259489
38 98 -3.05078
39 0 -0.324977
39 10 0.573259
39 13 -0.00833333
39 14 -0.366728
39 28 -0.151975
39 31 -2.2353
39 36 -0.522222
39 39 6.95526
39 66 -0.855556
39 82 0.303311
39 83 0.530367
39 97 -3.74086
40 2 -1
40 11 -0.00277778
40 15 -1
40 18 -0.00277778
40 33 -0.655556
40 40 4.71111
40 47 -0.655556
40 73 -0.655556
40 94 -0.655556
41 1 -1
41 10 -0.00277778
41 15 -1
41 17 -0.00277778
41 30 -0.655556
41 41 4.71111
41 45 -0.655556
41 74 -0.655556
41 93 -0.655556
42 1 -0.531928
42 10 -0.252714
42 16 -0.510203
42 17 -0.00416667
42 28 0.557775
42 30 1.0644
42 42 7.34383
42 45 -0.427778
42 71 -1.31667
42 81 -2.34314
42 82 0.25742
42 96 -3.75696
43 16 -0.394817
43 28 -0.133487
43 43 5.97737
43 69 -0.427778
43 81 0.537243
43 84 0.215473
43 95 -2.81269
44 17 -1
44 18 -0.00277778
44 44 4.83333
44 46 -0.988889
44 70 -0.427778
44 72 -0.655556
45 1 -1
45 15 -0.00277778
45 16 -0.00416667
45 17 -1
45 41 -0.655556
45 42 -0.427778
45 45 4.83333
45 71 -0.65
45 74 -0.988889
46 17 -0.00277778
46 18 -1
46 44 -0.988889
46 46 4.83333
46 72 -0.655556
46 75 -0.427778
47 2 -1
47 15 -0.00277778
47 18 -1
47 19 -0.00416667
47 40 -0.655556
47 47 4.83333
47 49 -0.427778
47 73 -0.988889
47 77 -0.65
48 19 -1
48 48 5.18889
48 76 -0.427778
48 78 0.0222222
49 2 -1
49 18 -0.00416667
49 19 -1
49 20 -0.00555556
49 47 -0.427778
49 49 5.18889
49 51 0.0222222
49 77 -1.31667
49 80 -1.31111
50 20 -0.72773
50 29 0.24201
50 50 5.49422
50 79 0.0222222
50 85 -1.01458
50 86 0.171236
50 100 -2.22117
51 2 -0.749579
51 11 0.171675
51 19 -0.00555556
51 20 -0.714959
51 29 0.00303378
51 33 -0.706959
51 49 0.0222222
51 51 5.08877
51 80 -1.31111
51 85 -0.00108029
51 88 0.126281
51 99 -1.80121
52 52 1
53 53 1
54 54 1
55 55 1
56 56 1
57 57 1
58 58 1
59 59 1
60 60 1
61 61 1
62 62 1
63 63 1
64 64 1
65 65 1
66 0 -0.00833333
66 13 -0.555556
66 14 -0.555556
66 36 -0.855556
66 39 -0.855556
66 66 4.8
66 67 -0.855556
66 68 -0.855556
67 13 -0.888889
67 14 -0.00833333
67 37 -0.522222
67 66 -0.855556
67 67 4.8
67 68 -0.522222
68 13 -0.00833333
68 14 -0.888889
68 38 -0.522222
68 66 -0.855556
68 67 -0.522222
68 68 4.8
69 16 -1.33333
69 17 -0.00416667
69 43 -0.427778
69 69 4.95556
69 70 -0.427778
69 71 -0.65
70 16 -0.00416667
70 17 -0.666667
70 44 -0.427778
70 69 -0.427778
70 70 4.95556
70 71 -1.31667
71 1 -0.00416667
71 16 -0.444444
71 17 -0.444444
71 42 -1.31667
71 45 -0.65
71 69 -0.65
71 70 -1.31667
71 71 4.95556
72 15 -0.00277778
72 17 -1
72 18 -1
72 44 -0.655556
72 46 -0.655556
72 72 4.71111
72 73 -0.655556
72 74 -0.655556
73 2 -0.00277778
73 15 -0.666667
73 17 -0.00277778
73 18 -0.666667
73 40 -0.655556
73 47 -0.988889
73 72 -0.655556
73 73 4.71111
73 74 -0.988889
74 1 -0.00277778
74 15 -0.666667
74 17 -0.666667
74 18 -0.00277778
74 41 -0.655556
74 45 -0.988889
74 72 -0.655556
74 73 -0.988889
74 74 4.71111
75 18 -0.666667
75 19 -0.00416667
75 46 -0.427778
75 75 4.95556
75 76 -0.427778
75 77 -1.31667
76 18 -0.00416667
76 19 -1.33333
76 48 -0.427778
76 75 -0.427778
76 76 4.95556
76 77 -0.65
77 2 -0.00416667
77 18 -0.444444
77 19 -0.444444
77 47 -0.65
77 49 -1.31667
77 75 -1.31667
77 76 -0.65
77 77 4.95556
78 19 -1.33333
78 20 -0.00555556
78 48 0.0222222
78 78 5.42222
78 79 0.0222222
78 80 -1.31111
79 19 -0.00555556
79 20 -1.33333
79 50 0.0222222
79 78 0.0222222
79 79 5.42222
79 80 -1.31111
80 2 -0.00555556
80 19 2.63678e-16
80 20 2.63678e-16
80 49 -1.31111
80 51 -1.31111
80 78 -1.31111
80 79 -1.31111
80 80 5.42222
81 1 0.79337
81 10 -0.10757
81 16 -1.42305
81 28 -1.49961
81 30 -0.266121
81 42 -2.34314
81 43 0.537243
81 81 6.83679
81 82 0.742452
81 84 -1.72219
81 95 -0.66057
81 96 -1.03972
82 0 -0.195737
82 1 0.73499
82 10 0.00468967
82 14 0.45261
82 16 -0.19514
82 28 -0.0503645
82 30 -2.6997
82 31 0.756591
82 39 0.303311
82 42 0.25742
82 81 0.742452
82 82 9.28959
82 83 -1.9237
82 96 -3.76665
82 97 -3.66176
83 0 -0.0458582
83 10 0.652847
83 14 -1.56893
83 28 -1.48884
83 31 -0.312532
83 38 -1.50446
83 39 0.530367
83 82 -1.9237
83 83 6.09906
83 84 0.362794
83 97 -0.57086
83 98 -0.329054
84 14 -0.10231
84 16 0.448736
84 28 0.0995387
84 38 0.259489
84 43 0.215473
84 81 -1.72219
84 83 0.362794
84 84 7.04334
84 95 -2.90169
84 98 -2.93133
85 2 0.0556837
85 11 0.2331
85 20 -0.884925
85 29 -0.966929
85 33 -0.139177
85 50 -1.01458
85 51 -0.00108029
85 85 4.33897
85 86 0.0812861
85 88 -0.795909
85 99 -0.493915
85 100 -0.533787
86 12 0.20467
86 20 -0.0282022
86 29 0.0209405
86 34 0.214743
86 50 0.171236
86 85 0.0812861
86 86 5.76404
86 87 -0.885091
86 100 -2.34018
86 101 -2.42012
87 0 0.221288
87 11 0.0907559
87 12 -1.09647
87 29 -1.01291
87 32 -0.184757
87 34 -0.0283279
87 35 -0.709973
87 86 -0.885091
87 87 4.23133
87 88 -0.10838
87 101 -0.302984
87 102 -0.28321
88 0 0.141614
88 2 0.0252813
88 11 -0.0418759
88 12 0.0210413
88 20 0.205846
88 29 0.0353193
88 32 -0.608334
88 33 -0.112695
88 35 0.169616
88 51 0.126281
88 85 -0.795909
88 87 -0.10838
88 88 4.99651
88 99 -1.93216
88 102 -2.03187
89 0 -0.00833333
89 12 0.555556
89 13 0.555556
89 35 -1.96667
89 36 -1.96667
89 89 7.02222
89 90 -1.96667
89 91 -1.96667
90 12 -2
90 13 -0.00833333
90 34 0.588889
90 89 -1.96667
90 90 7.02222
90 91 0.588889
91 12 -0.00833333
91 13 -2
91 37 0.588889
91 89 -1.96667
91 90 0.588889
91 91 7.02222
92 0 -0.00277778
92 10 -1
92 11 -1
92 15 -0.00277778
92 31 -0.655556
92 32 -0.655556
92 92 4.71111
92 93 -0.655556
92 94 -0.655556
93 1 -0.00277778
93 10 -0.666667
93 11 -0.00277778
93 15 -0.666667
93 30 -0.988889
93 41 -0.655556
93 92 -0.655556
93 93 4.71111
93 94 -0.988889
94 2 -0.00277778
94 10 -0.00277778
94 11 -0.666667
94 15 -0.666667
94 33 -0.988889
94 40 -0.655556
94 92 -0.655556
94 93 -0.988889
94 94 4.71111
95 16 -1.91827
95 28 0.465697
95 43 -2.81269
95 81 -0.66057
95 84 -2.90169
95 95 9.52942
96 1 -3.15663
96 10 0.937799
96 16 0.847403
96 28 -2.06651
96 30 -1.21082
96 42 -3.75696
96 81 -1.03972
96 82 -3.76665
96 96 13.2954
97 0 0.678151
97 10 -2.46533
97 14 -1.77251
97 28 0.599637
97 31 -0.648789
97 39 -3.74086
97 82 -3.66176
97 83 -0.57086
97 97 11.6934
98 14 0.309762
98 28 -1.61702
98 38 -3.05078
98 83 -0.329054
98 84 -2.93133
98 98 9.05163
99 2 -0.0685506
99 11 -0.641936
99 20 -0.869756
99 29 -0.0462354
99 33 -0.580233
99 51 -1.80121
99 85 -0.493915
99 88 -1.93216
99 99 6.60067
100 20 0.131186
100 29 -0.929486
100 50 -2.22117
100 85 -0.533787
100 86 -2.34018
100 100 7.61643
101 12 -0.831574
101 29 0.0131458
101 34 -2.5562
101 86 -2.42012
101 87 -0.302984
101 101 7.5548
102 0 -0.565652
102 11 -0.172714
102 12 -0.147239
102 29 -0.757306
102 32 -0.374968
102 35 -2.17458
102 87 -0.28321
102 88 -2.03187
102 102 6.70199
20.739
3.47914
10.3938
0
0
0
0
0
0
0
10.4037
24.1901
23.9233
0.0541667
17.4652
0.0121528
10.4432
0.00633681
0.0438368
0.025434
17.2171
0
0
0
0
0
0
0
27.7956
41.2315
58.9702
65.7277
93.3365
86.4876
167.209
175.591
248.517
247.785
163.089
155.71
83.1104
83.2771
79.9145
86.8687
104.107
104.182
103.965
103.832
144.498
145.059
113.199
120.769
0
0
0
0
0
0
0
0
0
0
0
0
0
0
249.058
248.674
249.424
125.095
125.038
125.081
83.2458
83.1913
83.2747
124.538
124.22
124.456
165.106
164.939
165.4
48.6562
48.5904
62.4913
62.5501
75.6491
75.2757
89.2191
89.6508
247.704
246.716
247.466
83.0792
83.1913
83.108
111.202
83.3489
110.928
138.937
165.578
137.032
163.943
192.912
