13891
835 835
0 0 3.36202
0 31 -0.070484
0 32 -0.055844
0 35 -0.0759
0 36 -0.189276
0 39 0.043944
0 97 0.00936287
0 102 -0.0114107
0 109 0.426753
0 110 -1.21684
0 111 -0.764475
0 112 0.303508
0 125 0.498404
0 126 -0.824373
0 127 -1.38075
0 128 0.8125
0 141 0.107065
0 142 -0.148897
0 363 -0.0496233
0 364 -0.0496233
0 499 0.0904027
0 500 -0.048669
0 505 0.0117893
0 506 -0.029446
0 539 -0.123824
0 540 0.0394376
0 545 -0.0845607
0 546 0.0297339
0 547 -0.112123
0 548 -0.112123
0 571 -0.0373744
0 572 -0.0373744
0 595 0.000502232
0 707 0.503731
0 708 -0.364293
0 709 0.175547
0 710 -0.287228
0 787 -0.769842
0 788 0.278249
0 789 -0.0927511
0 790 0.253679
0 803 0.000502232
0 819 0.000167411
1 1 4.90221
1 30 -0.048923
1 41 -0.131148
1 42 0.0474282
1 45 -0.131122
1 96 -0.0564491
1 103 -1.20194
1 104 0.402531
1 149 0.54375
1 150 -0.974833
1 151 -0.324842
1 152 0.131282
1 165 0.553125
1 166 -0.965416
1 399 -0.0560617
1 400 -0.0560617
1 423 -0.0467494
1 424 -0.0467494
1 491 -0.516087
1 492 0.193004
1 497 -0.545766
1 498 0.199319
1 577 -0.0467494
1 578 -0.0467494
1 619 0.000251116
1 635 0.000167411
1 691 -4.58883
1 692 1.72873
1 693 -0.662179
1 694 1.74886
1 823 0.000167411
2 2 2.99733
2 33 -0.0437842
2 40 -0.131148
2 47 -0.131122
2 49 -0.131071
2 51 -0.0499214
2 99 -0.00264714
2 117 0.269128
2 118 -0.611959
2 143 -0.974833
2 144 0.54375
2 173 0.553125
2 174 -0.965416
2 181 0.58125
2 182 -0.937207
2 189 0.356097
2 190 -0.644721
2 417 -0.0467494
2 418 -0.0467494
2 447 -0.0560617
2 448 -0.0560617
2 471 -0.0747489
2 472 -0.0747489
2 515 -0.0427989
2 516 0.00761167
2 521 -0.0295259
2 522 0.00427313
2 583 -0.0467494
2 584 -0.0467494
2 631 0.000167411
2 651 0.000251116
2 667 0.000334821
2 739 -0.260846
2 740 0.0489844
2 741 -0.00066697
2 742 0.0510064
2 827 0.000167411
3 3 1
4 4 1
5 5 1
6 6 1
7 7 1
8 8 1
9 9 1
10 10 4.2851
10 30 -0.0574368
10 31 -0.0644411
10 82 0.191448
10 92 -0.131148
10 93 -0.0873977
10 96 0.0135053
10 97 -0.0444232
10 105 0.418064
10 106 -1.19456
10 107 -1.17584
10 108 0.413566
10 311 0.318076
10 312 -0.228681
10 351 -0.974833
10 352 0.54375
10 355 -0.627958
10 356 0.384375
10 491 0.119035
10 492 -0.0634708
10 493 0.0441469
10 494 -0.0448892
10 499 -0.390655
10 500 0.14711
10 501 -0.432406
10 502 0.156496
10 573 -0.0467494
10 574 -0.0467494
10 579 -0.0373744
10 580 -0.0373744
10 589 -0.0467494
10 590 -0.0467494
10 695 0.761222
10 696 -0.405698
10 697 0.232686
10 698 -0.493441
10 711 -3.47664
10 712 1.3302
10 713 -0.5017
10 714 1.3027
10 820 0.000167411
10 824 0.000167411
10 831 0.000167411
11 11 2.72535
11 32 -0.0519568
11 33 -0.0479471
11 88 0.0922998
11 92 -0.131148
11 94 -0.0873977
11 99 -0.0127237
11 102 -0.00447105
11 113 0.292853
11 114 -0.686183
11 115 -0.687369
11 116 0.280318
11 335 0.128838
11 336 -0.0839873
11 353 0.54375
11 354 -0.974833
11 359 -0.627958
11 360 0.384375
11 519 -0.12882
11 520 0.0426771
11 521 -0.098794
11 522 0.0352366
11 543 -0.0623961
11 544 0.0149672
11 545 -0.0401108
11 546 0.00941927
11 575 -0.0467494
11 576 -0.0467494
11 585 -0.0373744
11 586 -0.0373744
11 593 -0.0467494
11 594 -0.0467494
11 751 -0.843548
11 752 0.308623
11 753 -0.10759
11 754 0.289861
11 799 -0.384021
11 800 0.103651
11 801 -0.0220059
11 802 0.0987958
11 821 0.000167411
11 828 0.000167411
11 833 0.000167411
12 12 3.59663
12 34 -0.0652659
12 35 -0.0707418
12 87 -0.0370954
12 89 0.0732236
12 90 -0.262193
12 101 -0.0162191
12 102 -0.0039017
12 121 0.479221
12 122 -0.767788
12 123 -0.841542
12 124 0.404143
12 331 -1.06273
12 332 0.281871
12 339 0.675502
12 340 -0.16875
12 343 -1.98387
12 344 1.05313
12 535 -0.118319
12 536 0.0440308
12 537 -0.168362
12 538 0.0564317
12 539 -0.0694878
12 540 0.0151887
12 541 -0.0230351
12 542 0.00409979
12 549 -0.0402483
12 550 -0.0402483
12 555 -0.112123
12 556 -0.112123
12 565 -0.0402483
12 566 -0.0402483
12 783 -1.07199
12 784 0.372529
12 785 -0.142637
12 786 0.403799
12 791 -0.330431
12 792 0.0560871
12 793 -0.010344
12 794 0.0953258
12 804 0.000502232
12 808 0.000502232
12 815 0.000502232
13 13 3.68969
13 36 -0.189276
13 37 -0.189276
13 66 -0.0726097
13 67 -0.11636
13 89 0.0732236
13 91 -0.262193
13 129 0.73125
13 130 -1.462
13 131 -1.38075
13 132 0.8125
13 247 -0.511998
13 248 0.33125
13 251 -0.858873
13 252 0.490625
13 341 -0.16875
13 342 0.675502
13 347 -1.98387
13 348 1.05313
13 365 -0.0402483
13 366 -0.0402483
13 371 -0.0496233
13 372 -0.0496233
13 381 -0.0402483
13 382 -0.0402483
13 551 -0.0402483
13 552 -0.0402483
13 561 -0.112123
13 562 -0.112123
13 569 -0.0402483
13 570 -0.0402483
13 596 0.000502232
13 600 0.000502232
13 607 0.000502232
13 805 0.000502232
13 812 0.000502232
13 817 0.000502232
14 14 3.45848
14 38 0.0269341
14 39 0.0348399
14 66 -0.0726097
14 68 -0.11636
14 83 -0.052804
14 97 -0.0335402
14 98 0.00353153
14 137 0.123905
14 138 -0.155822
14 139 -0.173274
14 140 0.127935
14 249 0.33125
14 250 -0.511998
14 255 -0.858873
14 256 0.490625
14 315 -1.49535
14 316 0.399966
14 367 -0.0402483
14 368 -0.0402483
14 377 -0.0496233
14 378 -0.0496233
14 385 -0.0402483
14 386 -0.0402483
14 503 -0.246326
14 504 0.0961748
14 505 -0.320907
14 506 0.114807
14 507 -0.0239654
14 508 -0.00937639
14 509 0.0424366
14 510 -0.0254468
14 597 0.000502232
14 604 0.000502232
14 609 0.000502232
14 719 -2.13325
14 720 0.789
14 721 -0.314122
14 722 0.835386
14 727 0.142236
14 728 -0.177032
14 729 0.0916074
14 730 -0.11755
15 15 2.97712
15 40 -0.131148
15 41 -0.131148
15 73 -0.0873977
15 74 -0.0873977
15 93 -0.0873977
15 94 -0.0873977
15 145 0.54375
15 146 -0.974833
15 147 -0.974833
15 148 0.54375
15 277 0.384375
15 278 -0.627958
15 281 0.384375
15 282 -0.627958
15 357 0.384375
15 358 -0.627958
15 361 0.384375
15 362 -0.627958
15 421 -0.0467494
15 422 -0.0467494
15 427 -0.0467494
15 428 -0.0467494
15 431 -0.0373744
15 432 -0.0373744
15 581 -0.0467494
15 582 -0.0467494
15 587 -0.0467494
15 588 -0.0467494
15 591 -0.0373744
15 592 -0.0373744
15 633 0.000167411
15 637 0.000167411
15 640 0.000167411
15 825 0.000167411
15 829 0.000167411
15 832 0.000167411
16 16 3.81477
16 42 0.035307
16 43 0.0257015
16 69 -0.174847
16 71 -0.0581799
16 81 -0.0200802
16 95 -0.034626
16 96 0.0115017
16 153 0.136072
16 154 -0.275953
16 155 -0.228214
16 156 0.13396
16 261 0.70625
16 262 -1.3185
16 267 -0.393499
16 268 0.28125
16 307 -1.29683
16 308 0.315426
16 391 -0.0560617
16 392 -0.0560617
16 401 -0.0310617
16 402 -0.0310617
16 409 -0.0498117
16 410 -0.0498117
16 483 -0.336652
16 484 0.12158
16 485 -0.30683
16 486 0.114876
16 495 0.0787171
16 496 -0.0485022
16 497 0.0493718
16 498 -0.0419277
16 613 0.000251116
16 620 0.000251116
16 625 0.000251116
16 679 -2.71955
16 680 1.01694
16 681 -0.390085
16 682 1.03659
16 703 0.573524
16 704 -0.351543
16 705 0.191712
16 706 -0.368427
17 17 3.04848
17 44 -0.131122
17 45 -0.131122
17 70 -0.0873465
17 71 -0.0581799
17 72 -0.131148
17 74 -0.0873977
17 161 0.553125
17 162 -0.965416
17 163 -0.981041
17 164 0.5375
17 265 0.3875
17 266 -0.624749
17 269 0.28125
17 270 -0.393499
17 273 0.54375
17 274 -0.974833
17 279 -0.627958
17 280 0.384375
17 397 -0.0560617
17 398 -0.0560617
17 403 -0.0498117
17 404 -0.0498117
17 407 -0.0310617
17 408 -0.0310617
17 415 -0.0467494
17 416 -0.0467494
17 425 -0.0373744
17 426 -0.0373744
17 433 -0.0467494
17 434 -0.0467494
17 617 0.000251116
17 621 0.000251116
17 624 0.000251116
17 629 0.000167411
17 636 0.000167411
17 641 0.000167411
18 18 3.04848
18 46 -0.131122
18 47 -0.131122
18 72 -0.131148
18 73 -0.0873977
18 75 -0.0873465
18 77 -0.0581799
18 169 0.553125
18 170 -0.965416
18 171 -0.981041
18 172 0.5375
18 271 -0.974833
18 272 0.54375
18 275 -0.627958
18 276 0.384375
18 285 0.3875
18 286 -0.624749
18 291 -0.393499
18 292 0.28125
18 413 -0.0467494
18 414 -0.0467494
18 419 -0.0373744
18 420 -0.0373744
18 429 -0.0467494
18 430 -0.0467494
18 439 -0.0560617
18 440 -0.0560617
18 449 -0.0498117
18 450 -0.0498117
18 457 -0.0310617
18 458 -0.0310617
18 628 0.000167411
18 632 0.000167411
18 639 0.000167411
18 645 0.000251116
18 652 0.000251116
18 657 0.000251116
19 19 3.26204
19 48 -0.131071
19 49 -0.131071
19 76 -0.174847
19 77 -0.0581799
19 78 -0.174795
19 80 0.000204613
19 177 0.58125
19 178 -0.937207
19 179 -0.999707
19 180 0.51875
19 289 0.70625
19 290 -1.3185
19 293 0.28125
19 294 -0.393499
19 297 0.7125
19 298 -1.31217
19 303 0.0753348
19 304 0.075
19 445 -0.0560617
19 446 -0.0560617
19 451 -0.0310617
19 452 -0.0310617
19 455 -0.0498117
19 456 -0.0498117
19 463 -0.0747489
19 464 -0.0747489
19 473 -0.0372489
19 474 -0.0372489
19 481 -0.0372489
19 482 -0.0372489
19 649 0.000251116
19 653 0.000251116
19 656 0.000251116
19 661 0.000334821
19 668 0.000334821
19 673 0.000334821
20 20 3.07183
20 50 -0.0391184
20 51 -0.0447288
20 79 -0.174795
20 80 0.000204613
20 85 -0.0124087
20 99 -0.0161458
20 100 0.000538922
20 185 0.339402
20 186 -0.596142
20 187 -0.633307
20 188 0.296758
20 301 0.7125
20 302 -1.31217
20 305 0.075
20 306 0.0753348
20 323 -0.786509
20 324 0.195341
20 469 -0.0747489
20 470 -0.0747489
20 475 -0.0372489
20 476 -0.0372489
20 479 -0.0372489
20 480 -0.0372489
20 515 -0.162241
20 516 0.0560628
20 517 -0.141533
20 518 0.0512458
20 527 -0.00225801
20 528 -0.00787806
20 529 -0.0228698
20 530 -0.0028466
20 665 0.000334821
20 669 0.000334821
20 672 0.000334821
20 743 -1.25669
20 744 0.453509
20 745 -0.169495
20 746 0.466901
20 767 -0.0661934
20 768 -0.0405511
20 769 0.0405999
20 770 -0.0411396
21 21 1
22 22 1
23 23 1
24 24 1
25 25 1
26 26 1
27 27 1
28 28 4.09224
28 81 -0.0322554
28 82 0.170882
28 83 -0.0430135
28 84 0.153709
28 95 0.00611652
28 96 -0.0391164
28 97 0.00761484
28 98 -0.0294269
28 309 0.363092
28 310 -1.3799
28 313 -0.166389
28 314 0.337965
28 317 0.356528
28 318 -1.38342
28 321 -0.202346
28 322 0.363742
28 485 0.059132
28 486 -0.0338201
28 487 -0.000535803
28 488 -0.0192795
28 493 -0.358464
28 494 0.130814
28 495 -0.290918
28 496 0.113826
28 501 0.0146359
28 502 -0.0262339
28 503 0.05692
28 504 -0.0362333
28 509 -0.252599
28 510 0.0948203
28 511 -0.291818
28 512 0.103834
28 683 0.30831
28 684 -0.251948
28 685 0.124523
28 686 -0.19178
28 699 -2.41911
28 700 0.951398
28 701 -0.363729
28 702 0.909553
28 715 0.339558
28 716 -0.246183
28 717 0.139769
28 718 -0.248825
28 731 -2.27091
28 732 0.840083
28 733 -0.322521
28 734 0.86561
29 29 2.72812
29 85 -0.0209948
29 86 0.113676
29 87 -0.0291951
29 88 0.102627
29 99 -0.00214874
29 100 -0.0179548
29 101 -0.0014842
29 102 -0.014253
29 325 0.236643
29 326 -0.912905
29 329 -0.120515
29 330 0.236223
29 333 0.24177
29 334 -0.928013
29 337 -0.12832
29 338 0.234061
29 517 -0.0126301
29 518 -0.000862413
29 519 -0.0509558
29 520 0.00828469
29 525 -0.176614
29 526 0.0609449
29 527 -0.135525
29 528 0.0507277
29 533 -0.0439109
29 534 0.00530898
29 535 -0.0139322
29 536 -0.00204156
29 541 -0.120991
29 542 0.0434756
29 543 -0.14962
29 544 0.0501855
29 747 -0.213952
29 748 0.0100216
29 749 0.00954031
29 750 0.0453038
29 763 -1.16644
29 764 0.442591
29 765 -0.160898
29 766 0.416966
29 779 -0.20006
29 780 0.0200015
29 781 0.0163094
29 782 0.0125643
29 795 -1.11111
29 796 0.391168
29 797 -0.144933
29 798 0.409608
30 1 -0.048923
30 10 -0.0574368
30 30 4.56669
30 41 -0.0873977
30 42 0.0165693
30 82 -0.0493142
30 93 -0.131148
30 96 0.190125
30 103 0.4206
30 104 -1.20566
30 105 -1.17734
30 106 0.406698
30 149 -0.0373744
30 150 -0.0373744
30 151 0.141134
30 152 -0.075017
30 311 -0.441548
30 312 0.165776
30 355 -0.0467494
30 356 -0.0467494
30 491 0.179012
30 492 -0.201735
30 493 0.173707
30 494 -0.477548
30 497 -0.0560531
30 498 0.0657319
30 577 -0.627958
30 578 0.384375
30 579 -0.974833
30 580 0.54375
30 581 -0.0467494
30 582 -0.0467494
30 691 -0.59276
30 692 0.946465
30 693 -0.491855
30 694 0.276477
30 695 1.4734
30 696 -0.566215
30 697 1.49737
30 698 -3.91952
30 823 0.000167411
30 824 0.000167411
30 826 0.000167411
31 0 -0.070484
31 10 -0.0644411
31 31 4.10202
31 32 -0.131148
31 39 -0.040904
31 82 0.0111999
31 92 -0.0873977
31 97 0.195222
31 107 0.420904
31 108 -1.20055
31 109 -1.18757
31 110 0.422018
31 111 -0.0467494
31 112 -0.0467494
31 141 0.133596
31 142 -0.353926
31 311 0.102913
31 312 -0.0551004
31 351 -0.0373744
31 352 -0.0373744
31 499 0.433799
31 500 -0.254163
31 501 -0.0363462
31 502 0.0266625
31 505 0.144332
31 506 -0.401068
31 571 -0.974833
31 572 0.54375
31 573 -0.627958
31 574 0.384375
31 575 -0.0467494
31 576 -0.0467494
31 707 1.18167
31 708 -3.16604
31 709 1.2125
31 710 -0.455738
31 711 -0.42074
31 712 0.200513
31 713 -0.339988
31 714 0.619034
31 819 0.000167411
31 820 0.000167411
31 822 0.000167411
32 0 -0.055844
32 11 -0.0519568
32 31 -0.131148
32 32 2.74149
32 35 -0.00529205
32 88 -0.0119872
32 92 -0.0873977
32 102 0.10111
32 109 -0.0467494
32 110 -0.0467494
32 111 0.304877
32 112 -0.724817
32 113 -0.725491
32 114 0.291822
32 125 0.0116546
32 126 -0.0448344
32 335 -0.0910141
32 336 0.0322308
32 353 -0.0373744
32 354 -0.0373744
32 539 0.0182858
32 540 -0.0715546
32 543 0.0408097
32 544 -0.125683
32 545 0.197112
32 546 -0.10628
32 571 0.54375
32 572 -0.974833
32 573 -0.0467494
32 574 -0.0467494
32 575 -0.627958
32 576 0.384375
32 787 0.119939
32 788 -0.0312614
32 789 0.127997
32 790 -0.440245
32 799 0.26986
32 800 -0.0994129
32 801 0.29154
32 802 -0.801843
32 819 0.000167411
32 821 0.000167411
32 822 0.000167411
33 2 -0.0437842
33 11 -0.0479471
33 33 2.71769
33 40 -0.0873977
33 51 -0.0136608
33 88 -0.0035941
33 94 -0.131148
33 99 0.0837565
33 115 0.28093
33 116 -0.648489
33 117 -0.65031
33 118 0.269043
33 143 -0.0373744
33 144 -0.0373744
33 189 0.0388765
33 190 -0.108224
33 335 -0.0350365
33 336 0.00697595
33 359 -0.0467494
33 360 -0.0467494
33 515 0.0451618
33 516 -0.133547
33 519 0.0114279
33 520 -0.0528446
33 521 0.0584117
33 522 -0.0612683
33 583 -0.627958
33 584 0.384375
33 585 -0.974833
33 586 0.54375
33 587 -0.0467494
33 588 -0.0467494
33 739 0.314588
33 740 -0.117645
33 741 0.330397
33 742 -0.89724
33 751 0.0759572
33 752 -0.0118804
33 753 0.0774695
33 754 -0.324496
33 827 0.000167411
33 828 0.000167411
33 830 0.000167411
34 12 -0.0652659
34 34 3.68935
34 87 -0.00236756
34 90 0.0732236
34 101 -0.0425966
34 119 0.470461
34 120 -0.743379
34 121 -0.815483
34 122 0.393702
34 331 -0.060134
34 332 0.0102517
34 343 -0.0402483
34 344 -0.0402483
34 531 0.0533994
34 532 -0.140919
34 535 -0.00200172
34 536 -0.00896712
34 537 -1.15825
34 538 0.308866
34 553 -1.98387
34 554 1.05312
34 555 0.675502
34 556 -0.16875
34 557 -0.0402483
34 558 -0.0402483
34 771 0.483789
34 772 -0.174401
34 773 0.449009
34 774 -1.26676
34 783 0.0519314
34 784 0.0100843
34 785 0.0085448
34 786 -0.231514
34 807 0.000502232
34 808 0.000502232
34 810 0.000502232
35 0 -0.0759
35 12 -0.0707418
35 32 -0.00529205
35 35 3.52592
35 36 0.0732236
35 87 -0.0136095
35 89 -0.262193
35 102 -0.0309074
35 111 -0.077932
35 112 0.0195882
35 123 0.488576
35 124 -0.79496
35 125 -0.870043
35 126 0.414849
35 127 -0.0402483
35 128 -0.0402483
35 331 -0.144372
35 332 0.0472764
35 339 -0.112123
35 340 -0.112123
35 539 -0.972776
35 540 0.255938
35 541 0.0362465
35 542 -0.0997988
35 545 0.00963437
35 546 -0.0360936
35 547 0.675502
35 548 -0.16875
35 549 -1.98387
35 550 1.05313
35 551 -0.0402483
35 552 -0.0402483
35 787 0.134323
35 788 -0.420794
35 789 0.0988987
35 790 -0.0285266
35 791 0.336069
35 792 -0.115733
35 793 0.308194
35 794 -0.908328
35 803 0.000502232
35 804 0.000502232
35 806 0.000502232
36 0 -0.189276
36 13 -0.189276
36 35 0.0732236
36 36 3.68969
36 39 -0.0726097
36 66 -0.11636
36 89 -0.262193
36 125 -0.0402483
36 126 -0.0402483
36 127 0.73125
36 128 -1.462
36 129 -1.38075
36 130 0.8125
36 141 -0.0402483
36 142 -0.0402483
36 247 -0.0496233
36 248 -0.0496233
36 341 -0.112123
36 342 -0.112123
36 363 -0.511998
36 364 0.33125
36 365 -0.858873
36 366 0.490625
36 367 -0.0402483
36 368 -0.0402483
36 547 -0.16875
36 548 0.675502
36 549 -0.0402483
36 550 -0.0402483
36 551 -1.98387
36 552 1.05312
36 595 0.000502232
36 596 0.000502232
36 598 0.000502232
36 803 0.000502232
36 805 0.000502232
36 806 0.000502232
37 13 -0.189276
37 37 3.68969
37 67 -0.0726097
37 91 0.0732236
37 131 0.73125
37 132 -1.462
37 133 -1.38075
37 134 0.8125
37 251 -0.0402483
37 252 -0.0402483
37 347 -0.0402483
37 348 -0.0402483
37 369 -0.858873
37 370 0.490625
37 371 -0.511998
37 372 0.33125
37 373 -0.0402483
37 374 -0.0402483
37 559 -1.98387
37 560 1.05312
37 561 0.675502
37 562 -0.16875
37 563 -0.0402483
37 564 -0.0402483
37 599 0.000502232
37 600 0.000502232
37 602 0.000502232
37 811 0.000502232
37 812 0.000502232
37 814 0.000502232
38 14 0.0269341
38 38 3.25691
38 68 -0.0726097
38 83 -0.0277594
38 98 -0.0507514
38 135 0.133201
38 136 -0.170119
38 137 -0.184032
38 138 0.13359
38 255 -0.0402483
38 256 -0.0402483
38 315 -0.270987
38 316 0.0956686
38 375 -0.858873
38 376 0.490625
38 377 -0.511998
38 378 0.33125
38 379 -0.0402483
38 380 -0.0402483
38 507 -1.3722
38 508 0.367383
38 509 0.0787518
38 510 -0.203101
38 513 -0.0165365
38 514 0.0233361
38 603 0.000502232
38 604 0.000502232
38 606 0.000502232
38 723 -0.0527537
38 724 0.00131759
38 725 -0.106016
38 726 0.0601365
38 727 0.694346
38 728 -0.258035
38 729 0.652062
38 730 -1.78427
39 0 0.043944
39 14 0.0348399
39 31 -0.040904
39 36 -0.0726097
39 39 3.72169
39 66 -0.11636
39 83 0.00617216
39 97 -0.0528691
39 109 0.138828
39 110 -0.383418
39 127 -0.0402483
39 128 -0.0402483
39 139 0.115156
39 140 -0.147988
39 141 -0.170242
39 142 0.124153
39 249 -0.0496233
39 250 -0.0496233
39 315 -0.00775352
39 316 -0.0184059
39 363 0.33125
39 364 -0.511998
39 365 -0.0402483
39 366 -0.0402483
39 367 -0.858873
39 368 0.490625
39 499 0.11831
39 500 -0.301534
39 503 -0.0359521
39 504 0.0644146
39 505 -1.63424
39 506 0.435939
39 595 0.000502232
39 597 0.000502232
39 598 0.000502232
39 707 1.01128
39 708 -0.38418
39 709 0.960446
39 710 -2.56985
39 719 -0.194257
39 720 0.129295
39 721 -0.261399
39 722 0.306754
40 2 -0.131148
40 15 -0.131148
40 33 -0.0873977
40 40 2.97712
40 47 -0.0873977
40 73 -0.0873977
40 94 -0.0873977
40 117 -0.0467494
40 118 -0.0467494
40 143 0.54375
40 144 -0.974833
40 145 -0.974833
40 146 0.54375
40 173 -0.0467494
40 174 -0.0467494
40 277 -0.0467494
40 278 -0.0467494
40 361 -0.0467494
40 362 -0.0467494
40 417 0.384375
40 418 -0.627958
40 419 -0.0373744
40 420 -0.0373744
40 421 -0.627958
40 422 0.384375
40 583 0.384375
40 584 -0.627958
40 585 -0.0373744
40 586 -0.0373744
40 587 -0.627958
40 588 0.384375
40 631 0.000167411
40 633 0.000167411
40 634 0.000167411
40 827 0.000167411
40 829 0.000167411
40 830 0.000167411
41 1 -0.131148
41 15 -0.131148
41 30 -0.0873977
41 41 2.97712
41 45 -0.0873977
41 74 -0.0873977
41 93 -0.0873977
41 103 -0.0467494
41 104 -0.0467494
41 147 0.54375
41 148 -0.974833
41 149 -0.974833
41 150 0.54375
41 165 -0.0467494
41 166 -0.0467494
41 281 -0.0467494
41 282 -0.0467494
41 357 -0.0467494
41 358 -0.0467494
41 423 0.384375
41 424 -0.627958
41 425 -0.0373744
41 426 -0.0373744
41 427 -0.627958
41 428 0.384375
41 577 0.384375
41 578 -0.627958
41 579 -0.0373744
41 580 -0.0373744
41 581 -0.627958
41 582 0.384375
41 635 0.000167411
41 637 0.000167411
41 638 0.000167411
41 823 0.000167411
41 825 0.000167411
41 826 0.000167411
42 1 0.0474282
42 16 0.035307
42 30 0.0165693
42 42 4.31928
42 45 -0.0581799
42 71 -0.174847
42 81 -0.043581
42 96 -0.0141709
42 103 0.0844686
42 104 -0.0610877
42 151 0.147935
42 152 -0.321264
42 153 -0.257932
42 154 0.130502
42 165 -0.0310617
42 166 -0.0310617
42 267 -0.0560617
42 268 -0.0560617
42 307 -0.421799
42 308 0.153326
42 399 -0.393499
42 400 0.28125
42 401 -1.3185
42 402 0.70625
42 403 -0.0498117
42 404 -0.0498117
42 491 -0.0667336
42 492 0.111748
42 495 0.146615
42 496 -0.391337
42 497 -1.4938
42 498 0.352642
42 619 0.000251116
42 620 0.000251116
42 622 0.000251116
42 691 -0.52635
42 692 0.264075
42 693 -0.491768
42 694 0.85878
42 703 1.32328
42 704 -0.500011
42 705 1.30299
42 706 -3.46854
43 16 0.0257015
43 43 3.47109
43 69 -0.0581799
43 81 0.00777124
43 95 -0.0215987
43 155 0.132872
43 156 -0.258181
43 157 -0.219768
43 158 0.139906
43 261 -0.0310617
43 262 -0.0310617
43 307 0.0241955
43 308 -0.0282014
43 387 0.70625
43 388 -1.3185
43 389 -0.0498117
43 390 -0.0498117
43 391 -0.393499
43 392 0.28125
43 483 -1.13909
43 484 0.282004
43 485 -0.0348697
43 486 0.0529054
43 489 0.0919726
43 490 -0.246477
43 611 0.000251116
43 613 0.000251116
43 614 0.000251116
43 675 0.831413
43 676 -2.18756
43 677 0.812911
43 678 -0.311019
43 679 -0.254552
43 680 0.139182
43 681 -0.246721
43 682 0.359911
44 17 -0.131122
44 44 3.04848
44 46 -0.131148
44 70 -0.0581799
44 72 -0.0873977
44 159 0.553125
44 160 -0.965416
44 161 -0.981041
44 162 0.5375
44 167 -0.0467494
44 168 -0.0467494
44 265 -0.0498117
44 266 -0.0498117
44 273 -0.0373744
44 274 -0.0373744
44 393 0.3875
44 394 -0.624749
44 395 -0.0310617
44 396 -0.0310617
44 397 -0.393499
44 398 0.28125
44 411 0.54375
44 412 -0.974833
44 413 -0.0467494
44 414 -0.0467494
44 415 -0.627958
44 416 0.384375
44 615 0.000251116
44 617 0.000251116
44 618 0.000251116
44 627 0.000167411
44 629 0.000167411
44 630 0.000167411
45 1 -0.131122
45 17 -0.131122
45 41 -0.0873977
45 42 -0.0581799
45 45 3.04848
45 71 -0.0873465
45 74 -0.131148
45 149 -0.0373744
45 150 -0.0373744
45 151 -0.0498117
45 152 -0.0498117
45 163 0.553125
45 164 -0.965416
45 165 -0.981041
45 166 0.5375
45 269 -0.0560617
45 270 -0.0560617
45 279 -0.0467494
45 280 -0.0467494
45 399 0.28125
45 400 -0.393499
45 401 -0.0310617
45 402 -0.0310617
45 403 -0.624749
45 404 0.3875
45 423 -0.627958
45 424 0.384375
45 425 -0.974833
45 426 0.54375
45 427 -0.0467494
45 428 -0.0467494
45 619 0.000251116
45 621 0.000251116
45 622 0.000251116
45 635 0.000167411
45 636 0.000167411
45 638 0.000167411
46 18 -0.131122
46 44 -0.131148
46 46 3.04848
46 72 -0.0873977
46 75 -0.0581799
46 159 -0.0467494
46 160 -0.0467494
46 167 0.553125
46 168 -0.965416
46 169 -0.981041
46 170 0.5375
46 271 -0.0373744
46 272 -0.0373744
46 285 -0.0498117
46 286 -0.0498117
46 411 -0.974833
46 412 0.54375
46 413 -0.627958
46 414 0.384375
46 415 -0.0467494
46 416 -0.0467494
46 435 0.3875
46 436 -0.624749
46 437 -0.0310617
46 438 -0.0310617
46 439 -0.393499
46 440 0.28125
46 627 0.000167411
46 628 0.000167411
46 630 0.000167411
46 643 0.000251116
46 645 0.000251116
46 646 0.000251116
47 2 -0.131122
47 18 -0.131122
47 40 -0.0873977
47 47 3.04848
47 49 -0.0581799
47 73 -0.131148
47 77 -0.0873465
47 143 -0.0373744
47 144 -0.0373744
47 171 0.553125
47 172 -0.965416
47 173 -0.981041
47 174 0.5375
47 181 -0.0498117
47 182 -0.0498117
47 275 -0.0467494
47 276 -0.0467494
47 291 -0.0560617
47 292 -0.0560617
47 417 -0.627958
47 418 0.384375
47 419 -0.974833
47 420 0.54375
47 421 -0.0467494
47 422 -0.0467494
47 447 -0.393499
47 448 0.28125
47 449 -0.624749
47 450 0.3875
47 451 -0.0310617
47 452 -0.0310617
47 631 0.000167411
47 632 0.000167411
47 634 0.000167411
47 651 0.000251116
47 652 0.000251116
47 654 0.000251116
48 19 -0.131071
48 48 3.26204
48 76 -0.0581799
48 78 0.000204613
48 175 0.58125
48 176 -0.937207
48 177 -0.999707
48 178 0.51875
48 289 -0.0310617
48 290 -0.0310617
48 297 -0.0372489
48 298 -0.0372489
48 441 0.70625
48 442 -1.3185
48 443 -0.0498117
48 444 -0.0498117
48 445 -0.393499
48 446 0.28125
48 459 0.7125
48 460 -1.31217
48 461 -0.0372489
48 462 -0.0372489
48 463 0.0753348
48 464 0.075
48 647 0.000251116
48 649 0.000251116
48 650 0.000251116
48 659 0.000334821
48 661 0.000334821
48 662 0.000334821
49 2 -0.131071
49 19 -0.131071
49 47 -0.0581799
49 49 3.26204
49 51 0.000204613
49 77 -0.174847
49 80 -0.174795
49 173 -0.0310617
49 174 -0.0310617
49 179 0.58125
49 180 -0.937207
49 181 -0.999707
49 182 0.51875
49 189 -0.0372489
49 190 -0.0372489
49 293 -0.0560617
49 294 -0.0560617
49 303 -0.0747489
49 304 -0.0747489
49 447 0.28125
49 448 -0.393499
49 449 -0.0498117
49 450 -0.0498117
49 451 -1.3185
49 452 0.70625
49 471 0.0753348
49 472 0.075
49 473 -1.31217
49 474 0.7125
49 475 -0.0372489
49 476 -0.0372489
49 651 0.000251116
49 653 0.000251116
49 654 0.000251116
49 667 0.000334821
49 668 0.000334821
49 670 0.000334821
50 20 -0.0391184
50 50 3.19747
50 79 0.000204613
50 85 -0.0192247
50 100 -0.0170366
50 183 0.332864
50 184 -0.579111
50 185 -0.613337
50 186 0.287338
50 301 -0.0372489
50 302 -0.0372489
50 323 -0.191398
50 324 0.0670702
50 465 0.7125
50 466 -1.31217
50 467 -0.0372489
50 468 -0.0372489
50 469 0.0753348
50 470 0.075
50 523 -0.0153219
50 524 0.0136154
50 527 0.0616133
50 528 -0.167816
50 529 -0.890447
50 530 0.222569
50 663 0.000334821
50 665 0.000334821
50 666 0.000334821
50 755 -0.0982612
50 756 0.0669291
50 757 -0.0971076
50 758 0.0519922
50 767 0.5601
50 768 -0.205838
50 769 0.544807
50 770 -1.49218
51 2 -0.0499214
51 20 -0.0447288
51 33 -0.0136608
51 49 0.000204613
51 51 2.98137
51 80 -0.174795
51 85 -0.00115773
51 99 -0.0067619
51 117 0.0470941
51 118 -0.13854
51 181 -0.0372489
51 182 -0.0372489
51 187 0.347273
51 188 -0.618471
51 189 -0.657806
51 190 0.306759
51 305 -0.0747489
51 306 -0.0747489
51 323 -0.0335474
51 324 0.00278721
51 471 0.075
51 472 0.0753348
51 473 -0.0372489
51 474 -0.0372489
51 475 -1.31217
51 476 0.7125
51 515 -0.691332
51 516 0.169263
51 517 -0.00142838
51 518 -0.0165065
51 521 0.0429828
51 522 -0.120939
51 667 0.000334821
51 669 0.000334821
51 670 0.000334821
51 739 0.391971
51 740 -1.06934
51 741 0.380613
51 742 -0.140173
51 743 0.00719301
51 744 0.0184146
51 745 0.00817959
51 746 -0.169208
52 52 1
53 53 1
54 54 1
55 55 1
56 56 1
57 57 1
58 58 1
59 59 1
60 60 1
61 61 1
62 62 1
63 63 1
64 64 1
65 65 1
66 13 -0.0726097
66 14 -0.0726097
66 36 -0.11636
66 39 -0.11636
66 66 2.98136
66 67 -0.11636
66 68 -0.11636
66 129 -0.0402483
66 130 -0.0402483
66 139 -0.0402483
66 140 -0.0402483
66 247 0.33125
66 248 -0.511998
66 249 -0.511998
66 250 0.33125
66 251 -0.0402483
66 252 -0.0402483
66 255 -0.0402483
66 256 -0.0402483
66 363 -0.0496233
66 364 -0.0496233
66 365 0.490625
66 366 -0.858873
66 367 0.490625
66 368 -0.858873
66 381 0.490625
66 382 -0.858873
66 383 -0.0496233
66 384 -0.0496233
66 385 -0.858873
66 386 0.490625
66 596 0.000502232
66 597 0.000502232
66 598 0.000502232
66 607 0.000502232
66 609 0.000502232
66 610 0.000502232
67 13 -0.11636
67 37 -0.0726097
67 66 -0.11636
67 67 2.98136
67 68 -0.0726097
67 131 -0.0402483
67 132 -0.0402483
67 247 -0.0496233
67 248 -0.0496233
67 251 0.490625
67 252 -0.858873
67 253 -0.858873
67 254 0.490625
67 257 -0.0402483
67 258 -0.0402483
67 369 -0.0402483
67 370 -0.0402483
67 371 0.33125
67 372 -0.511998
67 373 0.490625
67 374 -0.858873
67 381 -0.858873
67 382 0.490625
67 383 -0.511998
67 384 0.33125
67 385 -0.0402483
67 386 -0.0402483
67 600 0.000502232
67 601 0.000502232
67 602 0.000502232
67 607 0.000502232
67 608 0.000502232
67 610 0.000502232
68 14 -0.11636
68 38 -0.0726097
68 66 -0.11636
68 67 -0.0726097
68 68 2.98136
68 137 -0.0402483
68 138 -0.0402483
68 249 -0.0496233
68 250 -0.0496233
68 253 -0.0402483
68 254 -0.0402483
68 255 0.490625
68 256 -0.858873
68 257 -0.858873
68 258 0.490625
68 375 -0.0402483
68 376 -0.0402483
68 377 0.33125
68 378 -0.511998
68 379 0.490625
68 380 -0.858873
68 381 -0.0402483
68 382 -0.0402483
68 383 0.33125
68 384 -0.511998
68 385 0.490625
68 386 -0.858873
68 604 0.000502232
68 605 0.000502232
68 606 0.000502232
68 608 0.000502232
68 609 0.000502232
68 610 0.000502232
69 16 -0.174847
69 43 -0.0581799
69 69 3.11985
69 70 -0.0581799
69 71 -0.0873465
69 155 -0.0498117
69 156 -0.0498117
69 259 0.70625
69 260 -1.3185
69 261 -1.3185
69 262 0.70625
69 263 -0.0498117
69 264 -0.0498117
69 267 -0.0560617
69 268 -0.0560617
69 387 -0.0310617
69 388 -0.0310617
69 389 0.3875
69 390 -0.624749
69 391 0.28125
69 392 -0.393499
69 405 0.28125
69 406 -0.393499
69 407 -0.0310617
69 408 -0.0310617
69 409 -0.624749
69 410 0.3875
69 612 0.000251116
69 613 0.000251116
69 614 0.000251116
69 623 0.000251116
69 625 0.000251116
69 626 0.000251116
70 17 -0.0873465
70 44 -0.0581799
70 69 -0.0581799
70 70 3.11985
70 71 -0.174847
70 161 -0.0310617
70 162 -0.0310617
70 259 -0.0310617
70 260 -0.0310617
70 263 0.3875
70 264 -0.624749
70 265 -0.624749
70 266 0.3875
70 269 -0.0560617
70 270 -0.0560617
70 393 -0.0498117
70 394 -0.0498117
70 395 0.70625
70 396 -1.3185
70 397 0.28125
70 398 -0.393499
70 405 -0.393499
70 406 0.28125
70 407 -1.3185
70 408 0.70625
70 409 -0.0498117
70 410 -0.0498117
70 616 0.000251116
70 617 0.000251116
70 618 0.000251116
70 623 0.000251116
70 624 0.000251116
70 626 0.000251116
71 16 -0.0581799
71 17 -0.0581799
71 42 -0.174847
71 45 -0.0873465
71 69 -0.0873465
71 70 -0.174847
71 71 3.11985
71 153 -0.0498117
71 154 -0.0498117
71 163 -0.0310617
71 164 -0.0310617
71 261 -0.0310617
71 262 -0.0310617
71 265 -0.0498117
71 266 -0.0498117
71 267 0.28125
71 268 -0.393499
71 269 -0.393499
71 270 0.28125
71 399 -0.0560617
71 400 -0.0560617
71 401 0.70625
71 402 -1.3185
71 403 0.3875
71 404 -0.624749
71 405 -0.0560617
71 406 -0.0560617
71 407 0.70625
71 408 -1.3185
71 409 0.3875
71 410 -0.624749
71 620 0.000251116
71 621 0.000251116
71 622 0.000251116
71 624 0.000251116
71 625 0.000251116
71 626 0.000251116
72 17 -0.131148
72 18 -0.131148
72 44 -0.0873977
72 46 -0.0873977
72 72 2.97712
72 73 -0.0873977
72 74 -0.0873977
72 161 -0.0467494
72 162 -0.0467494
72 169 -0.0467494
72 170 -0.0467494
72 271 0.54375
72 272 -0.974833
72 273 -0.974833
72 274 0.54375
72 275 -0.0467494
72 276 -0.0467494
72 279 -0.0467494
72 280 -0.0467494
72 411 -0.0373744
72 412 -0.0373744
72 413 0.384375
72 414 -0.627958
72 415 0.384375
72 416 -0.627958
72 429 0.384375
72 430 -0.627958
72 431 -0.0373744
72 432 -0.0373744
72 433 -0.627958
72 434 0.384375
72 628 0.000167411
72 629 0.000167411
72 630 0.000167411
72 639 0.000167411
72 641 0.000167411
72 642 0.000167411
73 15 -0.0873977
73 18 -0.0873977
73 40 -0.0873977
73 47 -0.131148
73 72 -0.0873977
73 73 2.97712
73 74 -0.131148
73 145 -0.0373744
73 146 -0.0373744
73 171 -0.0467494
73 172 -0.0467494
73 271 -0.0373744
73 272 -0.0373744
73 275 0.384375
73 276 -0.627958
73 277 -0.627958
73 278 0.384375
73 281 -0.0467494
73 282 -0.0467494
73 417 -0.0467494
73 418 -0.0467494
73 419 0.54375
73 420 -0.974833
73 421 0.384375
73 422 -0.627958
73 429 -0.627958
73 430 0.384375
73 431 -0.974833
73 432 0.54375
73 433 -0.0467494
73 434 -0.0467494
73 632 0.000167411
73 633 0.000167411
73 634 0.000167411
73 639 0.000167411
73 640 0.000167411
73 642 0.000167411
74 15 -0.0873977
74 17 -0.0873977
74 41 -0.0873977
74 45 -0.131148
74 72 -0.0873977
74 73 -0.131148
74 74 2.97712
74 147 -0.0373744
74 148 -0.0373744
74 163 -0.0467494
74 164 -0.0467494
74 273 -0.0373744
74 274 -0.0373744
74 277 -0.0467494
74 278 -0.0467494
74 279 0.384375
74 280 -0.627958
74 281 -0.627958
74 282 0.384375
74 423 -0.0467494
74 424 -0.0467494
74 425 0.54375
74 426 -0.974833
74 427 0.384375
74 428 -0.627958
74 429 -0.0467494
74 430 -0.0467494
74 431 0.54375
74 432 -0.974833
74 433 0.384375
74 434 -0.627958
74 636 0.000167411
74 637 0.000167411
74 638 0.000167411
74 640 0.000167411
74 641 0.000167411
74 642 0.000167411
75 18 -0.0873465
75 46 -0.0581799
75 75 3.11985
75 76 -0.0581799
75 77 -0.174847
75 169 -0.0310617
75 170 -0.0310617
75 283 0.3875
75 284 -0.624749
75 285 -0.624749
75 286 0.3875
75 287 -0.0310617
75 288 -0.0310617
75 291 -0.0560617
75 292 -0.0560617
75 435 -0.0498117
75 436 -0.0498117
75 437 0.70625
75 438 -1.3185
75 439 0.28125
75 440 -0.393499
75 453 0.28125
75 454 -0.393499
75 455 -0.0498117
75 456 -0.0498117
75 457 -1.3185
75 458 0.70625
75 644 0.000251116
75 645 0.000251116
75 646 0.000251116
75 655 0.000251116
75 657 0.000251116
75 658 0.000251116
76 19 -0.174847
76 48 -0.0581799
76 75 -0.0581799
76 76 3.11985
76 77 -0.0873465
76 177 -0.0498117
76 178 -0.0498117
76 283 -0.0498117
76 284 -0.0498117
76 287 0.70625
76 288 -1.3185
76 289 -1.3185
76 290 0.70625
76 293 -0.0560617
76 294 -0.0560617
76 441 -0.0310617
76 442 -0.0310617
76 443 0.3875
76 444 -0.624749
76 445 0.28125
76 446 -0.393499
76 453 -0.393499
76 454 0.28125
76 455 -0.624749
76 456 0.3875
76 457 -0.0310617
76 458 -0.0310617
76 648 0.000251116
76 649 0.000251116
76 650 0.000251116
76 655 0.000251116
76 656 0.000251116
76 658 0.000251116
77 18 -0.0581799
77 19 -0.0581799
77 47 -0.0873465
77 49 -0.174847
77 75 -0.174847
77 76 -0.0873465
77 77 3.11985
77 171 -0.0310617
77 172 -0.0310617
77 179 -0.0498117
77 180 -0.0498117
77 285 -0.0498117
77 286 -0.0498117
77 289 -0.0310617
77 290 -0.0310617
77 291 0.28125
77 292 -0.393499
77 293 -0.393499
77 294 0.28125
77 447 -0.0560617
77 448 -0.0560617
77 449 0.3875
77 450 -0.624749
77 451 0.70625
77 452 -1.3185
77 453 -0.0560617
77 454 -0.0560617
77 455 0.3875
77 456 -0.624749
77 457 0.70625
77 458 -1.3185
77 652 0.000251116
77 653 0.000251116
77 654 0.000251116
77 656 0.000251116
77 657 0.000251116
77 658 0.000251116
78 19 -0.174795
78 48 0.000204613
78 78 3.40424
78 79 0.000204613
78 80 -0.174795
78 177 -0.0372489
78 178 -0.0372489
78 295 0.7125
78 296 -1.31217
78 297 -1.31217
78 298 0.7125
78 299 -0.0372489
78 300 -0.0372489
78 303 -0.0747489
78 304 -0.0747489
78 459 -0.0372489
78 460 -0.0372489
78 461 0.7125
78 462 -1.31217
78 463 0.075
78 464 0.0753348
78 477 0.075
78 478 0.0753348
78 479 -0.0372489
78 480 -0.0372489
78 481 -1.31217
78 482 0.7125
78 660 0.000334821
78 661 0.000334821
78 662 0.000334821
78 671 0.000334821
78 673 0.000334821
78 674 0.000334821
79 20 -0.174795
79 50 0.000204613
79 78 0.000204613
79 79 3.40424
79 80 -0.174795
79 185 -0.0372489
79 186 -0.0372489
79 295 -0.0372489
79 296 -0.0372489
79 299 0.7125
79 300 -1.31217
79 301 -1.31217
79 302 0.7125
79 305 -0.0747489
79 306 -0.0747489
79 465 -0.0372489
79 466 -0.0372489
79 467 0.7125
79 468 -1.31217
79 469 0.075
79 470 0.0753348
79 477 0.0753348
79 478 0.075
79 479 -1.31217
79 480 0.7125
79 481 -0.0372489
79 482 -0.0372489
79 664 0.000334821
79 665 0.000334821
79 666 0.000334821
79 671 0.000334821
79 672 0.000334821
79 674 0.000334821
80 19 0.000204613
80 20 0.000204613
80 49 -0.174795
80 51 -0.174795
80 78 -0.174795
80 79 -0.174795
80 80 3.40424
80 179 -0.0372489
80 180 -0.0372489
80 187 -0.0372489
80 188 -0.0372489
80 297 -0.0372489
80 298 -0.0372489
80 301 -0.0372489
80 302 -0.0372489
80 303 0.075
80 304 0.0753348
80 305 0.0753348
80 306 0.075
80 471 -0.0747489
80 472 -0.0747489
80 473 0.7125
80 474 -1.31217
80 475 0.7125
80 476 -1.31217
80 477 -0.0747489
80 478 -0.0747489
80 479 0.7125
80 480 -1.31217
80 481 0.7125
80 482 -1.31217
80 668 0.000334821
80 669 0.000334821
80 670 0.000334821
80 672 0.000334821
80 673 0.000334821
80 674 0.000334821
81 16 -0.0200802
81 28 -0.0322554
81 42 -0.043581
81 43 0.00777124
81 81 4.29464
81 82 0.00934271
81 84 -0.031636
81 95 0.147683
81 96 0.166581
81 153 0.127382
81 154 -0.324993
81 155 0.0701828
81 156 -0.039481
81 307 0.348537
81 308 -1.33661
81 309 -1.33369
81 310 0.335424
81 313 -0.0416252
81 314 0.0666518
81 321 0.103415
81 322 -0.2758
81 483 -0.0255177
81 484 0.0132525
81 485 0.269383
81 486 -0.178246
81 487 0.111289
81 488 -0.310371
81 493 -0.0331984
81 494 0.0303826
81 495 0.23567
81 496 -0.134165
81 497 0.143657
81 498 -0.389412
81 679 -0.301676
81 680 0.412053
81 681 -0.239085
81 682 0.146533
81 683 0.915
81 684 -2.45936
81 685 0.937613
81 686 -0.351219
81 699 -0.294433
81 700 0.162514
81 701 -0.300091
81 702 0.444783
81 703 1.00149
81 704 -2.64096
81 705 1.04129
81 706 -0.401604
82 10 0.191448
82 28 0.170882
82 30 -0.0493142
82 31 0.0111999
82 81 0.00934271
82 82 4.77842
82 83 -0.0359135
82 96 -0.029152
82 97 -0.0417718
82 105 0.163126
82 106 -0.441932
82 107 0.0385308
82 108 -0.039309
82 309 -0.0304028
82 310 0.0190683
82 311 -0.165147
82 312 0.315165
82 313 0.356478
82 314 -0.216876
82 317 0.126595
82 318 -0.352473
82 491 0.143891
82 492 -0.3658
82 493 -1.54299
82 494 0.405319
82 495 -0.0467339
82 496 0.0855674
82 499 -0.049439
82 500 0.0821765
82 501 -1.53807
82 502 0.390187
82 503 0.11729
82 504 -0.311616
82 695 1.1816
82 696 -2.98971
82 697 1.13457
82 698 -0.455979
82 699 -0.285269
82 700 0.507354
82 701 -0.35664
82 702 0.171335
82 711 -0.354767
82 712 0.546035
82 713 -0.35068
82 714 0.190222
82 715 1.06464
82 716 -2.78552
82 717 1.03792
82 718 -0.399459
83 14 -0.052804
83 28 -0.0430135
83 38 -0.0277594
83 39 0.00617216
83 82 -0.0359135
83 83 3.96636
83 84 0.00473047
83 97 0.176641
83 98 0.160675
83 137 0.0881933
83 138 -0.234759
83 139 0.0487674
83 140 -0.0318352
83 313 0.103813
83 314 -0.265646
83 315 0.378455
83 316 -1.44183
83 317 -1.43392
83 318 0.380573
83 321 -0.0292546
83 322 0.0500928
83 501 0.121595
83 502 -0.336613
83 503 0.42926
83 504 -0.195372
83 505 -0.0204266
83 506 0.000998208
83 507 0.0983276
83 508 -0.278553
83 509 0.449496
83 510 -0.225687
83 511 -0.0139935
83 512 -0.0127928
83 715 0.841165
83 716 -0.335593
83 717 0.885225
83 718 -2.25588
83 719 -0.210967
83 720 0.25
83 721 -0.201734
83 722 0.121305
83 727 0.783446
83 728 -2.13086
83 729 0.811848
83 730 -0.300726
83 731 -0.211338
83 732 0.219906
83 733 -0.152007
83 734 0.106629
84 28 0.153709
84 81 -0.031636
84 83 0.00473047
84 84 3.59024
84 95 -0.0321521
84 98 -0.0417813
84 309 0.106629
84 310 -0.295713
84 317 -0.015947
84 318 -0.00426407
84 319 -0.185802
84 320 0.349979
84 321 0.334796
84 322 -0.160551
84 485 0.0915818
84 486 -0.235665
84 487 -1.24174
84 488 0.326788
84 489 -0.0234168
84 490 0.0372775
84 509 -0.0255044
84 510 0.0356537
84 511 -1.25038
84 512 0.325395
84 513 0.0774054
84 514 -0.207308
84 683 0.77669
84 684 -0.293946
84 685 0.739408
84 686 -1.98677
84 687 -0.116441
84 688 0.145796
84 689 -0.168324
84 690 0.0873624
84 731 -0.160197
84 732 0.0997803
84 733 -0.16633
84 734 0.17126
84 735 0.711586
84 736 -1.87539
84 737 0.687553
84 738 -0.26277
85 20 -0.0124087
85 29 -0.0209948
85 50 -0.0192247
85 51 -0.00115773
85 85 2.73239
85 86 -0.000523195
85 88 -0.0150814
85 99 0.0942414
85 100 0.105547
85 185 0.0553157
85 186 -0.147323
85 187 -0.00663337
85 188 -0.00379232
85 323 0.214997
85 324 -0.842201
85 325 -0.855557
85 326 0.218364
85 329 -0.00477561
85 330 -0.00840007
85 337 0.0469527
85 338 -0.130168
85 515 0.0044166
85 516 -0.041003
85 517 0.1617
85 518 -0.105878
85 519 0.0527086
85 520 -0.154809
85 525 0.00143265
85 526 -0.0337521
85 527 0.162687
85 528 -0.0968819
85 529 0.0644248
85 530 -0.183877
85 743 -0.0166693
85 744 -0.149311
85 745 0.0169873
85 746 0.0212138
85 747 0.418698
85 748 -1.17432
85 749 0.434599
85 750 -0.155818
85 763 -0.0125111
85 764 0.0276762
85 765 -0.00890055
85 766 -0.136051
85 767 0.448228
85 768 -1.23653
85 769 0.470996
85 770 -0.173652
86 29 0.113676
86 85 -0.000523195
86 86 2.9375
86 87 -0.0169756
86 100 -0.0260036
86 101 -0.0344846
86 325 0.0030177
86 326 -0.0410621
86 327 -0.136443
86 328 0.279754
86 329 0.28182
86 330 -0.14849
86 333 0.0599205
86 334 -0.175328
86 523 0.0613051
86 524 -0.161152
86 525 -1.01224
86 526 0.264544
86 527 -0.00734005
86 528 0.00213332
86 531 -0.00880086
86 532 0.000855921
86 533 -1.02608
86 534 0.268392
86 535 0.05252
86 536 -0.143646
86 759 0.531207
86 760 -1.38259
86 761 0.501933
86 762 -0.196154
86 763 -0.000767493
86 764 -0.109522
86 765 -0.040717
86 766 0.0314086
86 775 -0.0307286
86 776 -0.0924739
86 777 -0.038694
86 778 0.0397174
86 779 0.490679
86 780 -1.3143
86 781 0.470236
86 782 -0.176678
87 12 -0.0370954
87 29 -0.0291951
87 34 -0.00236756
87 35 -0.0136095
87 86 -0.0169756
87 87 2.74624
87 88 -0.00305749
87 101 0.122181
87 102 0.111322
87 121 0.000408379
87 122 -0.0189921
87 123 -0.113518
87 124 0.0406348
87 329 0.0470339
87 330 -0.12603
87 331 0.265483
87 332 -1.00311
87 333 -0.986636
87 334 0.25899
87 337 0.00174485
87 338 -0.0180554
87 533 0.0583475
87 534 -0.171612
87 535 0.306776
87 536 -0.143491
87 537 0.00887709
87 538 -0.0535181
87 539 0.0483106
87 540 -0.146177
87 541 0.303741
87 542 -0.150412
87 543 0.0118542
87 544 -0.0604163
87 779 0.39221
87 780 -0.150752
87 781 0.420666
87 782 -1.11279
87 783 0.0353486
87 784 -0.25957
87 785 0.0463525
87 786 0.00613864
87 791 0.369274
87 792 -1.06272
87 793 0.390277
87 794 -0.136214
87 795 0.0340822
87 796 -0.273997
87 797 0.0712499
87 798 -0.000889893
88 11 0.0922998
88 29 0.102627
88 32 -0.0119872
88 33 -0.0035941
88 85 -0.0150814
88 87 -0.00305749
88 88 2.57271
88 99 -0.01511
88 102 -0.0231363
88 113 0.0420026
88 114 -0.128051
88 115 -0.0597216
88 116 0.0128819
88 325 0.0509924
88 326 -0.150584
88 333 0.0104479
88 334 -0.0536961
88 335 -0.107408
