108
30 30
0 0 5.08068
0 10 -1.03264
0 11 -0.453167
0 12 -0.309829
0 13 -0.891276
0 14 -0.0477361
0 28 0.107263
0 29 -0.431193
1 1 4.97662
1 10 -1.09805
1 15 -0.684317
1 16 -0.361489
1 17 -0.688639
1 28 -1.7275
2 2 4.87345
2 11 -0.353227
2 15 -0.621817
2 18 -0.555827
2 19 -0.384283
2 20 -0.119218
2 29 -0.0880354
3 3 1
4 4 1
5 5 1
6 6 1
7 7 1
8 8 1
9 9 1
10 0 -1.03264
10 1 -1.09805
10 10 4.96703
10 11 -0.655671
10 14 -1.42975
10 15 -0.420645
10 16 0.211868
10 28 0.16705
11 0 -0.453167
11 2 -0.353227
11 10 -0.655671
11 11 4.29558
11 12 -0.150473
11 15 -0.389395
11 20 -0.478742
11 29 0.441883
12 0 -0.309829
12 11 -0.150473
12 12 6.73324
12 13 0.713542
12 29 -0.48274
13 0 -0.891276
13 12 0.713542
13 13 4.94271
13 14 -0.341146
14 0 -0.0477361
14 10 -1.42975
14 13 -0.341146
14 14 4.53123
14 28 -1.35382
15 1 -0.684317
15 2 -0.621817
15 10 -0.420645
15 11 -0.389395
15 15 4.06684
15 17 -0.420645
15 18 -0.389395
16 1 -0.361489
16 10 0.211868
16 16 4.34343
16 17 -0.283456
16 28 -1.28051
17 1 -0.688639
17 15 -0.420645
17 16 -0.283456
17 17 4.03581
17 18 -0.655671
18 2 -0.555827
18 15 -0.389395
18 17 -0.655671
18 18 4.61393
18 19 -0.0490813
19 2 -0.384283
19 18 -0.0490813
19 19 6.54058
19 20 0.522377
20 2 -0.119218
20 11 -0.478742
20 19 0.522377
20 20 6.08829
20 29 -0.384342
21 21 1
22 22 1
23 23 1
24 24 1
25 25 1
26 26 1
27 27 1
28 0 0.107263
28 1 -1.7275
28 10 0.16705
28 14 -1.35382
28 16 -1.28051
28 28 5.09861
29 0 -0.431193
29 2 -0.0880354
29 11 0.441883
29 12 -0.48274
29 20 -0.384342
29 29 5.14151
1.56892
-0.031307
13.0796
0
0
0
0
0
0
0
-0.104662
5.35648
35.8108
0.734989
0.335382
0.221828
0.224612
-0.120525
5.11456
79.3632
84.9907
0
0
0
0
0
0
0
0.179482
49.7995
