2445
381 381
0 0 3.06278
24 0 -0.806544
25 0 0.0971347
53 0 -0.774396
66 0 -0.242931
74 0 -0.513185
98 0 0.0715195
113 0 -0.467635
120 0 -0.249115
1 1 3.23557
25 1 0.121371
26 1 -0.882592
52 1 -0.851457
54 1 0.144038
66 1 -0.541092
74 1 -0.207731
75 1 -0.200228
82 1 -0.595572
2 2 3.28972
26 2 -0.914182
27 2 0.182681
55 2 0.206462
66 2 -0.235843
75 2 -0.572696
94 2 -0.946149
110 2 -0.522808
119 2 -0.22784
3 3 3.12093
24 3 -0.83907
27 3 0.157508
66 3 -0.49351
93 3 -0.871909
99 3 0.131112
110 3 -0.270273
113 3 -0.277
122 3 -0.451482
4 4 3.50665
28 4 0.24906
29 4 -0.99543
55 4 0.228661
67 4 -0.668139
75 4 -0.19176
95 4 -1.02617
111 4 -0.182319
119 4 -0.607988
5 5 3.46135
29 5 -0.96516
30 5 0.183755
54 5 0.164916
56 5 -0.935453
67 5 -0.154124
75 5 -0.629853
76 5 -0.696168
82 5 -0.163133
6 6 3.46458
31 6 0.0441112
32 6 -0.850908
58 6 0.029428
68 6 -0.0919095
77 6 -0.696747
86 6 -0.824763
105 6 -0.781767
116 6 -0.0999909
7 7 3.44484
32 7 -0.878187
33 7 0.115811
56 7 -0.906419
57 7 0.09883
68 7 -0.733082
76 7 -0.12414
77 7 -0.1327
82 7 -0.658745
8 8 3.02595
34 8 -0.711541
35 8 0.0350229
53 8 -0.742701
69 8 -0.539057
74 8 -0.214279
97 8 0.0103311
112 8 -0.219877
120 8 -0.488982
9 9 3.20566
35 9 0.0581572
36 9 -0.790913
52 9 -0.820863
57 9 0.0795119
69 9 -0.17809
74 9 -0.565304
77 9 -0.625706
82 9 -0.171119
10 10 3.20553
36 10 -0.761723
37 10 -0.00773607
58 10 0.0120216
69 10 -0.597058
77 10 -0.140174
85 10 -0.733429
104 10 -0.146568
116 10 -0.665244
11 11 3.01474
34 11 -0.681014
37 11 -0.0295326
69 11 -0.184054
84 11 -0.651228
96 11 -0.053103
104 11 -0.572808
112 11 -0.516836
271 11 -0.189014
12 12 4.47071
38 12 0.19666
39 12 -1.3158
59 12 -1.29176
60 12 0.194226
70 12 -1.04695
78 12 -0.0090077
79 12 0.00523011
83 12 -1.18133
13 13 4.39683
39 13 -1.34144
40 13 0.268533
61 13 0.270241
70 13 -0.0447301
79 13 -1.11511
92 13 -1.36842
109 13 -0.99881
118 13 -0.0307188
14 14 4.96724
41 14 0.259904
42 14 -1.47407
61 14 0.267626
71 14 -1.33986
79 14 0.0207338
91 14 -1.49656
108 14 0.0375128
118 14 -1.18864
15 15 5.12008
42 15 -1.4536
43 15 0.172251
60 15 0.186446
62 15 -1.43556
71 15 0.0785504
79 15 -1.25758
80 15 -1.43673
83 15 0.061185
16 16 6.00284
43 16 0.150285
44 16 -1.61812
63 16 -1.60976
71 16 -1.53008
80 16 0.145474
101 16 0.118807
114 16 0.166818
121 16 -1.77737
17 17 5.72148
41 17 0.24611
44 17 -1.63042
71 17 0.097325
90 17 -1.64593
100 17 0.225041
108 17 -1.42814
114 17 -1.63029
122 17 0.117518
18 18 5.76359
45 18 -0.046681
46 18 -1.40231
65 18 -0.0101702
72 18 0.181989
81 18 -1.47762
88 18 -1.40133
107 18 -1.75828
117 18 0.162651
19 19 5.36968
46 19 -1.40911
47 19 0.072302
62 19 -1.4205
64 19 0.0955094
72 19 -1.5696
80 19 0.125713
81 19 0.10753
83 19 -1.35022
20 20 6.44152
47 20 0.0386896
48 20 -1.60919
63 20 -1.60634
72 20 0.203137
80 20 -1.66952
102 20 -0.00803964
115 20 -1.98531
121 20 0.226099
21 21 7.13179
45 21 -0.0980248
48 21 -1.62012
72 21 -1.86709
89 21 -1.64169
103 21 -0.168837
107 21 0.27597
115 21 0.301284
286 21 -2.29502
22 22 4.6087
49 22 0.118329
50 22 -1.24988
59 22 -1.26965
64 22 0.110337
73 22 0.0306495
78 22 -1.11111
81 22 -1.27058
83 22 0.0452205
23 23 4.83736
50 23 -1.23295
51 23 0.0306075
65 23 0.014794
73 23 -1.19781
81 23 0.0909167
87 23 -1.21952
106 23 0.0758679
117 23 -1.39359
0 24 -0.806544
3 24 -0.83907
24 24 3.08941
25 24 -0.502659
27 24 -0.256753
66 24 0.127501
98 24 -0.263212
99 24 -0.458978
113 24 0.101481
0 25 0.0971347
1 25 0.121371
24 25 -0.502659
25 25 3.14324
26 25 -0.221961
52 25 -0.552368
53 25 -0.228783
66 25 -0.843855
74 25 -0.812169
1 26 -0.882592
2 26 -0.914182
25 26 -0.221961
26 26 3.25989
27 26 -0.531293
54 26 -0.583335
55 26 -0.214204
66 26 0.152224
75 26 0.175468
2 27 0.182681
3 27 0.157508
24 27 -0.256753
26 27 -0.531293
27 27 3.19986
66 27 -0.875955
93 27 -0.485591
94 27 -0.249406
110 27 -0.908397
4 28 0.24906
28 28 3.63648
29 28 -0.168422
67 28 -1.0389
95 28 -0.656795
111 28 -1.06885
273 28 0.267415
280 28 -0.723244
322 28 -0.158189
4 29 -0.99543
5 29 -0.96516
28 29 -0.168422
29 29 3.48077
30 29 -0.681186
54 29 -0.177649
55 29 -0.618148
67 29 0.21668
75 29 0.197031
5 30 0.183755
29 30 -0.681186
30 30 3.5982
56 30 -0.13938
67 30 -1.00947
76 30 -0.980686
272 30 0.200264
280 30 -0.129534
284 30 -0.754861
6 31 0.0441112
31 31 3.62634
32 31 -0.755728
68 31 -0.899526
86 31 -0.0747521
105 31 -0.874805
275 31 0.0556239
281 31 -0.065707
317 31 -0.85158
6 32 -0.850908
7 32 -0.878187
31 32 -0.755728
32 32 3.44959
33 32 -0.108342
57 32 -0.676447
58 32 -0.116666
68 32 0.0805165
77 32 0.0646173
7 33 0.115811
32 33 -0.108342
33 33 3.59188
56 33 -0.713358
68 33 -0.925549
76 33 -0.952662
274 33 0.130102
281 33 -0.796497
284 33 -0.0988883
8 34 -0.711541
11 34 -0.681014
34 34 3.01682
35 34 -0.199383
37 34 -0.554821
69 34 0.00310245
96 34 -0.20467
97 34 -0.501998
112 34 -0.0210579
8 35 0.0350229
9 35 0.0581572
34 35 -0.199383
35 35 3.10923
36 35 -0.580117
52 35 -0.193121
53 35 -0.525253
69 35 -0.750369
74 35 -0.780977
9 36 -0.790913
10 36 -0.761723
35 36 -0.580117
36 36 3.20145
37 36 -0.162592
57 36 -0.155902
58 36 -0.644135
69 36 0.0256029
77 36 0.0462019
10 37 -0.00773607
11 37 -0.0295326
34 37 -0.554821
36 37 -0.162592
37 37 3.10269
69 37 -0.720451
84 37 -0.168242
85 37 -0.616427
104 37 -0.691345
12 38 0.19666
38 38 4.21068
39 38 -0.0272863
59 38 -1.07669
70 38 -1.25428
78 38 -1.22813
276 38 0.194605
282 38 -0.959
285 38 -0.0401943
12 39 -1.3158
13 39 -1.34144
38 39 -0.0272863
39 39 4.42697
40 39 -1.02118
60 39 -1.14583
61 39 -0.0131734
70 39 0.233266
79 39 0.233044
13 40 0.268533
39 40 -1.02118
40 40 4.16442
70 40 -1.28177
92 40 -0.0614517
109 40 -1.31037
277 40 0.263146
282 40 -0.0742627
321 40 -0.918263
14 41 0.259904
17 41 0.24611
41 41 5.31738
42 41 0.057397
44 41 -1.47531
71 41 -1.54873
90 41 0.0757875
91 41 -1.30114
108 41 -1.56812
14 42 -1.47407
15 42 -1.4536
41 42 0.057397
42 42 5.03365
43 42 -1.38464
60 42 0.0403491
61 42 -1.22065
71 42 0.217318
79 42 0.228031
15 43 0.172251
16 43 0.150285
42 43 -1.38464
43 43 5.52647
44 43 0.120444
62 43 0.101217
63 43 -1.5941
71 43 -1.53186
80 43 -1.51806
16 44 -1.61812
17 44 -1.63042
41 44 -1.47531
43 44 0.120444
44 44 5.84639
71 44 0.199769
100 44 0.141166
101 44 -1.69786
114 44 0.173948
18 45 -0.046681
21 45 -0.0980248
45 45 6.37717
46 45 -1.65521
48 45 0.23714
72 45 -1.50359
88 45 0.215083
89 45 -1.99866
107 45 -1.51212
18 46 -1.40231
19 46 -1.40911
45 46 -1.65521
46 46 5.54445
47 46 0.152452
64 46 -1.40864
65 46 0.133743
72 46 0.015775
81 46 0.0449363
19 47 0.072302
20 47 0.0386896
46 47 0.152452
47 47 5.85772
48 47 -1.75921
62 47 -1.49769
63 47 0.172845
72 47 -1.50282
80 47 -1.50807
20 48 -1.60919
21 48 -1.62012
45 48 0.23714
47 48 -1.75921
48 48 6.74656
72 48 -0.0256961
102 48 0.261163
103 48 -2.1236
115 48 -0.0829743
22 49 0.118329
49 49 4.31047
50 49 -1.15111
59 49 0.0102457
73 49 -1.18091
78 49 -1.20356
278 49 0.120684
283 49 -0.00282618
285 49 -1.01324
22 50 -1.24988
23 50 -1.23295
49 50 -1.15111
50 50 4.70947
51 50 0.0524273
64 50 0.067216
65 50 -1.32696
73 50 0.0758821
81 50 0.0643375
23 51 0.0306075
50 51 0.0524273
51 51 4.48434
73 51 -1.16056
87 51 -1.25264
106 51 -1.14301
279 51 0.0390589
283 51 -1.08612
320 51 0.0391047
1 52 -0.851457
9 52 -0.820863
25 52 -0.552368
35 52 -0.193121
52 52 3.21728
54 52 -0.185879
57 52 -0.609614
74 52 0.0900458
82 52 0.112086
0 53 -0.774396
8 53 -0.742701
25 53 -0.228783
35 53 -0.525253
53 53 3.04147
74 53 0.0663359
97 53 -0.23468
98 53 -0.477586
120 53 0.0411616
1 54 0.144038
5 54 0.164916
26 54 -0.583335
29 54 -0.177649
52 54 -0.185879
54 54 3.34109
56 54 -0.643306
75 54 -0.922952
82 54 -0.89247
2 55 0.206462
4 55 0.228661
26 55 -0.214204
29 55 -0.618148
55 55 3.39156
75 55 -0.953938
94 55 -0.563477
95 55 -0.205504
119 55 -0.985341
5 56 -0.935453
7 56 -0.906419
30 56 -0.13938
33 56 -0.713358
54 56 -0.643306
56 56 3.44909
57 56 -0.148167
76 56 0.150174
82 56 0.132219
7 57 0.09883
9 57 0.0795119
32 57 -0.676447
36 57 -0.155902
52 57 -0.609614
56 57 -0.148167
57 57 3.31688
77 57 -0.833422
82 57 -0.862589
6 58 0.029428
10 58 0.0120216
32 58 -0.116666
36 58 -0.644135
58 58 3.32533
77 58 -0.805101
85 58 -0.123868
86 58 -0.720041
116 58 -0.777782
12 59 -1.29176
22 59 -1.26965
38 59 -1.07669
49 59 0.0102457
59 59 4.53033
60 59 0.0246348
64 59 -1.22253
78 59 0.158455
83 59 0.15346
12 60 0.194226
15 60 0.186446
39 60 -1.14583
42 60 0.0403491
59 60 0.0246348
60 60 4.77135
62 60 -1.30038
79 60 -1.38194
83 60 -1.36056
13 61 0.270241
14 61 0.267626
39 61 -0.0131734
42 61 -1.22065
61 61 4.66263
79 61 -1.40529
91 61 0.00215397
92 61 -1.08845
118 61 -1.43026
15 62 -1.43556
19 62 -1.4205
43 62 0.101217
47 62 -1.49769
60 62 -1.30038
62 62 5.23042
64 62 0.0834771
80 62 0.124149
83 62 0.14245
16 63 -1.60976
20 63 -1.60634
43 63 -1.5941
47 63 0.172845
63 63 6.19801
80 63 0.0969163
101 63 0.194928
102 63 -1.87182
121 63 0.0585982
19 64 0.0955094
22 64 0.110337
46 64 -1.40864
50 64 0.067216
59 64 -1.22253
62 64 0.0834771
64 64 4.95813
81 64 -1.32545
83 64 -1.34155
18 65 -0.0101702
23 65 0.014794
46 65 0.133743
50 65 -1.32696
65 65 5.25811
81 65 -1.31292
87 65 0.11671
88 65 -1.55983
117 65 -1.30485
0 66 -0.242931
1 66 -0.541092
2 66 -0.235843
3 66 -0.49351
24 66 0.127501
25 66 -0.843855
26 66 0.152224
27 66 -0.875955
66 66 3.16897
4 67 -0.668139
5 67 -0.154124
28 67 -1.0389
29 67 0.21668
30 67 -1.00947
67 67 3.61378
272 67 -0.737968
273 67 -0.144083
280 67 0.23415
6 68 -0.0919095
7 68 -0.733082
31 68 -0.899526
32 68 0.0805165
33 68 -0.925549
68 68 3.60331
274 68 -0.0826577
275 68 -0.822087
281 68 0.0935038
8 69 -0.539057
9 69 -0.17809
10 69 -0.597058
11 69 -0.184054
34 69 0.00310245
35 69 -0.750369
36 69 0.0256029
37 69 -0.720451
69 69 3.10216
12 70 -1.04695
13 70 -0.0447301
38 70 -1.25428
39 70 0.233266
40 70 -1.28177
70 70 4.18181
276 70 -0.0575821
277 70 -0.937188
282 70 0.229436
14 71 -1.33986
15 71 0.0785504
16 71 -1.53008
17 71 0.097325
41 71 -1.54873
42 71 0.217318
43 71 -1.53186
44 71 0.199769
71 71 5.40946
18 72 0.181989
19 72 -1.5696
20 72 0.203137
21 72 -1.86709
45 72 -1.50359
46 72 0.015775
47 72 -1.50282
48 72 -0.0256961
72 72 6.08803
22 73 0.0306495
23 73 -1.19781
49 73 -1.18091
50 73 0.0758821
51 73 -1.16056
73 73 4.38645
278 73 -1.04693
279 73 0.0174647
283 73 0.0810217
0 74 -0.513185
1 74 -0.207731
8 74 -0.214279
9 74 -0.565304
25 74 -0.812169
35 74 -0.780977
52 74 0.0900458
53 74 0.0663359
74 74 3.12314
1 75 -0.200228
2 75 -0.572696
4 75 -0.19176
5 75 -0.629853
26 75 0.175468
29 75 0.197031
54 75 -0.922952
55 75 -0.953938
75 75 3.36336
5 76 -0.696168
7 76 -0.12414
30 76 -0.980686
33 76 -0.952662
56 76 0.150174
76 76 3.59057
272 76 -0.114489
274 76 -0.774243
284 76 0.16563
6 77 -0.696747
7 77 -0.1327
9 77 -0.625706
10 77 -0.140174
32 77 0.0646173
36 77 0.0462019
57 77 -0.833422
58 77 -0.805101
77 77 3.31652
12 78 -0.0090077
22 78 -1.11111
38 78 -1.22813
49 78 -1.20356
59 78 0.158455
78 78 4.25282
276 78 -0.984161
278 78 -0.0219882
285 78 0.158439
12 79 0.00523011
13 79 -1.11511
14 79 0.0207338
15 79 -1.25758
39 79 0.233044
42 79 0.228031
60 79 -1.38194
61 79 -1.40529
79 79 4.70881
15 80 -1.43673
16 80 0.145474
19 80 0.125713
20 80 -1.66952
43 80 -1.51806
47 80 -1.50807
62 80 0.124149
63 80 0.0969163
80 80 5.6736
18 81 -1.47762
19 81 0.10753
22 81 -1.27058
23 81 0.0909167
46 81 0.0449363
50 81 0.0643375
64 81 -1.32545
65 81 -1.31292
81 81 5.09097
1 82 -0.595572
5 82 -0.163133
7 82 -0.658745
9 82 -0.171119
52 82 0.112086
54 82 -0.89247
56 82 0.132219
57 82 -0.862589
82 82 3.32535
12 83 -1.18133
15 83 0.061185
19 83 -1.35022
22 83 0.0452205
59 83 0.15346
60 83 -1.36056
62 83 0.14245
64 83 -1.34155
83 83 4.8532
11 84 -0.651228
37 84 -0.168242
84 84 3.53814
96 84 -0.533732
104 84 -0.523437
148 84 -0.984587
219 84 0.0143757
271 84 -0.535528
10 85 -0.733429
37 85 -0.616427
58 85 -0.123868
85 85 3.64519
104 85 -0.512279
116 85 -0.502212
146 85 0.0187702
197 85 -0.980029
6 86 -0.824763
31 86 -0.0747521
58 86 -0.720041
86 86 3.78863
105 86 -0.486155
116 86 -0.493427
149 86 -0.974821
199 86 0.0238158
23 87 -1.21952
51 87 -1.25264
65 87 0.11671
87 87 4.24263
106 87 -0.268319
117 87 -0.281086
178 87 -0.999481
214 87 -0.332623
18 88 -1.40133
45 88 0.215083
65 88 -1.55983
88 88 4.71682
107 88 -0.326508
117 88 -0.299877
175 88 -0.331555
212 88 -0.998535
21 89 -1.64169
45 89 -1.99866
89 89 5.42373
103 89 0.348162
107 89 -0.363577
176 89 -0.9971
225 89 -0.329999
286 89 -0.41495
17 90 -1.64593
41 90 0.0757875
90 90 4.69575
100 90 -1.57239
108 90 -0.170107
122 90 -0.174985
186 90 -0.646177
234 90 -0.394289
14 91 -1.49656
41 91 -1.30114
61 91 0.00215397
91 91 4.30254
108 91 -0.167982
118 91 -0.168155
184 91 -0.401247
217 91 -0.652738
13 92 -1.36842
40 92 -0.0614517
61 92 -1.08845
92 92 4.00323
109 92 -0.173968
118 92 -0.170253
182 92 -0.657713
215 92 -0.406618
3 93 -0.871909
27 93 -0.485591
93 93 4.25232
99 93 -0.2905
110 93 -0.641954
122 93 -0.657825
142 93 -1.47135
234 93 0.44313
2 94 -0.946149
27 94 -0.249406
55 94 -0.563477
94 94 4.36812
110 94 -0.626432
119 94 -0.611335
141 94 0.452468
196 94 -1.46162
4 95 -1.02617
28 95 -0.656795
55 95 -0.205504
95 95 4.51272
111 95 -0.582765
119 95 -0.596748
139 95 -1.45029
194 95 0.463394
11 96 -0.053103
34 96 -0.20467
84 96 -0.533732
96 96 3.25701
112 96 -0.570803
128 96 -0.743772
231 96 -0.493796
271 96 -0.555461
8 97 0.0103311
34 97 -0.501998
53 97 -0.23468
97 97 3.26274
112 97 -0.586437
120 97 -0.602316
127 97 -0.493623
188 97 -0.743548
0 98 0.0715195
24 98 -0.263212
53 98 -0.477586
98 98 3.28169
113 98 -0.634651
120 98 -0.6184
132 98 -0.743121
191 98 -0.493247
3 99 0.131112
24 99 -0.458978
93 99 -0.2905
99 99 3.3118
100 99 -0.74249
113 99 -0.651038
122 99 -0.667531
134 99 -0.492667
17 100 0.225041
44 100 0.141166
90 100 -1.57239
99 100 -0.74249
100 100 4.74821
114 100 -1.10978
122 100 -1.11367
134 100 -0.492911
16 101 0.118807
44 101 -1.69786
63 101 0.194928
101 101 4.90118
114 101 -1.10816
121 101 -1.10941
133 101 -0.744097
192 101 -0.494467
20 102 -0.00803964
48 102 0.261163
63 102 -1.87182
102 102 5.14144
115 102 -1.12407
121 102 -1.11434
130 102 -0.49582
190 102 -0.745501
21 103 -0.168837
48 103 -2.1236
89 103 0.348162
103 103 5.52232
115 103 -1.14021
131 103 -0.746701
228 103 -0.49697
286 103 -1.16515
10 104 -0.146568
11 104 -0.572808
37 104 -0.691345
84 104 -0.523437
85 104 -0.512279
104 104 3.58767
146 104 -0.982389
148 104 0.0164915
6 105 -0.781767
31 105 -0.874805
86 105 -0.486155
105 105 3.87742
149 105 0.0265827
275 105 -0.0479256
292 105 -0.971973
317 105 -0.480678
23 106 0.0758679
51 106 -1.14301
87 106 -0.268319
106 106 4.06314
178 106 -0.332974
279 106 -1.1319
302 106 -0.999771
320 106 -0.260271
18 107 -1.75828
21 107 0.27597
45 107 -1.51212
88 107 -0.326508
89 107 -0.363577
107 107 5.03299
175 107 -0.997879
176 107 -0.330838
14 108 0.0375128
17 108 -1.42814
41 108 -1.56812
90 108 -0.170107
91 108 -0.167982
108 108 4.48552
184 108 -0.649656
186 108 -0.397966
13 109 -0.99881
40 109 -1.31037
92 109 -0.173968
109 109 3.88115
182 109 -0.408708
277 109 -0.0903261
304 109 -0.659605
321 109 -0.179044
2 110 -0.522808
3 110 -0.270273
27 110 -0.908397
93 110 -0.641954
94 110 -0.626432
110 110 4.30689
141 110 -1.46668
142 110 0.447601
4 111 -0.182319
28 111 -1.06885
95 111 -0.582765
111 111 4.59743
139 111 0.469451
273 111 -0.71042
290 111 -1.44404
322 111 -0.569494
8 112 -0.219877
11 112 -0.516836
34 112 -0.0210579
96 112 -0.570803
97 112 -0.586437
112 112 3.25807
127 112 -0.743685
128 112 -0.493735
0 113 -0.467635
3 113 -0.277
24 113 0.101481
98 113 -0.634651
99 113 -0.651038
113 113 3.29546
132 113 -0.492982
134 113 -0.742831
16 114 0.166818
17 114 -1.63029
44 114 0.173948
100 114 -1.10978
101 114 -1.10816
114 114 4.81597
133 114 -0.493715
134 114 -0.743319
20 115 -1.98531
21 115 0.301284
48 115 -0.0829743
102 115 -1.12407
103 115 -1.14021
115 115 5.30937
130 115 -0.746127
131 115 -0.49642
6 116 -0.0999909
10 116 -0.665244
58 116 -0.777782
85 116 -0.502212
86 116 -0.493427
116 116 3.71174
197 116 0.0212116
199 116 -0.977507
18 117 0.162651
23 117 -1.39359
65 117 -1.30485
87 117 -0.281086
88 117 -0.299877
117 117 4.45752
212 117 -0.33215
214 117 -0.999069
13 118 -0.0307188
14 118 -1.18864
61 118 -1.43026
91 118 -0.168155
92 118 -0.170253
118 118 4.14284
215 118 -0.655424
217 118 -0.404131
2 119 -0.22784
4 119 -0.607988
55 119 -0.985341
94 119 -0.611335
95 119 -0.596748
119 119 4.43652
194 119 -1.45615
196 119 0.457733
0 120 -0.249115
8 120 -0.488982
53 120 0.0411616
97 120 -0.602316
98 120 -0.6184
120 120 3.27071
188 120 -0.49346
191 120 -0.74336
16 121 -1.77737
20 121 0.226099
63 121 0.0585982
101 121 -1.10941
102 121 -1.11434
121 121 5.00787
190 121 -0.495169
192 121 -0.744825
3 122 -0.451482
17 122 0.117518
90 122 -0.174985
93 122 -0.657825
99 122 -0.667531
100 122 -1.11367
122 122 4.19212
234 122 -1.05896
123 123 3.53386
124 123 -0.494701
125 123 -0.744606
188 123 -0.744097
191 123 -0.493999
235 123 -0.494447
237 123 -0.494254
123 124 -0.494701
124 124 3.5298
125 124 -0.494945
187 124 -0.495108
189 124 -0.495352
235 124 -0.744784
236 124 -0.745272
123 125 -0.744606
124 125 -0.494945
125 125 3.53093
190 125 -0.745074
192 125 -0.494732
236 125 -0.495179
237 125 -0.494498
126 126 3.53215
127 126 -0.494315
128 126 -0.744362
187 126 -0.744911
230 126 -0.494956
235 126 -0.494589
263 126 -0.494681
97 127 -0.493623
112 127 -0.743685
126 127 -0.494315
127 127 3.53615
128 127 -0.49403
188 127 -0.493908
235 127 -0.744255
96 128 -0.743772
112 128 -0.493735
126 128 -0.744362
127 128 -0.49403
128 128 3.53557
231 128 -0.494101
263 128 -0.494396
129 129 3.52337
130 129 -0.496024
131 129 -0.746315
189 129 -0.745888
229 129 -0.496176
236 129 -0.49581
262 129 -0.49639
102 130 -0.49582
115 130 -0.746127
129 130 -0.496024
130 130 3.52443
131 130 -0.496227
190 130 -0.495617
236 130 -0.74572
103 131 -0.746701
115 131 -0.49642
129 131 -0.746315
130 131 -0.496227
131 131 3.52092
228 131 -0.496787
262 131 -0.496593
98 132 -0.743121
113 132 -0.492982
132 132 3.53972
133 132 -0.743629
134 132 -0.493236
191 132 -0.493511
237 132 -0.493765
101 133 -0.744097
114 133 -0.493715
132 133 -0.743629
133 133 3.53679
134 133 -0.493481
192 133 -0.494244
237 133 -0.49401
99 134 -0.492667
100 134 -0.492911
113 134 -0.742831
114 134 -0.743319
132 134 -0.493236
133 134 -0.493481
134 134 3.54152
135 135 5.3688
136 135 -1.46403
137 135 0.452407
193 135 0.448562
195 135 -1.46851
238 135 -1.46595
240 135 -1.46659
135 136 -1.46403
136 136 5.39691
137 136 -1.46183
238 136 0.452972
239 136 0.457366
307 136 -1.46134
308 136 -1.45914
135 137 0.452407
136 137 -1.46183
137 137 5.39517
194 137 0.457351
196 137 -1.46192
239 137 -1.45936
240 137 -1.46439
138 138 5.35736
193 138 -1.46897
232 138 -1.47007
238 138 0.449676
264 138 0.447479
287 138 -1.46628
288 138 -1.46738
95 139 -1.45029
111 139 0.469451
139 139 5.46283
194 139 -1.45359
239 139 0.46286
289 139 -1.4509
290 139 -1.44761
140 140 5.33951
141 140 0.447524
142 140 -1.47135
195 140 -1.47095
233 140 0.443679
240 140 -1.46903
265 140 -1.47327
94 141 0.452468
110 141 -1.46668
140 141 0.447524
141 141 5.36587
142 141 -1.46915
196 141 -1.46436
240 141 -1.46683
93 142 -1.47135
110 142 0.447601
140 142 -1.47135
141 142 -1.46915
142 142 5.33832
234 142 -1.47355
265 142 0.443206
143 143 4.11972
144 143 0.0205606
145 143 -0.97889
198 143 -0.981169
200 143 0.0194212
241 143 -0.980599
243 143 -0.97946
143 144 0.0205606
144 144 4.12753
145 144 -0.978239
197 144 -0.979216
199 144 0.0220254
241 144 -0.979948
242 144 -0.977507
143 145 -0.97889
144 145 -0.978239
145 145 4.13388
242 145 0.023002
243 145 0.0216999
309 145 -0.976449
310 145 -0.9771
85 146 0.0187702
104 146 -0.982389
146 146 4.108
147 146 0.0173054
148 146 -0.983122
197 146 -0.980843
241 146 -0.981576
146 147 0.0173054
147 147 4.10019
148 147 -0.983773
198 147 -0.982796
220 147 0.016166
241 147 -0.982227
256 147 -0.984343
84 148 -0.984587
104 148 0.0164915
146 148 -0.983122
147 148 -0.983773
148 148 4.09482
219 148 -0.985238
256 148 0.0151895
86 149 -0.974821
105 149 0.0265827
149 149 4.15341
199 149 -0.975798
242 149 0.0246296
291 149 -0.974007
292 149 -0.973031
150 150 4.12216
200 150 -0.980355
221 150 -0.98068
243 150 0.0207233
257 150 0.0200723
293 150 -0.978565
294 150 -0.97889
151 151 3.71821
152 151 -0.323972
153 151 -0.490983
202 151 -0.491807
204 151 -0.325482
244 151 -0.991058
246 151 -0.991745
151 152 -0.323972
152 152 3.72769
153 152 -0.990188
201 152 -0.989456
203 152 -0.322324
244 152 -0.490274
245 152 -0.489358
151 153 -0.490983
152 153 -0.990188
153 153 3.72352
245 153 -0.323041
246 153 -0.324643
311 153 -0.490037
312 153 -0.990844
154 154 3.72737
155 154 -0.324002
156 154 -0.490251
201 154 -0.489488
220 154 -0.3224
244 154 -0.990295
256 154 -0.989456
154 155 -0.324002
155 155 3.71817
156 155 -0.991012
202 155 -0.991806
223 155 -0.325467
244 155 -0.491067
258 155 -0.491739
154 156 -0.490251
155 156 -0.991012
156 156 3.72316
219 156 -0.990142
222 156 -0.490892
256 156 -0.323148
258 156 -0.324658
157 157 3.7444
203 157 -0.487596
221 157 -0.986663
245 157 -0.321301
257 157 -0.319424
295 157 -0.987411
296 157 -0.486467
158 158 3.70594
204 158 -0.993164
224 158 -0.493822
246 158 -0.326108
259 158 -0.327435
297 158 -0.493059
298 158 -0.993728
159 159 3.51922
160 159 -0.496573
161 159 -0.746559
206 159 -0.747027
209 159 -0.49701
247 159 -0.496807
249 159 -0.496776
159 160 -0.496573
160 160 3.52199
161 160 -0.496329
205 160 -0.496329
207 160 -0.496085
247 160 -0.746574
248 160 -0.746086
159 161 -0.746559
160 161 -0.496329
161 161 3.52215
208 161 -0.74605
210 161 -0.496278
248 161 -0.496075
249 161 -0.496532
162 162 3.51946
163 162 -0.497
164 162 -0.746966
205 162 -0.746539
229 162 -0.496502
247 162 -0.496787
262 162 -0.496715
162 163 -0.497
163 163 3.51662
164 163 -0.497204
206 163 -0.497244
226 163 -0.497448
247 163 -0.747022
260 163 -0.747429
162 164 -0.746966
163 164 -0.497204
164 164 3.51702
225 164 -0.747353
228 164 -0.497112
260 164 -0.497397
262 164 -0.496919
165 165 3.52825
166 165 -0.495291
167 165 -0.745013
207 165 -0.745562
230 165 -0.495281
248 165 -0.495566
263 165 -0.495006
165 166 -0.495291
166 166 3.52834
167 166 -0.495006
208 166 -0.495535
223 166 -0.495251
248 166 -0.745557
258 166 -0.744987
165 167 -0.745013
166 167 -0.495006
167 167 3.53167
222 167 -0.744423
231 167 -0.494427
258 167 -0.494711
263 167 -0.494722
168 168 3.51726
169 168 -0.746885
170 168 -0.497061
209 168 -0.497173
227 168 -0.747353
249 168 -0.496939
261 168 -0.497295
168 169 -0.746885
169 169 3.52019
170 169 -0.496817
210 169 -0.496441
224 169 -0.746376
249 169 -0.496695
259 169 -0.496563
168 170 -0.497061
169 170 -0.496817
170 170 3.51809
259 170 -0.746737
261 170 -0.747225
318 170 -0.496899
319 170 -0.497143
171 171 3.67495
172 171 -0.331662
173 171 -0.998611
212 171 -0.998611
214 171 -0.332211
250 171 -0.498331
252 171 -0.49888
171 172 -0.331662
172 172 3.67866
173 172 -0.498308
211 172 -0.497667
213 172 -0.330975
250 172 -0.998016
251 172 -0.99797
171 173 -0.998611
172 173 -0.498308
173 173 3.67518
251 173 -0.331601
252 173 -0.332196
313 173 -0.998535
314 173 -0.498826
174 174 3.68301
175 174 -0.33096
176 174 -0.997238
211 174 -0.997299
226 174 -0.330228
250 174 -0.497659
260 174 -0.496866
88 175 -0.331555
107 175 -0.997879
174 175 -0.33096
175 175 3.67903
176 175 -0.497575
212 175 -0.498277
250 175 -0.997985
89 176 -0.9971
107 176 -0.330838
174 176 -0.997238
175 176 -0.497575
176 176 3.6836
225 176 -0.496751
260 176 -0.330151
177 177 3.68397
213 177 -0.997192
227 177 -0.496751
251 177 -0.330869
261 177 -0.329999
299 177 -0.497453
300 177 -0.997024
87 178 -0.999481
106 178 -0.332974
178 178 3.66969
214 178 -0.499315
252 178 -0.332654
301 178 -0.999496
302 178 -0.49965
179 179 3.58999
180 179 -0.651121
181 179 -0.399782
215 179 -0.403444
217 179 -0.652128
253 179 -0.652952
255 179 -0.650297
179 180 -0.651121
180 180 3.59722
181 180 -0.649168
253 180 -0.402361
254 180 -0.398454
315 180 -0.65167
316 180 -0.649717
179 181 -0.399782
180 181 -0.649168
181 181 3.61343
216 181 -0.395632
218 181 -0.646269
254 181 -0.647093
255 181 -0.648344
92 182 -0.657713
109 182 -0.408708
182 182 3.55621
215 182 -0.656248
253 182 -0.405779
303 182 -0.656797
304 182 -0.658262
183 183 3.64996
216 183 -0.642576
232 183 -0.640135
254 183 -0.39406
264 183 -0.389177
305 183 -0.643125
306 183 -0.640684
91 184 -0.401247
108 184 -0.649656
184 184 3.60317
185 184 -0.397585
186 184 -0.647825
217 184 -0.651029
255 184 -0.649198
184 185 -0.397585
185 185 3.62661
186 185 -0.645872
218 185 -0.64517
233 185 -0.393434
255 185 -0.647245
265 185 -0.643797
90 186 -0.646177
108 186 -0.397966
184 186 -0.647825
185 186 -0.645872
186 186 3.62359
234 186 -0.644224
265 186 -0.39406
124 187 -0.495108
126 187 -0.744911
187 187 3.52898
189 187 -0.74542
230 187 -0.49522
235 187 -0.494854
269 187 -0.495474
97 188 -0.743548
120 188 -0.49346
123 188 -0.744097
127 188 -0.493908
188 188 3.53704
191 188 -0.493735
235 188 -0.494182
124 189 -0.495352
129 189 -0.745888
187 189 -0.74542
189 189 3.52605
229 189 -0.495953
236 189 -0.495586
269 189 -0.495719
102 190 -0.745501
121 190 -0.495169
125 190 -0.745074
130 190 -0.495617
190 190 3.52825
192 190 -0.494956
236 190 -0.495403
98 191 -0.493247
120 191 -0.74336
123 191 -0.493999
132 191 -0.493511
188 191 -0.493735
191 191 3.53823
237 191 -0.743889
101 192 -0.494467
121 192 -0.744825
125 192 -0.494732
133 192 -0.494244
190 192 -0.494956
192 192 3.53237
237 192 -0.744377
135 193 0.448562
138 193 -1.46897
193 193 5.34903
195 193 -1.47016
232 193 0.445815
238 193 -1.4676
270 193 -1.47153
95 194 0.463394
119 194 -1.45615
137 194 0.457351
139 194 -1.45359
194 194 5.42813
196 194 -1.45917
239 194 -1.45661
135 195 -1.46851
140 195 -1.47095
193 195 -1.47016
195 195 5.34308
233 195 -1.4726
240 195 0.447845
270 195 0.444549
94 196 -1.46162
119 196 0.457733
137 196 -1.46192
141 196 -1.46436
194 196 -1.45917
196 196 5.39581
240 196 0.452239
85 197 -0.980029
116 197 0.0212116
144 197 -0.979216
146 197 -0.980843
197 197 4.12216
199 197 -0.978402
241 197 0.019584
143 198 -0.981169
147 198 -0.982796
198 198 4.10654
200 198 -0.981657
220 198 -0.983285
241 198 0.0182819
266 198 0.0173054
86 199 0.0238158
116 199 -0.977507
144 199 0.0220254
149 199 -0.975798
197 199 -0.978402
199 199 4.1373
242 199 -0.976693
143 200 0.0194212
150 200 -0.980355
198 200 -0.981657
200 200 4.11386
221 200 0.0186074
243 200 -0.979948
266 200 -0.982064
152 201 -0.989456
154 201 -0.489488
201 201 3.73231
203 201 -0.488603
220 201 -0.988647
244 201 -0.323224
266 201 -0.32153
151 202 -0.491807
155 202 -0.991806
202 202 3.71363
204 202 -0.992523
223 202 -0.492509
244 202 -0.32478
267 202 -0.326199
152 203 -0.322324
157 203 -0.487596
201 203 -0.488603
203 203 3.73799
221 203 -0.320538
245 203 -0.988494
266 203 -0.987716
151 204 -0.325482
158 204 -0.993164
202 204 -0.992523
204 204 3.70956
224 204 -0.326855
246 204 -0.492471
267 204 -0.493204
160 205 -0.496329
162 205 -0.746539
205 205 3.52215
207 205 -0.746071
229 205 -0.496278
247 205 -0.496563
269 205 -0.496044
159 206 -0.747027
163 206 -0.497244
206 206 3.51653
209 206 -0.497234
226 206 -0.747454
247 206 -0.497031
268 206 -0.497448
160 207 -0.496085
165 207 -0.745562
205 207 -0.746071
207 207 3.52507
230 207 -0.495546
248 207 -0.49583
269 207 -0.4958
161 208 -0.74605
166 208 -0.495535
208 208 3.52532
210 208 -0.496014
223 208 -0.745501
248 208 -0.49581
267 208 -0.495739
159 209 -0.49701
168 209 -0.497173
206 209 -0.497234
209 209 3.51674
227 209 -0.497397
249 209 -0.746981
268 209 -0.747429
161 210 -0.496278
169 210 -0.496441
208 210 -0.496014
210 210 3.5226
224 210 -0.496176
249 210 -0.746493
267 210 -0.745964
172 211 -0.497667
174 211 -0.997299
211 211 3.68287
213 211 -0.997283
226 211 -0.496904
250 211 -0.331006
268 211 -0.330228
88 212 -0.998535
117 212 -0.33215
171 212 -0.998611
175 212 -0.498277
212 212 3.67518
214 212 -0.498857
250 212 -0.331647
172 213 -0.330975
177 213 -0.997192
211 213 -0.997283
213 213 3.68319
227 213 -0.330151
251 213 -0.497598
268 213 -0.496866
87 214 -0.332623
117 214 -0.999069
171 214 -0.332211
178 214 -0.499315
212 214 -0.498857
214 214 3.67207
252 214 -0.999114
92 215 -0.406618
118 215 -0.655424
179 215 -0.403444
182 215 -0.656248
215 215 3.56948
217 215 -0.653837
253 215 -0.654661
181 216 -0.395632
183 216 -0.642576
216 216 3.6398
218 216 -0.644071
232 216 -0.390993
254 216 -0.644895
270 216 -0.641752
91 217 -0.652738
118 217 -0.404131
179 217 -0.652128
184 217 -0.651029
215 217 -0.653837
217 217 3.58514
255 217 -0.400713
181 218 -0.646269
185 218 -0.64517
216 218 -0.644071
218 218 3.63201
233 218 -0.642973
255 218 -0.396807
270 218 -0.392412
84 219 0.0143757
148 219 -0.985238
156 219 -0.990142
219 219 3.90584
222 219 -0.323773
256 219 -0.737556
271 219 -0.738256
147 220 0.016166
154 220 -0.3224
198 220 -0.983285
201 220 -0.988647
220 220 3.91592
256 220 -0.736714
266 220 -0.73573
150 221 -0.98068
157 221 -0.986663
200 221 0.0186074
203 221 -0.320538
221 221 3.92941
257 221 -0.733334
266 221 -0.734603
156 222 -0.490892
167 222 -0.744423
219 222 -0.323773
222 222 3.628
231 222 -0.494121
258 222 -0.742937
271 222 -0.742185
155 223 -0.325467
166 223 -0.495251
202 223 -0.492509
208 223 -0.745501
223 223 3.61974
258 223 -0.743625
267 223 -0.744249
158 224 -0.493822
169 224 -0.746376
204 224 -0.326855
210 224 -0.496176
224 224 3.61301
259 224 -0.745307
267 224 -0.74481
89 225 -0.329999
164 225 -0.747353
176 225 -0.496751
225 225 3.60151
228 225 -0.497295
260 225 -0.747026
286 225 -0.746885
163 226 -0.497448
174 226 -0.330228
206 226 -0.747454
211 226 -0.496904
226 226 3.60057
260 226 -0.747104
268 226 -0.747118
168 227 -0.747353
177 227 -0.496751
209 227 -0.497397
213 227 -0.330151
227 227 3.60117
261 227 -0.746955
268 227 -0.747068
103 228 -0.49697
131 228 -0.496787
164 228 -0.497112
225 228 -0.497295
228 228 3.51772
262 228 -0.746859
286 228 -0.747225
129 229 -0.496176
162 229 -0.496502
189 229 -0.495953
205 229 -0.496278
229 229 3.5226
262 229 -0.746452
269 229 -0.746005
126 230 -0.494956
165 230 -0.495281
187 230 -0.49522
207 230 -0.495546
230 230 3.52846
263 230 -0.744987
269 230 -0.745516
96 231 -0.493796
128 231 -0.494101
167 231 -0.494427
222 231 -0.494121
231 231 3.5353
263 231 -0.744418
271 231 -0.743807
138 232 -1.47007
183 232 -0.640135
193 232 0.445815
216 232 -0.390993
232 232 4.50112
264 232 -1.05445
270 232 -1.05614
140 233 0.443679
185 233 -0.393434
195 233 -1.4726
218 233 -0.642973
233 233 4.48562
265 233 -1.05834
270 233 -1.05744
90 234 -0.394289
93 234 0.44313
122 234 -1.05896
142 234 -1.47355
186 234 -0.644224
234 234 4.47964
265 234 -1.05885
123 235 -0.494447
124 235 -0.744784
126 235 -0.494589
127 235 -0.744255
187 235 -0.494854
188 235 -0.494182
235 235 3.53286
124 236 -0.745272
125 236 -0.495179
129 236 -0.49581
130 236 -0.74572
189 236 -0.495586
190 236 -0.495403
236 236 3.527
123 237 -0.494254
125 237 -0.494498
132 237 -0.493765
133 237 -0.49401
191 237 -0.743889
192 237 -0.744377
237 237 3.53518
135 238 -1.46595
136 238 0.452972
138 238 0.449676
193 238 -1.4676
238 238 5.37384
287 238 -1.46491
307 238 -1.46326
136 239 0.457366
137 239 -1.45936
139 239 0.46286
194 239 -1.45661
239 239 5.42657
289 239 -1.45393
308 239 -1.45667
135 240 -1.46659
137 240 -1.46439
140 240 -1.46903
141 240 -1.46683
195 240 0.447845
196 240 0.452239
240 240 5.36615
143 241 -0.980599
144 241 -0.979948
146 241 -0.981576
147 241 -0.982227
197 241 0.019584
198 241 0.0182819
241 241 4.11337
144 242 -0.977507
145 242 0.023002
149 242 0.0246296
199 242 -0.976693
242 242 4.14267
291 242 -0.974902
309 242 -0.975716
143 243 -0.97946
145 243 0.0216999
150 243 0.0207233
200 243 -0.979948
243 243 4.12704
293 243 -0.978158
310 243 -0.977669
151 244 -0.991058
152 244 -0.490274
154 244 -0.990295
155 244 -0.491067
201 244 -0.323224
202 244 -0.32478
244 244 3.72256
152 245 -0.489358
153 245 -0.323041
157 245 -0.321301
203 245 -0.988494
245 245 3.73355
295 245 -0.488321
311 245 -0.989196
151 246 -0.991745
153 246 -0.324643
158 246 -0.326108
204 246 -0.492471
246 246 3.71432
297 246 -0.992355
312 246 -0.491617
159 247 -0.496807
160 247 -0.746574
162 247 -0.496787
163 247 -0.747022
205 247 -0.496563
206 247 -0.497031
247 247 3.51918
160 248 -0.746086
161 248 -0.496075
165 248 -0.495566
166 248 -0.745557
207 248 -0.49583
208 248 -0.49581
248 248 3.52504
159 249 -0.496776
161 249 -0.496532
168 249 -0.496939
169 249 -0.496695
209 249 -0.746981
210 249 -0.746493
249 249 3.51955
171 250 -0.498331
172 250 -0.998016
174 250 -0.497659
175 250 -0.997985
211 250 -0.331006
212 250 -0.331647
250 250 3.67862
172 251 -0.99797
173 251 -0.331601
177 251 -0.330869
213 251 -0.497598
251 251 3.67916
299 251 -0.997848
313 251 -0.498209
171 252 -0.49888
173 252 -0.332196
178 252 -0.332654
214 252 -0.999114
252 252 3.67202
301 252 -0.499307
314 252 -0.999084
179 253 -0.652952
180 253 -0.402361
182 253 -0.405779
215 253 -0.654661
253 253 3.57525
303 253 -0.65521
315 253 -0.653501
180 254 -0.398454
181 254 -0.647093
183 254 -0.39406
216 254 -0.644895
254 254 3.62213
305 254 -0.645445
316 254 -0.647642
179 255 -0.650297
181 255 -0.648344
184 255 -0.649198
185 255 -0.647245
217 255 -0.400713
218 255 -0.396807
255 255 3.60711
147 256 -0.984343
148 256 0.0151895
154 256 -0.989456
156 256 -0.323148
219 256 -0.737556
220 256 -0.736714
256 256 3.91045
150 257 0.0200723
157 257 -0.319424
221 257 -0.733334
257 257 3.93744
294 257 -0.979134
296 257 -0.985488
323 257 -0.731922
155 258 -0.491739
156 258 -0.324658
166 258 -0.744987
167 258 -0.494711
222 258 -0.742937
223 258 -0.743625
258 258 3.62368
158 259 -0.327435
169 259 -0.496563
170 259 -0.746737
224 259 -0.745307
259 259 3.61021
298 259 -0.494363
318 259 -0.745741
163 260 -0.747429
164 260 -0.497397
174 260 -0.496866
176 260 -0.330151
225 260 -0.747026
226 260 -0.747104
260 260 3.60085
168 261 -0.497295
170 261 -0.747225
177 261 -0.329999
227 261 -0.746955
261 261 3.60203
300 261 -0.496561
319 261 -0.746779
129 262 -0.49639
131 262 -0.496593
162 262 -0.496715
164 262 -0.496919
228 262 -0.746859
229 262 -0.746452
262 262 3.52004
126 263 -0.494681
128 263 -0.494396
165 263 -0.495006
167 263 -0.494722
230 263 -0.744987
231 263 -0.744418
263 263 3.53176
138 264 0.447479
183 264 -0.389177
232 264 -1.05445
264 264 4.51243
288 264 -1.46821
306 264 -0.63812
324 264 -1.05236
140 265 -1.47327
142 265 0.443206
185 265 -0.643797
186 265 -0.39406
233 265 -1.05834
234 265 -1.05885
265 265 4.48144
198 266 0.0173054
200 266 -0.982064
201 266 -0.32153
203 266 -0.987716
220 266 -0.73573
221 266 -0.734603
266 266 3.92224
202 267 -0.326199
204 267 -0.493204
208 267 -0.495739
210 267 -0.745964
223 267 -0.744249
224 267 -0.74481
267 267 3.61618
206 268 -0.497448
209 268 -0.747429
211 268 -0.330228
213 268 -0.496866
226 268 -0.747118
227 268 -0.747068
268 268 3.60068
187 269 -0.495474
189 269 -0.495719
205 269 -0.496044
207 269 -0.4958
229 269 -0.746005
230 269 -0.745516
269 269 3.52541
193 270 -1.47153
195 270 0.444549
216 270 -0.641752
218 270 -0.392412
232 270 -1.05614
233 270 -1.05744
270 270 4.49218
11 271 -0.189014
84 271 -0.535528
96 271 -0.555461
219 271 -0.738256
222 271 -0.742185
231 271 -0.743807
271 271 3.60686
30 272 0.200264
67 272 -0.737968
76 272 -0.114489
272 272 3.75385
280 272 -1.05619
284 272 -1.0285
28 273 0.267415
67 273 -0.144083
111 273 -0.71042
273 273 3.7828
280 273 -1.08462
322 273 -1.11365
33 274 0.130102
68 274 -0.0826577
76 274 -0.774243
274 274 3.76083
281 274 -0.975917
284 274 -1.00168
31 275 0.0556239
68 275 -0.822087
105 275 -0.0479256
275 275 3.81437
281 275 -0.951416
317 275 -0.928432
38 276 0.194605
70 276 -0.0575821
78 276 -0.984161
276 276 3.98527
282 276 -1.19667
285 276 -1.16882
40 277 0.263146
70 277 -0.937188
109 277 -0.0903261
277 277 3.96101
282 277 -1.22565
321 277 -1.25557
49 278 0.120684
73 278 -1.04693
78 278 -0.0219882
278 278 4.05499
283 278 -1.11738
285 278 -1.14231
51 279 0.0390589
73 279 0.0174647
106 279 -1.1319
279 279 4.18635
283 279 -1.09435
320 279 -1.07362
28 280 -0.723244
30 280 -0.129534
67 280 0.23415
272 280 -1.05619
273 280 -1.08462
280 280 3.76435
31 281 -0.065707
33 281 -0.796497
68 281 0.0935038
274 281 -0.975917
275 281 -0.951416
281 281 3.78093
38 282 -0.959
40 282 -0.0742627
70 282 0.229436
276 282 -1.19667
277 282 -1.22565
282 282 3.96822
49 283 -0.00282618
51 283 -1.08612
73 283 0.0810217
278 283 -1.11738
279 283 -1.09435
283 283 4.11165
30 284 -0.754861
33 284 -0.0988883
76 284 0.16563
272 284 -1.0285
274 284 -1.00168
284 284 3.75229
38 285 -0.0401943
49 285 -1.01324
78 285 0.158439
276 285 -1.16882
278 285 -1.14231
285 285 4.0136
21 286 -2.29502
89 286 -0.41495
103 286 -1.16515
225 286 -0.746885
228 286 -0.747225
286 286 5.39153
138 287 -1.46628
238 287 -1.46491
287 287 5.38125
288 287 0.451187
307 287 0.453933
138 288 -1.46738
264 288 -1.46821
287 288 0.451187
288 288 5.36807
324 288 0.449539
139 289 -1.4509
239 289 -1.45393
289 289 5.46036
290 289 0.468765
308 289 0.462722
111 290 -1.44404
139 290 -1.44761
289 290 0.468765
290 290 5.49991
322 290 0.475906
149 291 -0.974007
242 291 -0.974902
291 291 4.15878
292 291 0.0273965
309 291 0.0256061
105 292 -0.971973
149 292 -0.973031
291 292 0.0273965
292 292 4.1705
317 292 0.0295124
150 293 -0.978565
243 293 -0.978158
293 293 4.13534
294 293 0.0221882
310 293 0.023002
150 294 -0.97889
257 294 -0.979134
293 294 0.0221882
294 294 4.13144
323 294 0.0216999
157 295 -0.987411
245 295 -0.488321
295 295 3.74014
296 295 -0.320157
311 295 -0.321988
157 296 -0.486467
257 296 -0.985488
295 296 -0.320157
296 296 3.75154
323 296 -0.318188
158 297 -0.493059
246 297 -0.992355
297 297 3.71089
298 297 -0.326657
312 297 -0.325238
158 298 -0.993728
259 298 -0.494363
297 298 -0.326657
298 298 3.70279
318 298 -0.327939
177 299 -0.497453
251 299 -0.997848
299 299 3.68013
300 299 -0.330685
313 299 -0.331464
177 300 -0.997024
261 300 -0.496561
299 300 -0.330685
300 300 3.68521
319 300 -0.32977
178 301 -0.999496
252 301 -0.499307
301 301 3.66983
302 301 -0.332974
314 301 -0.332608
106 302 -0.999771
178 302 -0.49965
301 302 -0.332974
302 302 3.66804
320 302 -0.333203
182 303 -0.656797
253 303 -0.65521
303 303 3.56289
304 303 -0.407717
315 303 -0.404543
109 304 -0.659605
182 304 -0.658262
303 304 -0.407717
304 304 3.54531
321 304 -0.410402
183 305 -0.643125
254 305 -0.645445
305 305 3.6332
306 305 -0.392092
316 305 -0.39673
183 306 -0.640684
264 306 -0.63812
305 306 -0.392092
306 306 3.6625
324 306 -0.386965
136 307 -1.46134
238 307 -1.46326
287 307 0.453933
307 307 5.40103
308 307 0.457778
136 308 -1.45914
239 308 -1.45667
289 308 0.462722
307 308 0.457778
308 308 5.4274
145 309 -0.976449
242 309 -0.975716
291 309 0.0256061
309 309 4.14902
310 309 0.0241413
145 310 -0.9771
243 310 -0.977669
293 310 0.023002
309 310 0.0241413
310 310 4.1412
153 311 -0.490037
245 311 -0.989196
295 311 -0.321988
311 311 3.72956
312 311 -0.323682
153 312 -0.990844
246 312 -0.491617
297 312 -0.325238
311 312 -0.323682
312 312 3.71981
173 313 -0.998535
251 313 -0.498209
299 313 -0.331464
313 313 3.67587
314 313 -0.332105
173 314 -0.498826
252 314 -0.999084
301 314 -0.332608
313 314 -0.332105
314 314 3.67244
180 315 -0.65167
253 315 -0.653501
303 315 -0.404543
315 315 3.5834
316 315 -0.400881
180 316 -0.649717
254 316 -0.647642
305 316 -0.39673
315 316 -0.400881
316 316 3.60684
31 317 -0.85158
105 317 -0.480678
275 317 -0.928432
292 317 0.0295124
317 317 3.98006
170 318 -0.496899
259 318 -0.745741
298 318 -0.327939
318 318 3.6078
319 318 -0.747047
170 319 -0.497143
261 319 -0.746779
300 319 -0.32977
318 319 -0.747047
319 319 3.60328
51 320 0.0391047
106 320 -0.260271
279 320 -1.07362
302 320 -0.333203
320 320 3.91235
40 321 -0.918263
109 321 -0.179044
277 321 -1.25557
304 321 -0.410402
321 321 3.77449
28 322 -0.158189
111 322 -0.569494
273 322 -1.11365
290 322 0.475906
322 322 4.6915
257 323 -0.731922
294 323 0.0216999
296 323 -0.318188
323 323 3.94633
264 324 -1.05236
288 324 0.449539
306 324 -0.386965
324 324 4.52613
325 325 1
326 326 1
327 327 1
328 328 1
329 329 1
330 330 1
331 331 1
332 332 1
333 333 1
334 334 1
335 335 1
336 336 1
337 337 1
338 338 1
339 339 1
340 340 1
341 341 1
342 342 1
343 343 1
344 344 1
345 345 1
346 346 1
347 347 1
348 348 1
349 349 1
350 350 1
351 351 1
352 352 1
353 353 1
354 354 1
355 355 1
356 356 1
357 357 1
