10321
1465 1465
0 0 2.98077
112 0 -0.794451
113 0 0.0782367
233 0 -0.811243
322 0 -0.481994
354 0 -0.265498
453 0 0.0659802
482 0 -0.268136
497 0 -0.460529
1 1 3.04748
113 1 0.0901813
114 1 -0.833125
232 1 -0.849795
234 1 0.101796
322 1 -0.248484
354 1 -0.495117
355 1 -0.518444
402 1 -0.245562
2 2 3.02841
114 2 -0.81659
115 2 0.0608206
235 2 0.0722877
294 2 -0.800199
322 2 -0.504837
355 2 -0.23118
387 2 -0.234001
410 2 -0.529215
3 3 2.96024
112 3 -0.777786
115 3 0.0490066
295 3 -0.761255
322 3 -0.25121
387 3 -0.492168
452 3 0.0368648
482 3 -0.469776
504 3 -0.25374
4 4 3.10806
116 4 0.0940963
117 4 -0.856806
235 4 0.083387
293 4 -0.840592
323 4 -0.210422
355 4 -0.543342
386 4 -0.569996
410 4 -0.213554
5 5 3.12515
117 5 -0.873175
118 5 0.123958
234 5 0.113062
236 5 -0.889688
323 5 -0.558442
355 5 -0.228157
356 5 -0.224931
402 5 -0.532987
6 6 3.215
118 6 0.134463
119 6 -0.914767
237 6 -0.931083
297 6 0.144553
323 6 -0.20708
356 6 -0.574514
388 6 -0.602408
411 6 -0.203528
7 7 3.20055
116 7 0.104392
119 7 -0.898608
292 7 -0.882617
296 7 0.114247
323 7 -0.585696
386 7 -0.192317
388 7 -0.18885
418 7 -0.61497
8 8 3.17394
120 8 0.182026
121 8 -0.940015
239 8 0.170817
324 8 -0.539904
357 8 -0.256444
443 8 -0.957027
477 8 -0.253045
494 8 -0.516447
9 9 3.14727
121 9 -0.923116
122 9 0.153246
236 9 -0.906338
238 9 0.142184
324 9 -0.239129
356 9 -0.548467
357 9 -0.524072
402 9 -0.242444
10 10 3.23489
122 10 0.163936
123 10 -0.964151
237 10 -0.947548
298 10 0.174234
324 10 -0.564884
356 10 -0.221502
389 10 -0.21787
411 10 -0.59156
11 11 3.25965
120 11 0.192882
123 11 -0.980884
299 11 0.203365
324 11 -0.235618
389 11 -0.582237
444 11 -0.99774
477 11 -0.556639
503 11 -0.231909
12 12 3.00574
124 12 -0.845177
125 12 0.106968
233 12 -0.828154
325 12 -0.279511
354 12 -0.4732
454 12 0.0946119
483 12 -0.452555
497 12 -0.282251
13 13 3.07127
125 13 0.119027
126 13 -0.883508
232 13 -0.866592
238 13 0.130771
325 13 -0.486744
354 13 -0.26267
357 13 -0.259652
402 13 -0.509142
14 14 3.09932
126 14 -0.900537
127 14 0.147415
239 14 0.159275
325 14 -0.276587
357 14 -0.50116
442 14 -0.917672
476 14 -0.479585
494 14 -0.273478
15 15 3.03476
124 15 -0.862306
127 15 0.135257
325 15 -0.465648
441 15 -0.879535
455 15 0.122813
476 15 -0.293274
483 15 -0.29611
506 15 -0.445732
16 16 3.46935
128 16 0.232351
129 16 -1.06748
241 16 0.241109
326 16 -0.191607
358 16 -0.679364
446 16 -1.0839
478 16 -0.648527
495 16 -0.187211
17 17 3.4504
129 17 -1.05121
130 17 0.202525
240 17 0.210998
242 17 -1.0351
326 17 -0.658609
358 17 -0.172799
359 17 -0.17714
403 17 -0.6909
18 18 3.33542
130 18 0.193554
131 18 -1.00678
243 18 -0.990398
298 18 0.184115
326 18 -0.195792
359 18 -0.638865
389 18 -0.609577
411 18 -0.199766
19 19 3.35766
128 19 0.223123
131 19 -1.02331
299 19 0.213453
326 19 -0.628566
389 19 -0.214034
445 19 -1.03997
478 19 -0.209993
503 19 -0.600525
20 20 3.31848
132 20 -0.958095
133 20 0.163383
243 20 -0.974166
297 20 0.154202
327 20 -0.650829
359 20 -0.181262
388 20 -0.185165
411 20 -0.620131
21 21 3.43726
133 21 0.172066
134 21 -1.00339
242 21 -1.01915
244 21 0.18022
327 21 -0.162308
359 21 -0.670338
360 21 -0.704276
403 21 -0.158025
22 22 3.43065
134 22 -0.987812
135 22 0.140884
245 22 0.148677
301 22 -0.972445
327 22 -0.683925
360 22 -0.142844
390 22 -0.147066
412 22 -0.71974
23 23 3.30746
132 23 -0.942198
135 23 0.132525
296 23 0.123635
300 23 -0.926485
327 23 -0.166363
388 23 -0.632373
390 23 -0.664674
418 23 -0.170192
24 24 3.57331
136 24 0.194797
137 24 -1.0509
244 24 0.187809
246 24 -1.06629
328 24 -0.76342
360 24 -0.138387
361 24 -0.133692
403 24 -0.725724
25 25 3.57233
137 25 -1.03573
138 25 0.162408
245 25 0.155866
302 25 -1.02079
328 25 -0.118153
360 25 -0.741006
391 25 -0.780918
412 25 -0.122802
26 26 3.59634
139 26 0.257103
140 26 -1.11361
241 26 0.24937
329 26 -0.73518
358 26 -0.168238
447 26 -1.12973
479 26 -0.163458
495 26 -0.701129
27 27 3.5816
140 27 -1.09766
141 27 0.226324
240 27 0.218943
246 27 -1.08188
329 27 -0.148777
358 27 -0.712514
361 27 -0.748271
403 27 -0.153515
28 28 3.48942
142 28 0.00646612
143 28 -0.872081
248 28 0.012212
330 28 -0.762634
362 28 -0.0768222
425 28 -0.859035
466 28 -0.0807549
489 28 -0.809304
29 29 3.45946
143 29 -0.885502
144 29 0.0418283
247 29 0.0482031
249 29 -0.899267
330 29 -0.0982902
362 29 -0.7819
363 29 -0.738585
404 29 -0.0942773
30 30 3.31803
144 30 0.0347418
145 30 -0.836904
250 30 -0.851191
305 30 0.0269939
330 30 -0.720268
363 30 -0.118958
393 30 -0.122533
413 30 -0.681607
31 31 3.33962
142 31 -5.76151e-05
145 31 -0.822921
306 31 -0.00730145
330 31 -0.102035
393 31 -0.703213
424 31 -0.809266
466 31 -0.744695
500 31 -0.105511
32 32 3.30627
146 32 -0.880592
147 32 0.0683321
250 32 -0.865761
304 32 0.0601499
331 32 -0.135271
363 32 -0.699064
392 32 -0.662831
413 32 -0.138937
33 33 3.44063
147 33 0.0759031
148 33 -0.927733
249 33 -0.913352
251 33 0.0828184
331 33 -0.717724
363 33 -0.115128
364 33 -0.11104
404 33 -0.758165
34 34 3.43143
148 34 -0.942388
149 34 0.108872
252 34 0.116255
301 34 -0.957298
331 34 -0.13136
364 34 -0.737586
390 34 -0.699622
412 34 -0.127204
35 35 3.3031
146 35 -0.895668
149 35 0.10088
300 35 -0.91097
303 35 0.0923205
331 35 -0.680652
390 35 -0.151051
392 35 -0.154801
418 35 -0.646521
36 36 3.59649
150 36 0.094482
151 36 -0.977541
251 36 0.0890293
253 36 -0.963721
332 36 -0.0854456
364 36 -0.779007
365 36 -0.824415
404 36 -0.0899959
37 37 3.57965
151 37 -0.991674
152 37 0.129023
252 37 0.122988
302 37 -1.0061
332 37 -0.80111
364 37 -0.106697
391 37 -0.102096
412 37 -0.758651
38 38 3.6649
153 38 0.0211073
154 38 -0.924408
248 38 0.0171161
333 38 -0.0499811
362 38 -0.829622
426 38 -0.912123
467 38 -0.882506
489 38 -0.0544198
39 39 3.62431
154 39 -0.937125
155 39 0.0585893
247 39 0.0538106
253 39 -0.95024
333 39 -0.851339
362 39 -0.0726077
365 39 -0.0681113
404 39 -0.802494
40 40 2.93446
156 40 -0.712552
157 40 -0.0112145
255 40 -0.696647
334 40 -0.22169
366 40 -0.517315
450 40 -0.0230707
481 40 -0.492674
496 40 -0.223984
41 41 3.00651
157 41 0.000277034
158 41 -0.751979
254 41 -0.73626
256 41 0.0113811
334 41 -0.528966
366 41 -0.204008
367 41 -0.201411
405 41 -0.555894
42 42 3.01455
158 42 -0.767883
159 42 0.0308781
257 42 0.0421763
294 42 -0.78396
334 42 -0.219188
367 42 -0.541631
387 42 -0.516061
410 42 -0.216476
43 43 2.94463
156 43 -0.728628
159 43 0.0192139
295 43 -0.744866
334 43 -0.503881
387 43 -0.236618
451 43 0.00720443
481 43 -0.239034
504 43 -0.480437
44 44 3.09657
160 44 0.0635823
161 44 -0.808669
257 44 0.0530858
293 44 -0.824543
335 44 -0.583324
367 44 -0.198597
386 44 -0.195566
410 44 -0.555307
45 45 3.09135
161 45 -0.792983
162 45 0.0323259
256 45 0.0220729
258 45 -0.777497
335 45 -0.180321
367 45 -0.569082
368 45 -0.598656
405 45 -0.183245
46 46 3.19062
162 46 0.0421112
163 46 -0.835772
259 46 -0.820578
304 46 0.0513972
335 46 -0.613511
368 46 -0.161595
392 46 -0.158316
413 46 -0.646158
47 47 3.19217
160 47 0.0736395
163 47 -0.851187
292 47 -0.866806
303 47 0.0832292
335 47 -0.177171
386 47 -0.59862
392 47 -0.629466
418 47 -0.173795
48 48 3.10304
164 48 -0.0328549
165 48 -0.732385
261 48 -0.0425025
336 48 -0.148462
369 48 -0.603035
422 48 -0.717851
465 48 -0.636456
488 48 -0.151147
49 49 3.0932
165 49 -0.747183
166 49 0.000221709
258 49 -0.762226
260 49 -0.00975092
336 49 -0.61626
368 49 -0.164639
369 49 -0.167448
405 49 -0.5849
50 50 3.19682
166 50 0.00969392
167 50 -0.790913
259 50 -0.805619
305 50 0.0186307
336 50 -0.145531
368 50 -0.630635
393 50 -0.665354
413 50 -0.142357
51 51 3.21182
164 51 -0.0237453
167 51 -0.776478
306 51 -0.0152132
336 51 -0.650303
393 51 -0.125851
423 51 -0.762335
465 51 -0.128914
500 51 -0.687421
52 52 2.93036
168 52 -0.665395
169 52 -0.042363
255 52 -0.680924
337 52 -0.532682
366 52 -0.206387
449 52 -0.054041
480 52 -0.20855
496 52 -0.506675
53 53 3.00499
169 53 -0.0310716
170 53 -0.705424
254 53 -0.720737
260 53 -0.0201919
337 53 -0.188417
366 53 -0.543761
369 53 -0.572244
405 53 -0.185944
54 54 3.01081
170 54 -0.690336
171 54 -0.0632716
261 54 -0.0526524
337 54 -0.560688
369 54 -0.170022
421 54 -0.675487
464 54 -0.172362
488 54 -0.59096
55 55 2.93306
168 55 -0.650074
171 55 -0.07433
337 55 -0.190664
420 55 -0.634973
448 55 -0.0857998
464 55 -0.550232
480 55 -0.522658
1243 55 -0.192687
56 56 4.07186
172 56 0.209441
173 56 -1.21979
262 56 -1.23383
263 56 0.211644
338 56 -0.0610283
370 56 -0.933019
371 56 -0.986223
406 56 -0.0550017
57 57 4.10144
173 57 -1.20609
174 57 0.174728
264 57 0.176112
309 57 -1.19276
338 57 -0.956205
371 57 -0.0375136
395 57 -0.0435752
414 57 -1.01326
58 58 4.34848
175 58 0.175604
176 58 -1.26747
264 58 0.176434
308 58 -1.25512
339 58 -0.00613922
371 58 -1.0449
394 58 -1.10998
414 58 -0.0128315
59 59 4.30442
176 59 -1.28025
177 59 0.213082
263 59 0.212884
265 59 -1.29344
339 59 -1.07794
371 59 -0.0311715
372 59 -0.0245487
406 59 -1.01757
60 60 4.57214
177 60 0.21215
178 60 -1.34517
266 60 -1.35729
311 60 0.209993
339 60 0.0008488
372 60 -1.11239
396 60 -1.18134
415 60 0.00813282
61 61 4.63446
175 61 0.17352
178 61 -1.33354
307 61 -1.32244
310 61 0.170068
339 61 -1.14492
394 61 0.0203073
396 61 0.0277033
419 61 -1.2197
62 62 4.2533
179 62 0.283371
180 62 -1.33514
268 62 0.281513
340 62 -1.02626
373 62 -0.0655532
439 62 -1.34967
474 62 -0.0590458
493 62 -0.973416
63 63 4.2733
180 63 -1.32091
181 63 0.248923
265 63 -1.307
267 63 0.247838
340 63 -0.0421461
372 63 -1.05025
373 63 -0.993914
406 63 -0.0487077
64 64 4.52539
181 64 0.248984
182 64 -1.38284
266 64 -1.36986
312 64 0.247937
340 64 -1.08425
372 64 -0.0176448
397 64 -0.0104596
415 64 -1.14823
65 65 4.49188
179 65 0.284294
182 65 -1.39621
313 65 0.284209
340 65 -0.0353166
397 65 -1.11958
438 65 -1.40993
474 65 -1.05986
502 65 -0.0282189
66 66 4.05322
183 66 0.242889
184 66 -1.26284
262 66 -1.24819
267 66 0.245804
341 66 -0.91295
370 66 -0.077801
373 66 -0.0718048
406 66 -0.962835
67 67 4.04404
184 67 -1.27776
185 67 0.27525
268 67 0.278786
341 67 -0.0939845
373 67 -0.942581
440 67 -1.29294
475 67 -0.895579
493 67 -0.0880149
68 68 5.07637
186 68 0.277066
187 68 -1.53197
270 68 0.272061
342 68 0.0317637
374 68 -1.34182
436 68 -1.54344
473 68 -1.26418
492 68 0.0402346
69 69 5.14797
187 69 -1.52102
188 69 0.237177
269 69 0.230667
271 69 -1.51063
342 69 -1.29948
374 69 0.0604173
375 69 0.0517687
407 69 -1.38365
70 70 4.81476
188 70 0.242142
189 70 -1.44928
272 70 -1.43745
312 70 0.245691
342 70 0.02359
375 70 -1.25862
397 70 -1.18548
415 70 0.0157131
71 71 4.76437
186 71 0.280688
189 71 -1.46157
313 71 0.283036
342 71 -1.22413
397 71 -0.00299274
437 71 -1.47429
473 71 0.00475609
502 71 -1.15624
72 72 4.8812
190 72 -1.41535
191 72 0.201557
272 72 -1.42612
311 72 0.206502
343 72 -1.29853
375 72 0.0434337
396 72 0.035412
415 72 -1.21924
73 73 5.2393
191 73 0.195023
192 73 -1.4918
271 73 -1.50088
273 73 0.186748
343 73 0.0729928
375 73 -1.3403
376 73 -1.4322
407 73 0.0818432
74 74 5.35427
192 74 -1.48348
193 74 0.15015
274 74 0.13978
315 74 -1.47599
343 74 -1.38773
376 74 0.104758
398 74 0.0956773
416 74 -1.48887
75 75 4.96665
190 75 -1.40517
193 75 0.158536
310 75 0.165121
314 75 -1.39566
343 75 0.0644745
396 75 -1.25833
398 75 -1.34493
419 75 0.056288
76 76 6.14467
194 76 -1.66903
195 76 0.149631
276 76 -1.67314
344 76 0.159787
377 76 -1.63689
458 76 0.132416
485 76 -1.76363
498 76 0.170646
77 77 5.65626
195 77 0.164261
196 77 -1.57581
273 77 0.176559
275 77 -1.58272
344 77 -1.58576
376 77 0.114193
377 77 0.123981
407 77 -1.47835
78 78 5.80919
196 78 -1.56986
197 78 0.112221
274 78 0.127217
316 78 -1.56498
344 78 0.149307
376 78 -1.53642
399 78 -1.6557
416 78 0.139204
79 79 6.34696
194 79 -1.66616
197 79 0.0945157
317 79 -1.66467
344 79 -1.70871
399 79 0.187824
459 79 0.0737828
485 79 0.199104
505 79 -1.85092
80 80 5.43483
198 80 0.257405
199 80 -1.60829
270 80 0.265553
345 80 -1.47505
374 80 0.0693796
435 80 -1.6182
472 80 0.0786562
492 80 -1.38564
81 81 5.53322
199 81 -1.59903
200 81 0.212421
269 81 0.222469
275 81 -1.59048
345 81 0.100541
374 81 -1.42857
377 81 -1.52617
407 81 0.0910259
82 82 5.9809
200 82 0.20034
201 82 -1.68458
276 82 -1.67836
345 82 -1.57567
377 82 0.134124
457 82 0.18602
484 82 0.14462
498 82 -1.68981
83 83 5.84844
198 83 0.247465
201 83 -1.6917
345 83 0.11039
434 83 -1.69964
456 83 0.235563
472 83 -1.52311
484 83 -1.62684
506 83 0.120571
84 84 6.17886
202 84 -0.0712623
203 84 -1.45617
278 84 -0.0958093
346 84 -1.67789
378 84 0.219387
431 84 -1.45996
470 84 0.20894
491 84 -1.84325
85 85 5.89978
203 85 -1.45445
204 85 -0.0075523
277 85 -0.0273013
279 85 -1.45457
346 85 0.176122
378 85 -1.72882
379 85 -1.58544
408 85 0.18614
86 86 5.38071
204 86 0.00901504
205 86 -1.35688
280 86 -1.36067
320 86 0.0227609
346 86 -1.53859
379 86 0.137517
401 86 0.128673
417 86 -1.41955
87 87 5.59313
202 87 -0.0505733
205 87 -1.35447
321 87 -0.0332704
346 87 0.166544
401 87 -1.49381
430 87 -1.35361
470 87 -1.62921
501 87 0.157403
88 88 5.21079
206 88 -1.37179
207 88 0.0630163
280 88 -1.36568
319 88 0.0738972
347 88 0.111164
379 88 -1.46293
400 88 -1.35697
417 88 0.102572
89 89 5.67681
207 89 0.0497415
208 89 -1.45944
279 89 -1.45629
281 89 0.0337909
347 89 -1.50824
379 89 0.146767
380 89 0.156422
408 89 -1.63438
90 90 5.4979
208 90 -1.46386
209 90 0.101975
282 90 0.08909
315 90 -1.46941
347 90 0.120133
380 90 -1.55547
398 90 -1.44311
416 90 0.12948
91 91 5.0749
206 91 -1.37889
209 91 0.112572
314 91 -1.38687
318 91 0.121107
347 91 -1.39915
398 91 0.0869494
400 91 0.0785745
419 91 -1.3038
92 92 6.90901
210 92 -1.67036
211 92 -0.0336823
284 92 -1.67643
348 92 -1.8952
381 92 0.253595
461 92 -0.0642328
486 92 0.265954
499 92 -2.08129
93 93 6.23452
211 93 -0.00750393
212 93 -1.55799
281 93 0.0148369
283 93 -1.55877
348 93 0.20749
380 93 -1.6854
381 93 -1.83748
408 93 0.196595
94 94 5.99888
212 94 -1.55889
213 94 0.0553781
282 94 0.0736576
316 94 -1.56127
348 94 -1.73849
380 94 0.166484
399 94 0.176951
416 94 -1.60462
95 95 6.59736
210 95 -1.66656
213 95 0.0339028
317 95 -1.66474
348 95 0.218824
399 95 -1.79367
460 95 0.0088244
486 95 -1.95518
505 95 0.230597
96 96 6.89882
214 96 -0.158846
215 96 -1.57362
278 96 -0.124778
349 96 0.280728
378 96 -1.89904
432 96 -1.58381
471 96 -2.10458
491 96 0.268714
97 97 6.52863
215 97 -1.56629
216 97 -0.0781177
277 97 -0.0506557
283 97 -1.56145
349 97 -1.95732
378 97 0.230312
381 97 0.241714
408 97 -1.78202
98 98 7.30032
216 98 -0.110287
217 98 -1.69677
284 98 -1.6851
349 98 0.293268
381 98 -2.01807
462 98 -0.147886
487 98 -2.23616
499 98 0.306332
99 99 7.79797
214 99 -0.198838
217 99 -1.71191
349 99 -2.169
433 99 -1.73114
463 99 -0.245765
471 99 0.339478
487 99 0.353408
1274 99 -2.42994
100 100 4.201
218 100 0.100599
219 100 -1.15531
285 100 -1.14381
286 100 0.099915
350 100 -1.01407
382 100 -0.00615445
383 100 -6.90525e-06
409 100 -1.08091
101 101 4.14374
219 101 -1.16733
220 101 0.138535
287 101 0.138967
309 101 -1.17983
350 101 -0.02533
383 101 -1.04456
395 101 -0.983014
414 101 -0.0192284
102 102 4.40774
221 102 0.13619
222 102 -1.23193
287 102 0.138221
308 102 -1.24326
351 102 -1.14716
383 102 0.00645241
394 102 0.0132237
414 102 -1.07653
103 103 4.48502
222 103 -1.22117
223 103 0.0944613
286 103 0.0979115
288 103 -1.21103
351 103 0.0337171
383 103 -1.11325
384 103 -1.19047
409 103 0.0268555
104 104 4.81811
223 104 0.089421
224 104 -1.29291
289 104 -1.28453
319 104 0.082628
351 104 -1.22657
384 104 0.0628826
400 104 0.0705523
417 104 -1.31658
105 105 4.71523
221 105 0.132753
224 105 -1.30207
307 105 -1.31193
318 105 0.127776
351 105 0.0409096
394 105 -1.18264
400 105 -1.26435
419 105 0.0484331
106 106 4.70899
225 106 0.00201478
226 106 -1.18508
291 106 0.00920849
352 106 0.0790572
385 106 -1.20617
428 106 -1.17819
469 106 -1.30095
490 106 0.0719723
107 107 4.58389
226 107 -1.19292
227 107 0.0499415
288 107 -1.20159
290 107 0.0550859
352 107 -1.24118
384 107 0.0555653
385 107 0.0486001
409 107 -1.15604
108 108 4.94783
227 108 0.042977
228 108 -1.27046
289 108 -1.27701
320 108 0.0339932
352 108 0.0865186
384 108 -1.27799
401 108 -1.37809
417 108 0.0943568
109 109 5.11056
225 109 -0.00729025
228 109 -1.26496
321 109 -0.0189555
352 109 -1.33856
401 109 0.120234
429 109 -1.26066
469 109 0.1122
501 109 -1.45111
110 110 4.27598
229 110 0.0605899
230 110 -1.12256
285 110 -1.13288
290 110 0.0585844
353 110 0.0141243
382 110 -1.05015
385 110 -1.12329
409 110 0.0203247
111 111 4.37221
230 111 -1.11293
231 111 0.0180953
291 111 0.0145062
353 111 -1.09222
385 111 0.0419869
427 111 -1.10405
468 111 0.0357255
490 111 -1.17295
0 112 -0.794451
3 112 -0.777786
112 112 2.96992
113 112 -0.25839
115 112 -0.486899
322 112 0.0636878
452 112 -0.260975
453 112 -0.464985
482 112 0.0514866
0 113 0.0782367
1 113 0.0901813
112 113 -0.25839
113 113 3.01283
114 113 -0.499799
232 113 -0.255612
233 113 -0.477434
322 113 -0.813626
354 113 -0.830361
1 114 -0.833125
2 114 -0.81659
113 114 -0.499799
114 114 3.03733
115 114 -0.241281
234 114 -0.238409
235 114 -0.523635
322 114 0.0755693
355 114 0.0871127
2 115 0.0608206
3 115 0.0490066
112 115 -0.486899
114 115 -0.241281
115 115 2.99297
294 115 -0.510251
295 115 -0.243954
322 115 -0.797022
387 115 -0.780556
4 116 0.0940963
7 116 0.104392
116 116 3.1526
117 116 -0.56401
119 116 -0.199744
292 116 -0.591927
293 116 -0.20304
323 116 -0.877497
386 116 -0.861388
4 117 -0.856806
5 117 -0.873175
116 117 -0.56401
117 117 3.11594
118 117 -0.217718
234 117 -0.537974
235 117 -0.220897
323 117 0.109104
355 117 0.0982979
5 118 0.123958
6 118 0.134463
117 118 -0.217718
118 118 3.16847
119 118 -0.5799
236 118 -0.553268
237 118 -0.214332
323 118 -0.893766
356 118 -0.910187
6 119 -0.914767
7 119 -0.898608
116 119 -0.199744
118 119 -0.5799
119 119 3.20706
296 119 -0.608461
297 119 -0.196234
323 119 0.119507
388 119 0.129483
8 120 0.182026
11 120 0.192882
120 120 3.21534
121 120 -0.246121
123 120 -0.560598
324 120 -0.960266
443 120 -0.536105
444 120 -0.242569
477 120 -0.977205
8 121 -0.940015
9 121 -0.923116
120 121 -0.246121
121 121 3.16007
122 121 -0.544019
238 121 -0.249478
239 121 -0.520107
324 121 0.167695
357 121 0.156558
9 122 0.153246
10 122 0.163936
121 122 -0.544019
122 122 3.18955
123 122 -0.228596
236 122 -0.232067
237 122 -0.569516
324 122 -0.943445
356 122 -0.926749
10 123 -0.964151
11 123 -0.980884
120 123 -0.560598
122 123 -0.228596
123 123 3.24669
298 123 -0.586718
299 123 -0.224925
324 123 0.178471
389 123 0.188864
12 124 -0.845177
15 124 -0.862306
124 124 3.01977
125 124 -0.469277
127 124 -0.286423
325 124 0.121164
454 124 -0.289211
455 124 -0.449007
483 124 0.108763
12 125 0.106968
13 125 0.119027
124 125 -0.469277
125 125 3.03726
126 125 -0.269661
232 125 -0.49077
233 125 -0.272537
325 125 -0.864192
354 125 -0.847218
13 126 -0.883508
14 126 -0.900537
125 126 -0.269661
126 126 3.08479
127 126 -0.48302
238 126 -0.504995
239 126 -0.266597
325 126 0.133275
357 126 0.145079
14 127 0.147415
15 127 0.135257
124 127 -0.286423
126 127 -0.48302
127 127 3.06584
325 127 -0.881274
441 127 -0.4623
442 127 -0.283452
476 127 -0.898459
16 128 0.232351
19 128 0.223123
128 128 3.4117
129 128 -0.653374
131 128 -0.202932
326 128 -1.04516
445 128 -0.623983
446 128 -0.198716
478 128 -1.06171
16 129 -1.06748
17 129 -1.05121
128 129 -0.653374
129 129 3.45919
130 129 -0.184416
240 129 -0.684916
241 129 -0.180047
326 129 0.217512
358 129 0.226132
17 130 0.202525
18 130 0.193554
129 130 -0.184416
130 130 3.391
131 130 -0.633519
242 130 -0.664255
243 130 -0.18857
326 130 -1.02876
359 130 -1.0125
18 131 -1.00678
19 131 -1.02331
128 131 -0.202932
130 131 -0.633519
131 131 3.34592
298 131 -0.206939
299 131 -0.604874
326 131 0.208409
389 131 0.198851
20 132 -0.958095
23 132 -0.942198
132 132 3.31218
133 132 -0.173861
135 132 -0.657501
296 132 -0.177728
297 132 -0.626028
327 132 0.148046
388 132 0.139006
20 133 0.163383
21 133 0.172066
132 133 -0.173861
133 133 3.37584
134 133 -0.676885
242 133 -0.169772
243 133 -0.644626
327 133 -0.98048
359 133 -0.996406
21 134 -1.00339
22 134 -0.987812
133 134 -0.676885
134 134 3.43309
135 134 -0.154741
244 134 -0.150488
245 134 -0.71173
327 134 0.156572
360 134 0.164551
22 135 0.140884
23 135 0.132525
132 135 -0.657501
134 135 -0.154741
135 135 3.36689
300 135 -0.158762
301 135 -0.691493
327 135 -0.964736
390 135 -0.949186
24 136 0.194797
136 136 3.64854
137 136 -0.125983
246 136 -0.755571
328 136 -1.07559
361 136 -1.09076
1244 136 0.201141
1260 136 -0.795372
1268 136 -0.12107
24 137 -1.0509
25 137 -1.03573
136 137 -0.125983
137 137 3.57185
138 137 -0.771855
244 137 -0.733089
245 137 -0.130655
328 137 0.178718
360 137 0.171946
25 138 0.162408
137 138 -0.771855
138 138 3.6509
302 138 -0.110193
328 138 -1.06065
391 138 -1.04596
1245 138 0.168257
1260 138 -0.105317
1272 138 -0.814072
26 139 0.257103
139 139 3.66615
140 139 -0.156165
329 139 -1.13749
447 139 -0.729329
479 139 -1.15343
1247 139 0.264273
1261 139 -0.765167
1350 139 -0.151182
26 140 -1.11361
27 140 -1.09766
139 140 -0.156165
140 140 3.58821
141 140 -0.741484
240 140 -0.160924
241 140 -0.706607
329 140 0.241801
358 140 0.234239
27 141 0.226324
140 141 -0.741484
141 141 3.65393
246 141 -0.141288
329 141 -1.12172
361 141 -1.10614
1246 141 0.233105
1261 141 -0.136339
1268 141 -0.779175
28 142 0.00646612
31 142 -5.76151e-05
142 142 3.41156
143 142 -0.0896164
145 142 -0.732048
330 142 -0.847135
424 142 -0.0933152
425 142 -0.776011
466 142 -0.833767
28 143 -0.872081
29 143 -0.885502
142 143 -0.0896164
143 143 3.47294
144 143 -0.750181
247 143 -0.0856428
248 143 -0.795107
330 143 0.0243208
362 143 0.0303934
29 144 0.0418283
30 144 0.0347418
143 144 -0.750181
144 144 3.38603
145 144 -0.110578
249 144 -0.10679
250 144 -0.709292
330 144 -0.860853
363 144 -0.874894
30 145 -0.836904
31 145 -0.822921
142 145 -0.732048
144 145 -0.110578
145 145 3.3275
305 145 -0.692031
306 145 -0.114105
330 145 0.0175049
393 145 0.00999944
32 146 -0.880592
35 146 -0.895668
146 146 3.30368
147 146 -0.689533
149 146 -0.143224
303 146 -0.654388
304 146 -0.146932
331 146 0.0847271
392 146 0.0763498
32 147 0.0683321
33 147 0.0759031
146 147 -0.689533
147 147 3.37095
148 147 -0.123314
249 147 -0.727785
250 147 -0.127186
331 147 -0.903852
363 147 -0.889234
33 148 -0.927733
34 148 -0.942388
147 148 -0.123314
148 148 3.43491
149 148 -0.708351
251 148 -0.747509
252 148 -0.119192
331 148 0.0925156
364 148 0.0996733
34 149 0.108872
35 149 0.10088
146 149 -0.143224
148 149 -0.708351
149 149 3.36494
300 149 -0.672379
301 149 -0.139275
331 149 -0.918729
390 149 -0.933846
36 150 0.094482
150 150 3.68352
151 150 -0.812344
253 150 -0.0768704
332 150 -1.00357
365 150 -0.990083
1248 150 0.0991174
1262 150 -0.0720713
1269 150 -0.860574
36 151 -0.977541
37 151 -0.991674
150 151 -0.812344
151 151 3.5868
152 151 -0.0938501
251 151 -0.098426
252 151 -0.768465
332 151 0.111908
364 151 0.106154
37 152 0.129023
151 152 -0.0938501
152 152 3.66212
302 152 -0.790653
332 152 -1.0174
391 152 -1.03154
1249 152 0.134308
1262 152 -0.835653
1272 152 -0.0890114
38 153 0.0211073
153 153 3.76365
154 153 -0.866348
333 153 -0.951925
426 153 -0.0405756
467 153 -0.940093
1251 153 0.0241062
1263 153 -0.0358625
1345 153 -0.922802
38 154 -0.924408
39 154 -0.937125
153 154 -0.866348
154 154 3.64288
155 154 -0.0591536
247 154 -0.815566
248 154 -0.0636217
333 154 0.0400639
362 154 0.0356631
39 155 0.0585893
154 155 -0.0591536
155 155 3.7167
253 155 -0.837389
333 155 -0.964226
365 155 -0.976957
1250 155 0.0624712
1263 155 -0.889393
1269 155 -0.0543962
40 156 -0.712552
43 156 -0.728628
156 156 2.93882
157 156 -0.51037
159 156 -0.229199
334 156 0.00408414
450 156 -0.231554
451 156 -0.486348
481 156 -0.00785152
40 157 -0.0112145
41 157 0.000277034
156 157 -0.51037
157 157 2.96898
158 157 -0.211646
254 157 -0.536113
255 157 -0.214088
334 157 -0.73208
366 157 -0.716263
41 158 -0.751979
42 158 -0.767883
157 158 -0.211646
158 158 3.00976
159 158 -0.522291
256 158 -0.548518
257 158 -0.208991
334 158 0.0156652
367 158 0.0268697
42 159 0.0308781
43 159 0.0192139
156 159 -0.229199
158 159 -0.522291
159 159 2.97816
294 159 -0.226638
295 159 -0.497822
334 159 -0.748076
387 159 -0.764237
44 160 0.0635823
47 160 0.0736395
160 160 3.14257
161 160 -0.187995
163 160 -0.605804
292 160 -0.184794
293 160 -0.576425
335 160 -0.829698
386 160 -0.845451
44 161 -0.808669
45 161 -0.792983
160 161 -0.187995
161 161 3.09313
162 161 -0.590724
256 161 -0.190973
257 161 -0.561955
335 161 0.0480531
367 161 0.0376741
45 162 0.0323259
46 162 0.0421112
161 162 -0.590724
162 162 3.13907
163 162 -0.16944
258 162 -0.172538
259 162 -0.621776
335 162 -0.81414
368 162 -0.798792
46 163 -0.835772
47 163 -0.851187
160 163 -0.605804
162 163 -0.16944
163 163 3.19049
303 163 -0.166111
304 163 -0.63752
335 163 0.057979
392 163 0.067422
48 164 -0.0328549
51 164 -0.0237453
164 164 3.15522
165 164 -0.626012
167 164 -0.137297
336 164 -0.754159
422 164 -0.140166
423 164 -0.661206
465 164 -0.739809
48 165 -0.732385
49 165 -0.747183
164 165 -0.626012
165 165 3.09706
166 165 -0.156616
260 165 -0.593659
261 165 -0.159364
336 165 -0.0161864
369 165 -0.0260027
49 166 0.000221709
50 166 0.00969392
165 166 -0.156616
166 166 3.14296
167 166 -0.640129
258 166 -0.607155
259 166 -0.153628
336 166 -0.768785
368 166 -0.783668
50 167 -0.790913
51 167 -0.776478
164 167 -0.137297
166 167 -0.640129
167 167 3.20314
305 167 -0.134177
306 167 -0.676002
336 167 -0.0068887
393 167 0.00185343
52 168 -0.665395
55 168 -0.650074
168 168 2.93081
169 168 -0.198581
171 168 -0.541167
337 168 -0.0582375
448 168 -0.200675
449 168 -0.514404
480 168 -0.0698155
52 169 -0.042363
53 169 -0.0310716
168 169 -0.198581
169 169 2.96608
170 169 -0.551941
254 169 -0.196267
255 169 -0.524742
337 169 -0.685207
366 169 -0.700634
53 170 -0.705424
54 170 -0.690336
169 170 -0.551941
170 170 3.00693
171 170 -0.180451
260 170 -0.178043
261 170 -0.581287
337 170 -0.0470581
369 170 -0.0363036
54 171 -0.0632716
55 171 -0.07433
168 171 -0.541167
170 171 -0.180451
171 171 2.97024
337 171 -0.669996
420 171 -0.182629
421 171 -0.570039
464 171 -0.655014
56 172 0.209441
172 172 3.96717
173 172 -0.944193
262 172 -0.0694936
338 172 -1.19102
370 172 -1.20542
1252 172 0.206345
1264 172 -0.0752435
1270 172 -0.894134
56 173 -1.21979
57 173 -1.20609
172 173 -0.944193
173 173 4.08518
174 173 -0.0523932
263 173 -0.0463497
264 173 -0.999247
338 173 0.192255
371 173 0.194063
57 174 0.174728
173 174 -0.0523932
174 174 3.99066
309 174 -0.969121
338 174 -1.17693
395 174 -1.16318
1253 174 0.172364
1264 174 -0.915574
1273 174 -0.0581633
58 175 0.175604
61 175 0.17352
175 175 4.48619
176 175 -1.09337
178 175 0.0104472
307 175 -1.16307
308 175 0.00341296
339 175 -1.29986
394 175 -1.28811
58 176 -1.26747
59 176 -1.28025
175 176 -1.09337
176 176 4.3247
177 176 -0.0154536
263 176 -1.03074
264 176 -0.0221101
339 176 0.194565
371 176 0.194862
59 177 0.213082
60 177 0.21215
176 177 -0.0154536
177 177 4.43353
178 177 -1.12806
265 177 -1.06359
266 177 -0.00850895
339 177 -1.3121
372 177 -1.32479
60 178 -1.34517
61 178 -1.33354
175 178 0.0104472
177 178 -1.12806
178 178 4.60119
310 178 -1.1998
311 178 0.0177854
339 178 0.193079
396 178 0.1903
62 179 0.283371
65 179 0.284294
179 179 4.36866
180 179 -0.0506769
182 179 -1.07162
340 179 -1.36518
438 179 -0.0438813
439 179 -1.01549
474 179 -1.37933
62 180 -1.33514
63 180 -1.32091
179 180 -0.0506769
180 180 4.26201
181 180 -1.03782
267 180 -0.0572106
268 180 -0.983299
340 180 0.266308
373 180 0.264823
63 181 0.248923
64 181 0.248984
180 181 -1.03782
181 181 4.39504
182 181 -0.0265757
265 181 -0.0334412
266 181 -1.09781
340 181 -1.35136
372 181 -1.33789
64 182 -1.38284
65 182 -1.39621
179 182 -1.07162
181 182 -0.0265757
182 182 4.5071
312 182 -1.1334
313 182 -0.0194355
340 182 0.266814
397 182 0.266265
66 183 0.242889
183 183 3.95379
184 183 -0.0859613
262 183 -0.922623
341 183 -1.23508
370 183 -1.22011
1254 183 0.239157
1265 183 -0.875581
1270 183 -0.0916941
66 184 -1.26284
67 184 -1.27776
183 184 -0.0859613
184 184 4.04753
185 184 -0.90395
267 184 -0.952344
268 184 -0.0799789
341 184 0.259196
373 184 0.262431
67 185 0.27525
184 185 -0.90395
185 185 3.94919
341 185 -1.25029
440 185 -0.101879
475 185 -1.26575
1255 185 0.270959
1265 185 -0.107597
1349 185 -0.859537
68 186 0.277066
71 186 0.280688
186 186 4.91503
187 186 -1.28119
189 186 0.0140569
342 186 -1.49609
436 186 0.0221572
437 186 -1.20865
473 186 -1.50822
68 187 -1.53197
69 187 -1.52102
186 187 -1.28119
187 187 5.10992
188 187 0.0416268
269 187 -1.36197
270 187 0.0501837
342 187 0.25738
374 187 0.251652
69 188 0.237177
70 188 0.242142
187 188 0.0416268
188 188 4.97542
189 188 -1.24075
271 188 -1.31914
272 188 0.0333749
342 188 -1.48443
375 188 -1.47328
70 189 -1.44928
71 189 -1.46157
186 189 0.0140569
188 189 -1.24075
189 189 4.78772
312 189 0.00624599
313 189 -1.17034
342 189 0.261649
397 189 0.264575
72 190 -1.41535
75 190 -1.40517
190 190 4.92133
191 190 0.053791
193 190 -1.32084
310 190 0.0456896
311 190 -1.23806
343 190 0.18038
396 190 0.186111
72 191 0.201557
73 191 0.195023
190 191 0.053791
191 191 5.05356
192 191 -1.36311
271 191 0.0622147
272 191 -1.27784
343 191 -1.45272
375 191 -1.46269
73 192 -1.4918
74 192 -1.48348
191 192 -1.36311
192 192 5.29355
193 192 0.084135
273 192 0.0930967
274 192 -1.45942
343 192 0.17296
376 192 0.163683
74 193 0.15015
75 193 0.158536
190 193 -1.32084
192 193 0.084135
193 193 5.15286
314 193 0.0755154
315 193 -1.41432
343 193 -1.44341
398 193 -1.43485
76 194 -1.66903
79 194 -1.66616
194 194 6.24047
195 194 -1.67133
197 194 0.173476
344 194 0.122685
458 194 0.184538
459 194 -1.8054
485 194 0.1038
76 195 0.149631
77 195 0.164261
194 195 -1.67133
195 195 5.89061
196 195 0.136384
275 195 -1.5548
276 195 0.146689
344 195 -1.62115
377 195 -1.62675
77 196 -1.57581
78 196 -1.56986
195 196 0.136384
196 196 5.7286
197 196 -1.6193
273 196 -1.50625
274 196 0.126444
344 196 0.138777
376 196 0.152361
78 197 0.112221
79 197 0.0945157
194 197 0.173476
196 197 -1.6193
197 197 6.06656
316 197 0.162807
317 197 -1.74935
344 197 -1.61664
399 197 -1.61334
80 198 0.257405
83 198 0.247465
198 198 5.63412
199 198 0.0894219
201 198 -1.54841
345 198 -1.64903
434 198 0.0991373
435 198 -1.4522
472 198 -1.65801
80 199 -1.60829
81 199 -1.59903
198 199 0.0894219
199 199 5.48122
200 199 -1.49965
269 199 0.0800298
270 199 -1.40632
345 199 0.235272
374 199 0.244332
81 200 0.212421
82 200 0.20034
199 200 -1.49965
200 200 5.7485
201 200 0.122038
275 200 0.112048
276 200 -1.60509
345 200 -1.64078
377 200 -1.63332
82 201 -1.68458
83 201 -1.6917
198 201 -1.54841
200 201 0.122038
201 201 5.91114
345 201 0.224307
456 201 0.132372
457 201 -1.6571
484 201 0.211249
84 202 -0.0712623
87 202 -0.0505733
202 202 5.87142
203 202 0.192042
205 202 -1.58179
346 202 -1.4036
430 202 0.182277
431 202 -1.73112
470 202 -1.40489
84 203 -1.45617
85 203 -1.45445
202 203 0.192042
203 203 6.03139
204 203 -1.62952
277 203 0.202264
278 203 -1.7832
346 203 -0.0385026
378 203 -0.0605045
85 204 -0.0075523
86 204 0.00901504
203 204 -1.62952
204 204 5.62817
205 204 0.151656
279 204 0.161064
280 204 -1.4991
346 204 -1.4041
379 204 -1.40618
86 205 -1.35688
87 205 -1.35447
202 205 -1.58179
204 205 0.151656
205 205 5.48097
320 205 -1.45505
321 205 0.14267
346 205 -0.0199949
401 205 -0.00457056
88 206 -1.37179
91 206 -1.37889
206 206 5.13903
207 206 -1.42971
209 206 0.0988168
318 206 -1.32933
319 206 0.0903372
347 206 0.088291
400 206 0.0979425
88 207 0.0630163
89 207 0.0497415
206 207 -1.42971
207 207 5.43361
208 207 0.133148
279 207 -1.54516
280 207 0.124044
347 207 -1.4144
379 207 -1.40967
89 208 -1.45944
90 208 -1.46386
207 208 0.133148
208 208 5.58246
209 208 -1.47433
281 208 -1.59321
282 208 0.142643
347 208 0.0764214
380 208 0.0620822
90 209 0.101975
91 209 0.112572
206 209 0.0988168
208 209 -1.47433
209 209 5.27766
314 209 -1.37096
315 209 0.107661
347 209 -1.42025
398 209 -1.4271
92 210 -1.67036
95 210 -1.66656
210 210 6.74453
211 210 0.235677
213 210 -1.8421
348 210 0.00109349
460 210 0.24773
461 210 -2.01513
486 210 -0.0265565
92 211 -0.0336823
93 211 -0.00750393
210 211 0.235677
211 211 6.55526
212 211 -1.78571
283 211 0.224082
284 211 -1.9536
348 211 -1.61223
381 211 -1.61545
93 212 -1.55799
94 212 -1.55889
211 212 -1.78571
212 212 6.11027
213 212 0.191815
281 212 0.181143
282 212 -1.64326
348 212 0.0247849
380 212 0.0449827
94 213 0.0553781
95 213 0.0339028
210 213 -1.8421
212 213 0.191815
213 213 6.28447
316 213 -1.69531
317 213 0.202909
348 213 -1.61095
399 213 -1.61138
96 214 -0.158846
99 214 -0.198838
214 214 7.32244
215 214 -2.027
217 214 0.315426
349 214 -1.63976
432 214 0.302505
433 214 -2.25792
471 214 -1.65406
96 215 -1.57362
97 215 -1.56629
214 215 -2.027
215 215 6.70285
216 215 0.260537
277 215 -1.83764
278 215 0.248843
349 215 -0.117033
378 215 -0.0864874
97 216 -0.0781177
98 216 -0.110287
215 216 0.260537
216 216 6.89406
217 216 -2.0895
283 216 -1.89444
284 216 0.272731
349 216 -1.62886
381 216 -1.62089
98 217 -1.69677
99 217 -1.71191
214 217 0.315426
216 217 -2.0895
217 217 7.53374
349 217 -0.15284
462 217 0.3289
463 217 -2.32737
487 217 -0.19476
100 218 0.100599
218 218 4.07477
219 218 -0.0158684
285 218 -1.03142
350 218 -1.12428
382 218 -1.11221
1256 218 0.100075
1266 218 -0.969047
1271 218 -0.0216891
100 219 -1.15531
101 219 -1.16733
218 219 -0.0158684
219 219 4.17034
220 219 -0.997967
286 219 -1.06205
287 219 -0.00974459
350 219 0.119804
383 219 0.119701
101 220 0.138535
219 220 -0.997967
220 220 4.02586
309 220 -0.0345595
350 220 -1.13683
395 220 -1.14981
1257 220 0.13702
1266 220 -0.040353
1273 220 -0.940359
102 221 0.13619
105 221 0.132753
221 221 4.55556
222 221 0.0233164
224 221 -1.20376
307 221 0.0304525
308 221 -1.12787
351 221 -1.26624
394 221 -1.27689
102 222 -1.23193
103 222 -1.22117
221 222 0.0233164
222 222 4.44392
223 222 -1.16798
286 222 0.0165015
287 222 -1.0942
351 222 0.115642
383 222 0.118352
103 223 0.0944613
104 223 0.089421
222 223 -1.16798
223 223 4.64484
224 223 0.0517083
288 223 0.0444556
289 223 -1.25125
351 223 -1.25623
384 223 -1.24692
104 224 -1.29291
105 224 -1.30207
221 224 -1.20376
223 224 0.0517083
224 224 4.76364
318 224 0.0593023
319 224 -1.28942
351 224 0.111438
400 224 0.105595
106 225 0.00201478
109 225 -0.00729025
225 225 4.90077
226 225 -1.26982
228 225 0.0990753
352 225 -1.22395
428 225 0.0915333
429 225 -1.37294
469 225 -1.21827
106 226 -1.18508
107 226 -1.19292
225 226 -1.26982
226 226 4.64283
227 226 0.0670846
290 226 -1.1801
291 226 0.0600618
352 226 0.0264492
385 226 0.0325678
107 227 0.0499415
108 227 0.042977
226 227 0.0670846
227 227 4.75814
228 227 -1.30701
288 227 -1.21481
289 227 0.0744714
352 227 -1.23069
384 227 -1.23838
108 228 -1.27046
109 228 -1.26496
225 228 0.0990753
227 228 -1.30701
228 228 5.02461
320 228 0.107008
321 228 -1.413
352 228 0.0183738
401 228 0.00811949
110 229 0.0605899
229 229 4.13984
230 229 -1.07036
285 229 0.00383456
353 229 -1.08966
382 229 -1.10066
1258 229 0.0612369
1267 229 -0.00201783
1271 229 -1.00233
110 230 -1.12256
111 230 -1.11293
229 230 -1.07036
230 230 4.32118
231 230 0.0247436
290 230 0.0309734
291 230 -1.14712
353 230 0.0396832
385 230 0.0369229
111 231 0.0180953
230 231 0.0247436
231 231 4.2242
353 231 -1.07929
427 231 -1.11588
468 231 -1.0696
1259 231 0.0201392
1267 231 -1.04107
1348 231 0.0188544
1 232 -0.849795
13 232 -0.866592
113 232 -0.255612
125 232 -0.49077
232 232 3.05882
234 232 -0.513619
238 232 -0.252642
354 232 0.104665
402 232 0.116346
0 233 -0.811243
12 233 -0.828154
113 233 -0.477434
125 233 -0.272537
233 233 2.99273
354 233 0.0926611
453 233 -0.275227
454 233 -0.456391
497 233 0.080353
1 234 0.101796
5 234 0.113062
114 234 -0.238409
117 234 -0.537974
232 234 -0.513619
234 234 3.08487
236 234 -0.235338
355 234 -0.852968
402 234 -0.869565
2 235 0.0722877
4 235 0.083387
114 235 -0.523635
117 235 -0.220897
235 235 3.06672
293 235 -0.549111
294 235 -0.22387
355 235 -0.836512
410 235 -0.820204
5 236 -0.889688
9 236 -0.906338
118 236 -0.553268
122 236 -0.232067
234 236 -0.235338
236 236 3.13561
238 236 -0.528359
356 236 0.138669
402 236 0.127688
6 237 -0.931083
10 237 -0.947548
118 237 -0.214332
122 237 -0.569516
237 237 3.2243
297 237 -0.596782
298 237 -0.210739
356 237 0.14927
411 237 0.159466
9 238 0.142184
13 238 0.130771
121 238 -0.249478
126 238 -0.504995
232 238 -0.252642
236 238 -0.528359
238 238 3.10789
357 238 -0.903144
402 238 -0.886292
8 239 0.170817
14 239 0.159275
121 239 -0.520107
126 239 -0.266597
239 239 3.13531
357 239 -0.920112
442 239 -0.497621
443 239 -0.263345
494 239 -0.937189
17 240 0.210998
27 240 0.218943
129 240 -0.684916
140 240 -0.160924
240 240 3.51385
242 240 -0.165459
246 240 -0.718877
358 240 -1.07417
403 240 -1.05821
16 241 0.241109
26 241 0.24937
129 241 -0.180047
140 241 -0.706607
241 241 3.53083
358 241 -1.09028
446 241 -0.67422
447 241 -0.175463
495 241 -1.10656
17 242 -1.0351
21 242 -1.01915
130 242 -0.664255
133 242 -0.169772
240 242 -0.165459
242 242 3.44306
244 242 -0.697343
359 242 0.18738
403 242 0.195698
18 243 -0.990398
20 243 -0.974166
130 243 -0.18857
133 243 -0.644626
243 243 3.32625
297 243 -0.192509
298 243 -0.614655
359 243 0.178549
411 243 0.169235
21 244 0.18022
24 244 0.187809
134 244 -0.150488
137 244 -0.733089
242 244 -0.697343
244 244 3.50299
246 244 -0.146004
360 244 -1.02685
403 244 -1.04243
22 245 0.148677
25 245 0.155866
134 245 -0.71173
137 245 -0.130655
245 245 3.49903
301 245 -0.135085
302 245 -0.749513
360 245 -1.01146
412 245 -0.996298
24 246 -1.06629
27 246 -1.08188
136 246 -0.755571
141 246 -0.141288
240 246 -0.718877
244 246 -0.146004
246 246 3.5766
361 246 0.21066
403 246 0.20347
29 247 0.0482031
39 247 0.0538106
143 247 -0.0856428
154 247 -0.815566
247 247 3.53873
249 247 -0.769608
253 247 -0.0813942
362 247 -0.910906
404 247 -0.924364
28 248 0.012212
38 248 0.0171161
143 248 -0.795107
154 248 -0.0636217
248 248 3.57369
362 248 -0.897817
425 248 -0.0678008
426 248 -0.844741
489 248 -0.88513
29 249 -0.899267
33 249 -0.913352
144 249 -0.10679
147 249 -0.727785
247 249 -0.769608
249 249 3.44875
251 249 -0.102739
363 249 0.0590145
404 249 0.0656695
30 250 -0.851191
32 250 -0.865761
144 250 -0.709292
147 250 -0.127186
250 250 3.311
304 250 -0.67189
305 250 -0.130807
363 250 0.0516769
413 250 0.0437041
33 251 0.0828184
36 251 0.0890293
148 251 -0.747509
151 251 -0.098426
249 251 -0.102739
251 251 3.51567
253 251 -0.790329
364 251 -0.952279
404 251 -0.938164
34 252 0.116255
37 252 0.122988
148 252 -0.119192
151 252 -0.768465
252 252 3.50288
301 252 -0.728345
302 252 -0.114818
364 252 -0.966688
412 252 -0.981367
36 253 -0.963721
39 253 -0.95024
150 253 -0.0768704
155 253 -0.837389
247 253 -0.0813942
251 253 -0.790329
253 253 3.60892
365 253 0.0767183
404 253 0.0715899
41 254 -0.73626
53 254 -0.720737
157 254 -0.536113
169 254 -0.196267
254 254 3.00489
256 254 -0.193731
260 254 -0.563792
366 254 -0.0152978
405 254 -0.00430173
40 255 -0.696647
52 255 -0.680924
157 255 -0.214088
169 255 -0.524742
255 255 2.93161
366 255 -0.026693
449 255 -0.216318
450 255 -0.499442
496 255 -0.0384634
41 256 0.0113811
45 256 0.0220729
158 256 -0.548518
161 256 -0.190973
254 256 -0.193731
256 256 3.04724
258 256 -0.57672
367 256 -0.772272
405 256 -0.756663
42 257 0.0421763
44 257 0.0530858
158 257 -0.208991
161 257 -0.561955
257 257 3.05396
293 257 -0.206122
294 257 -0.535205
367 257 -0.788073
410 257 -0.804054
45 258 -0.777497
49 258 -0.762226
162 258 -0.172538
166 258 -0.607155
256 258 -0.57672
258 258 3.09134
260 258 -0.175406
368 258 0.0163871
405 258 0.00626923
46 259 -0.820578
50 259 -0.805619
162 259 -0.621776
166 259 -0.153628
259 259 3.19269
304 259 -0.1504
305 259 -0.655422
368 259 0.0260214
413 259 0.0351391
49 260 -0.00975092
53 260 -0.0201919
165 260 -0.593659
170 260 -0.178043
254 260 -0.563792
258 260 -0.175406
260 260 3.04729
369 260 -0.726073
405 260 -0.741259
48 261 -0.0425025
54 261 -0.0526524
165 261 -0.159364
170 261 -0.581287
261 261 3.05499
369 261 -0.711122
421 261 -0.161873
422 261 -0.613071
488 261 -0.696422
56 262 -1.23383
66 262 -1.24819
172 262 -0.0694936
183 262 -0.922623
262 262 4.06127
263 262 -0.974108
267 262 -0.0634827
370 262 0.226311
406 262 0.228882
56 263 0.211644
59 263 0.212884
173 263 -0.0463497
176 263 -1.03074
262 263 -0.974108
263 263 4.18408
265 263 -0.0400325
371 263 -1.24951
