13891
835 835
0 0 3.38058
0 31 -0.0700202
0 32 -0.0550584
0 35 -0.0742662
0 36 -0.187656
0 39 0.04484
0 97 0.00939229
0 102 -0.0113198
0 109 0.426097
0 110 -1.21487
0 111 -0.76094
0 112 0.302317
0 125 0.497894
0 126 -0.820562
0 127 -1.37814
0 128 0.812528
0 141 0.106091
0 142 -0.145755
0 363 -0.0477291
0 364 -0.0481768
0 499 0.090581
0 500 -0.0487373
0 505 0.011973
0 506 -0.029517
0 539 -0.123314
0 540 0.0392472
0 545 -0.0841526
0 546 0.0295945
0 547 -0.109564
0 548 -0.110068
0 571 -0.0368402
0 572 -0.0367842
0 595 0.00254488
0 707 0.504835
0 708 -0.364719
0 709 0.175709
0 710 -0.28765
0 787 -0.767549
0 788 0.277465
0 789 -0.0924579
0 790 0.252822
0 803 0.00380573
0 819 0.000855916
1 1 4.90362
1 30 -0.0488089
1 41 -0.131017
1 42 0.0474887
1 45 -0.131007
1 96 -0.0564446
1 103 -1.2018
1 104 0.402565
1 149 0.543846
1 150 -0.974769
1 151 -0.324462
1 152 0.131115
1 165 0.553071
1 166 -0.965134
1 399 -0.0559998
1 400 -0.0559204
1 423 -0.0466339
1 424 -0.046579
1 491 -0.516054
1 492 0.192991
1 497 -0.545753
1 498 0.199316
1 577 -0.0465454
1 578 -0.046565
1 619 0.00033365
1 635 0.000371458
1 691 -4.58873
1 692 1.7287
1 693 -0.662165
1 694 1.74882
1 823 0.000473357
2 2 3.00738
2 33 -0.043232
2 40 -0.130787
2 47 -0.130668
2 49 -0.130299
2 51 -0.0490575
2 99 -0.00258882
2 117 0.268495
2 118 -0.609858
2 143 -0.973989
2 144 0.543589
2 173 0.552949
2 174 -0.964411
2 181 0.581446
2 182 -0.936256
2 189 0.355767
2 190 -0.642606
2 417 -0.0463446
2 418 -0.0463456
2 447 -0.0554237
2 448 -0.0552513
2 471 -0.0736015
2 472 -0.0734523
2 515 -0.0425116
2 516 0.0075094
2 521 -0.0292595
2 522 0.00418137
2 583 -0.046256
2 584 -0.0463316
2 631 0.000644417
2 651 0.00120163
2 667 0.00211229
2 739 -0.259522
2 740 0.0485266
2 741 -0.000503219
2 742 0.0505335
2 827 0.000746316
3 3 1
4 4 1
5 5 1
6 6 1
7 7 1
8 8 1
9 9 1
10 10 4.2896
10 30 -0.057234
10 31 -0.0641228
10 82 0.19163
10 92 -0.130825
10 93 -0.0871289
10 96 0.0135153
10 97 -0.044405
10 105 0.417762
10 106 -1.19368
10 107 -1.17513
10 108 0.413474
10 311 0.319241
10 312 -0.229134
10 351 -0.974489
10 352 0.543868
10 355 -0.627419
10 356 0.384313
10 491 0.119101
10 492 -0.0634967
10 493 0.0442151
10 494 -0.0449162
10 499 -0.390541
10 500 0.147066
10 501 -0.432334
10 502 0.156472
10 573 -0.0462884
10 574 -0.046322
10 579 -0.0371159
10 580 -0.0370693
10 589 -0.0464212
10 590 -0.0463429
10 695 0.76166
10 696 -0.405868
10 697 0.232753
10 698 -0.493613
10 711 -3.47618
10 712 1.33003
10 713 -0.501642
10 714 1.30255
10 820 0.00082137
10 824 0.000498802
10 831 0.000668521
11 11 2.73536
11 32 -0.0512765
11 33 -0.0473435
11 88 0.093259
11 92 -0.130748
11 94 -0.0870138
11 99 -0.0126573
11 102 -0.0043939
11 113 0.292089
11 114 -0.683623
11 115 -0.68478
11 116 0.279473
11 335 0.133143
11 336 -0.0854581
11 353 0.54361
11 354 -0.97396
11 359 -0.627029
11 360 0.384184
11 519 -0.128452
11 520 0.0425402
11 521 -0.0984947
11 522 0.0351341
11 543 -0.0620228
11 544 0.0148354
11 545 -0.039765
11 546 0.00930118
11 575 -0.0461874
11 576 -0.046277
11 585 -0.0368716
11 586 -0.0369369
11 593 -0.0462979
11 594 -0.0463202
11 751 -0.841895
11 752 0.308058
11 753 -0.10738
11 754 0.289247
11 799 -0.382347
11 800 0.103079
11 801 -0.0218037
11 802 0.0982042
11 821 0.000843213
11 828 0.000749918
11 833 0.000690364
12 12 3.64138
12 34 -0.0623912
12 35 -0.06852
12 87 -0.0353016
12 89 0.0759406
12 90 -0.259065
12 101 -0.016072
12 102 -0.00378274
12 121 0.478109
12 122 -0.760733
12 123 -0.833009
12 124 0.401456
12 331 -1.05268
12 332 0.27812
12 339 0.6823
12 340 -0.170219
12 343 -1.97857
12 344 1.053
12 535 -0.117618
12 536 0.0437851
12 537 -0.167537
12 538 0.0561238
12 539 -0.0688214
12 540 0.0149399
12 541 -0.0223481
12 542 0.0038408
12 549 -0.037233
12 550 -0.0372614
12 555 -0.107455
12 556 -0.10821
12 565 -0.0365688
12 566 -0.0371568
12 783 -1.06807
12 784 0.371065
12 785 -0.142124
12 786 0.402423
12 791 -0.326583
12 792 0.0546509
12 793 -0.00980262
12 794 0.0938751
12 804 0.00396138
12 808 0.00650112
12 815 0.00472563
13 13 3.72646
13 36 -0.187571
13 37 -0.187362
13 66 -0.0711765
13 67 -0.114826
13 89 0.07525
13 91 -0.260101
13 129 0.730969
13 130 -1.45875
13 131 -1.3782
13 132 0.81289
13 247 -0.507816
13 248 0.330084
13 251 -0.855055
13 252 0.489792
13 341 -0.167902
13 342 0.677543
13 347 -1.98208
13 348 1.05416
13 365 -0.0383034
13 366 -0.0387001
13 371 -0.0472883
13 372 -0.0478479
13 381 -0.0386023
13 382 -0.0387471
13 551 -0.0381419
13 552 -0.0376667
13 561 -0.109653
13 562 -0.109401
13 569 -0.0375621
13 570 -0.0374777
13 596 0.00256091
13 600 0.0031713
13 607 0.002217
13 805 0.0037648
13 812 0.00424108
13 817 0.00452904
14 14 3.46638
14 38 0.0272115
14 39 0.0353928
14 66 -0.0717904
14 68 -0.115747
14 83 -0.0526204
14 97 -0.0335214
14 98 0.00354047
14 137 0.123436
14 138 -0.154578
14 139 -0.17273
14 140 0.128181
14 249 0.332144
14 250 -0.512044
14 255 -0.858174
14 256 0.490822
14 315 -1.49411
14 316 0.399478
14 367 -0.0391114
14 368 -0.0390603
14 377 -0.0492427
14 378 -0.0489069
14 385 -0.0391074
14 386 -0.0394103
14 503 -0.246252
14 504 0.0961515
14 505 -0.320784
14 506 0.114759
14 507 -0.0239008
14 508 -0.0094024
14 509 0.0425051
14 510 -0.0254747
14 597 0.00238617
14 604 0.00116237
14 609 0.00204226
14 719 -2.13276
14 720 0.788806
14 721 -0.314059
14 722 0.835226
14 727 0.1427
14 728 -0.177216
14 729 0.0916807
14 730 -0.117736
15 15 2.98191
15 40 -0.130876
15 41 -0.130953
15 73 -0.0871704
15 74 -0.0872088
15 93 -0.0871576
15 94 -0.0871193
15 145 0.543889
15 146 -0.974606
15 147 -0.974328
15 148 0.543632
15 277 0.384366
15 278 -0.627571
15 281 0.384238
15 282 -0.627432
15 357 0.384409
15 358 -0.627617
15 361 0.384538
15 362 -0.627756
15 421 -0.0463981
15 422 -0.0464624
15 427 -0.0465414
15 428 -0.0465498
15 431 -0.0371096
15 432 -0.0371656
15 581 -0.0465275
15 582 -0.0464612
15 587 -0.0463842
15 588 -0.0463739
15 591 -0.0370631
15 592 -0.0370071
15 633 0.000618934
15 637 0.000389661
15 640 0.000455583
15 825 0.00049156
15 829 0.000720833
15 832 0.000659381
16 16 3.81376
16 42 0.0352854
16 43 0.0256178
16 69 -0.174927
16 71 -0.0582187
16 81 -0.0201067
16 95 -0.0346299
16 96 0.0115019
16 153 0.1362
16 154 -0.276207
16 155 -0.228336
16 156 0.133945
16 261 0.706238
16 262 -1.31861
16 267 -0.393763
16 268 0.281381
16 307 -1.29703
16 308 0.315511
16 391 -0.0562133
16 392 -0.0561759
16 401 -0.0310674
16 402 -0.0310799
16 409 -0.0499069
16 410 -0.0498449
16 483 -0.336676
16 484 0.121589
16 485 -0.306841
16 486 0.114879
16 495 0.0787078
16 496 -0.0484975
16 497 0.049366
16 498 -0.0419246
16 613 5.25063e-05
16 620 0.00029519
16 625 0.000189602
16 679 -2.71963
16 680 1.01698
16 681 -0.390096
16 682 1.03661
16 703 0.573448
16 704 -0.351511
16 705 0.191699
16 706 -0.368394
17 17 3.05052
17 44 -0.131011
17 45 -0.131019
17 70 -0.0872807
17 71 -0.058118
17 72 -0.13103
17 74 -0.0872823
17 161 0.553136
17 162 -0.965242
17 163 -0.98084
17 164 0.537486
17 265 0.387305
17 266 -0.624334
17 269 0.281043
17 270 -0.393069
17 273 0.543868
17 274 -0.974823
17 279 -0.627939
17 280 0.384484
17 397 -0.0559116
17 398 -0.056012
17 403 -0.0496789
17 404 -0.0497708
17 407 -0.0310303
17 408 -0.0310358
17 415 -0.046628
17 416 -0.0465871
17 425 -0.0372645
17 426 -0.0372179
17 433 -0.0465801
17 434 -0.0465838
17 617 0.000353437
17 621 0.00032813
17 624 0.000213999
17 629 0.000384649
17 636 0.000367778
17 641 0.000435599
18 18 3.05482
18 46 -0.130864
18 47 -0.130776
18 72 -0.130953
18 73 -0.0871672
18 75 -0.0869354
18 77 -0.0577151
18 169 0.553014
18 170 -0.964832
18 171 -0.980777
18 172 0.537686
18 271 -0.974295
18 272 0.54361
18 275 -0.627549
18 276 0.384356
18 285 0.387691
18 286 -0.624373
18 291 -0.393317
18 292 0.281622
18 413 -0.0465271
18 414 -0.046542
18 419 -0.0370203
18 420 -0.0370855
18 429 -0.0464828
18 430 -0.0465351
18 439 -0.0556974
18 440 -0.0555459
18 449 -0.0492497
18 450 -0.0491737
18 457 -0.0305015
18 458 -0.030423
18 628 0.000406493
18 632 0.000618895
18 639 0.000457442
18 645 0.000844748
18 652 0.00116335
18 657 0.00116386
19 19 3.2825
19 48 -0.129987
19 49 -0.130165
19 76 -0.174064
19 77 -0.0574706
19 78 -0.173505
19 80 0.00140221
19 177 0.58158
19 178 -0.935947
19 179 -0.997817
19 180 0.51849
19 289 0.706044
19 290 -1.3169
19 293 0.280801
19 294 -0.391632
19 297 0.713057
19 298 -1.31093
19 303 0.0769137
19 304 0.0752518
19 445 -0.0548997
19 446 -0.0551141
19 451 -0.0301837
19 452 -0.0302801
19 455 -0.0489236
19 456 -0.0490295
19 463 -0.0731363
19 464 -0.0730616
19 473 -0.0360114
19 474 -0.0357714
19 481 -0.0355686
19 482 -0.0357017
19 649 0.00167384
19 653 0.0012287
19 656 0.00123775
19 661 0.00271643
19 668 0.00214079
19 673 0.00265029
20 20 3.09446
20 50 -0.0376932
20 51 -0.0435933
20 79 -0.173198
20 80 0.00160682
20 85 -0.0113122
20 99 -0.016072
20 100 0.000627229
20 185 0.33879
20 186 -0.592545
20 187 -0.629023
20 188 0.295427
20 301 0.712713
20 302 -1.30989
20 305 0.0745652
20 306 0.0783233
20 323 -0.781212
20 324 0.193471
20 469 -0.0724848
20 470 -0.0727086
20 475 -0.035742
20 476 -0.0356513
20 479 -0.0352993
20 480 -0.0355816
20 515 -0.161882
20 516 0.0559359
20 517 -0.141113
20 518 0.0510879
20 527 -0.0018304
20 528 -0.00802911
20 529 -0.0224456
20 530 -0.00299599
20 665 0.00338607
20 669 0.00219904
20 672 0.00270854
20 743 -1.25466
20 744 0.452791
20 745 -0.169227
20 746 0.466139
20 767 -0.0641286
20 768 -0.0412797
20 769 0.0408581
20 770 -0.0418706
21 21 1
22 22 1
23 23 1
24 24 1
25 25 1
26 26 1
27 27 1
28 28 4.09281
28 81 -0.0322409
28 82 0.170971
28 83 -0.0429307
28 84 0.153709
28 95 0.00611488
28 96 -0.0391123
28 97 0.00762499
28 98 -0.0294244
28 309 0.363001
28 310 -1.37969
28 313 -0.166446
28 314 0.338206
28 317 0.35647
28 318 -1.38318
28 321 -0.202445
28 322 0.363939
28 485 0.0591361
28 486 -0.0338233
28 487 -0.000536924
28 488 -0.0192801
28 493 -0.358432
28 494 0.130801
28 495 -0.290911
28 496 0.113826
28 501 0.0146715
28 502 -0.0262445
28 503 0.0569537
28 504 -0.0362429
28 509 -0.252569
28 510 0.0948071
28 511 -0.291817
28 512 0.103836
28 683 0.308379
28 684 -0.25198
28 685 0.124538
28 686 -0.191815
28 699 -2.41902
28 700 0.951379
28 701 -0.363719
28 702 0.909515
28 715 0.339656
28 716 -0.246207
28 717 0.139774
28 718 -0.24885
28 731 -2.27083
28 732 0.840063
28 733 -0.32251
28 734 0.86557
29 29 2.74693
29 85 -0.0197054
29 86 0.115211
29 87 -0.027675
29 88 0.103878
29 99 -0.0020627
29 100 -0.01785
29 101 -0.00135989
29 102 -0.014152
29 325 0.233951
29 326 -0.905688
29 329 -0.123097
29 330 0.243567
29 333 0.239187
29 334 -0.920688
29 337 -0.131035
29 338 0.241269
29 517 -0.0121358
29 518 -0.0010484
29 519 -0.0504756
29 520 0.00810573
29 525 -0.176025
29 526 0.0607251
29 527 -0.135021
29 528 0.0505506
29 533 -0.0433131
29 534 0.00509838
29 535 -0.0133387
29 536 -0.00224998
29 541 -0.120409
29 542 0.0432561
29 543 -0.149133
29 544 0.0500136
29 747 -0.211187
29 748 0.00898989
29 749 0.00992899
29 750 0.0442623
29 763 -1.16363
29 764 0.4416
29 765 -0.160528
29 766 0.415915
29 779 -0.1972
29 780 0.0189963
29 781 0.0166639
29 782 0.0115559
29 795 -1.10831
29 796 0.390178
29 797 -0.14456
29 798 0.40855
30 1 -0.0488089
30 10 -0.057234
30 30 4.56946
30 41 -0.0872248
30 42 0.0165738
30 82 -0.0493042
30 93 -0.130929
30 96 0.190216
30 103 0.420412
30 104 -1.20514
30 105 -1.17696
30 106 0.406686
30 149 -0.0371824
30 150 -0.0372244
30 151 0.141167
30 152 -0.0750303
30 311 -0.441482
30 312 0.16575
30 355 -0.0464267
30 356 -0.0464533
30 491 0.179641
30 492 -0.201985
30 493 0.173696
30 494 -0.477512
30 497 -0.0560667
30 498 0.0657655
30 577 -0.627601
30 578 0.384329
30 579 -0.974642
30 580 0.543857
30 581 -0.0465374
30 582 -0.0464708
30 691 -0.592854
30 692 0.946699
30 693 -0.491948
30 694 0.276515
30 695 1.47332
30 696 -0.566184
30 697 1.49727
30 698 -3.91927
30 823 0.000359481
30 824 0.000634285
30 826 0.000506911
31 0 -0.0700202
31 10 -0.0641228
31 31 4.10869
31 32 -0.130705
31 39 -0.0408746
31 82 0.0112181
31 92 -0.087017
31 97 0.195534
31 107 0.420448
31 108 -1.19919
31 109 -1.1864
31 110 0.42181
31 111 -0.0461304
31 112 -0.0461711
31 141 0.133528
31 142 -0.353747
31 311 0.103027
31 312 -0.0551443
31 351 -0.0369879
31 352 -0.0369366
31 499 0.435714
31 500 -0.254899
31 501 -0.036392
31 502 0.02678
31 505 0.144292
31 506 -0.400945
31 571 -0.974309
31 572 0.543878
31 573 -0.627211
31 574 0.384297
31 575 -0.0461955
31 576 -0.0462854
31 707 1.18141
31 708 -3.16529
31 709 1.21221
31 710 -0.455642
31 711 -0.421021
31 712 0.200622
31 713 -0.340267
31 714 0.619758
31 819 0.00103461
31 820 0.00066428
31 822 0.00085629
32 0 -0.0550584
32 11 -0.0512765
32 31 -0.130705
32 32 2.75285
32 35 -0.00520116
32 88 -0.01191
32 92 -0.0869786
32 102 0.102233
32 109 -0.0462202
32 110 -0.0461236
32 111 0.303999
32 112 -0.721867
32 113 -0.722493
32 114 0.290825
32 125 0.0115151
32 126 -0.0444264
32 335 -0.0906683
32 336 0.0321127
32 353 -0.0368984
32 354 -0.0368377
32 539 0.0181318
32 540 -0.0711175
32 543 0.0406491
32 544 -0.125252
32 545 0.202141
32 546 -0.107997
32 571 0.543621
32 572 -0.973906
32 573 -0.0462446
32 574 -0.0462786
32 575 -0.626946
32 576 0.384168
32 787 0.119249
32 788 -0.0310262
32 789 0.127328
32 790 -0.438287
32 799 0.269141
32 800 -0.0991675
32 801 0.290881
32 802 -0.799914
32 819 0.000930898
32 821 0.000789838
32 822 0.000752575
33 2 -0.043232
33 11 -0.0473435
33 33 2.72676
33 40 -0.087033
33 51 -0.0136025
33 88 -0.00352766
33 94 -0.130776
33 99 0.0845902
33 115 0.280246
33 116 -0.646206
33 117 -0.648019
33 118 0.268312
33 143 -0.0368859
33 144 -0.0369559
33 189 0.0387848
33 190 -0.107957
33 335 -0.0347371
33 336 0.00687345
33 359 -0.0462315
33 360 -0.0463141
33 515 0.0450431
33 516 -0.133227
33 519 0.011313
33 520 -0.0525205
33 521 0.0621883
33 522 -0.0625643
33 583 -0.627086
33 584 0.3842
33 585 -0.973988
33 586 0.543599
33 587 -0.0463422
33 588 -0.0463316
33 739 0.314051
33 740 -0.117461
33 741 0.329898
33 742 -0.895788
33 751 0.0754362
33 752 -0.0117016
33 753 0.0769661
33 754 -0.323029
33 827 0.000736156
33 828 0.000781686
33 830 0.000654312
34 12 -0.0623912
34 34 3.74662
34 87 -0.00222044
34 90 0.0768182
34 101 -0.0404269
34 119 0.469043
34 120 -0.734543
34 121 -0.804941
34 122 0.390501
34 331 -0.0593092
34 332 0.0099438
34 343 -0.0361815
34 344 -0.0362448
34 531 0.0531004
34 532 -0.140074
34 535 -0.00231352
34 536 -0.00813444
34 537 -1.14608
34 538 0.30432
34 553 -1.97691
34 554 1.05292
34 555 0.68419
34 556 -0.170509
34 557 -0.0354509
34 558 -0.0361297
34 771 0.482112
34 772 -0.173775
34 773 0.447237
34 774 -1.26201
34 783 0.0501819
34 784 0.0107375
34 785 0.00680073
34 786 -0.226843
34 807 0.00815487
34 808 0.00524256
34 810 0.00608323
35 0 -0.0742662
35 12 -0.06852
35 32 -0.00520116
35 35 3.55943
35 36 0.0751877
35 87 -0.0134905
35 89 -0.25988
35 102 -0.0294956
35 111 -0.0774219
35 112 0.0193977
35 123 0.487772
35 124 -0.789594
35 125 -0.863424
35 126 0.41268
35 127 -0.0381315
35 128 -0.0381249
35 331 -0.143706
35 332 0.0470277
35 339 -0.108586
35 340 -0.109215
35 539 -0.964865
35 540 0.252985
35 541 0.0360547
35 542 -0.0992462
35 545 0.00942935
35 546 -0.0355544
35 547 0.680615
35 548 -0.169929
35 549 -1.98003
35 550 1.05308
35 551 -0.0380307
35 552 -0.0375337
35 787 0.133175
35 788 -0.417773
35 789 0.097771
35 790 -0.0280981
35 791 0.334994
35 792 -0.115332
35 793 0.307039
35 794 -0.905232
35 803 0.00288424
35 804 0.00505141
35 806 0.00357206
36 0 -0.187656
36 13 -0.187571
36 35 0.0751877
36 36 3.72361
36 39 -0.0712868
36 66 -0.114999
36 89 -0.260225
36 125 -0.0376827
36 126 -0.0381929
36 127 0.731206
36 128 -1.45927
36 129 -1.37827
36 130 0.812709
36 141 -0.0387991
36 142 -0.0383675
36 247 -0.0475852
36 248 -0.0480888
36 341 -0.109559
36 342 -0.109937
36 363 -0.508198
36 364 0.330213
36 365 -0.855212
36 366 0.489711
36 367 -0.0388697
36 368 -0.0388158
36 547 -0.167612
36 548 0.676988
36 549 -0.0375885
36 550 -0.0375951
36 551 -1.98241
36 552 1.05424
36 595 0.00251826
36 596 0.00275608
36 598 0.00200239
36 803 0.00381767
36 805 0.00392139
36 806 0.00450549
37 13 -0.187362
37 37 3.73189
37 67 -0.0709415
37 91 0.075437
37 131 0.730732
37 132 -1.45802
37 133 -1.37792
37 134 0.813071
37 251 -0.0380864
37 252 -0.038448
37 347 -0.0379379
37 348 -0.0374977
37 369 -0.854695
37 370 0.489872
37 371 -0.50723
37 372 0.329956
37 373 -0.0382358
37 374 -0.0384715
37 559 -1.98155
37 560 1.05408
37 561 0.678302
37 562 -0.168191
37 563 -0.0372073
37 564 -0.0373826
37 599 0.00379055
37 600 0.0028076
37 602 0.00263565
37 811 0.0047648
37 812 0.00391595
37 814 0.00475662
38 14 0.0272115
38 38 3.26033
38 68 -0.0721692
38 83 -0.0277505
38 98 -0.0506923
38 135 0.132968
38 136 -0.169616
38 137 -0.18401
38 138 0.133856
38 255 -0.0396476
38 256 -0.0395616
38 315 -0.270922
38 316 0.0956426
38 375 -0.858818
38 376 0.490902
38 377 -0.512463
38 378 0.332016
38 379 -0.0397971
38 380 -0.0395852
38 507 -1.37168
38 508 0.367166
38 509 0.0787458
38 510 -0.203076
38 513 -0.0165463
38 514 0.0233568
38 603 0.000777161
38 604 0.00162839
38 606 0.00145644
38 723 -0.0528348
38 724 0.00150476
38 725 -0.106095
38 726 0.0601701
38 727 0.694287
38 728 -0.25801
38 729 0.651974
38 730 -1.78406
39 0 0.04484
39 14 0.0353928
39 31 -0.0408746
39 36 -0.0712868
39 39 3.73549
39 66 -0.115306
39 83 0.00619101
39 97 -0.0525442
39 109 0.138757
39 110 -0.383235
39 127 -0.0384221
39 128 -0.038406
39 139 0.114435
39 140 -0.145851
39 141 -0.169028
39 142 0.124358
39 249 -0.0483945
39 250 -0.0487862
39 315 -0.00763143
39 316 -0.0184535
39 363 0.332273
39 364 -0.511422
39 365 -0.0384766
39 366 -0.0388704
39 367 -0.857326
39 368 0.490741
39 499 0.118267
39 500 -0.301406
39 503 -0.0360003
39 504 0.0645376
39 505 -1.63218
39 506 0.435141
39 595 0.00334798
39 597 0.00175161
39 598 0.00283211
39 707 1.01101
39 708 -0.384073
39 709 0.960132
39 710 -2.56904
39 719 -0.19456
39 720 0.129413
39 721 -0.261702
39 722 0.307535
40 2 -0.130787
40 15 -0.130876
40 33 -0.087033
40 40 2.98363
40 47 -0.0870841
40 73 -0.0871289
40 94 -0.0870777
40 117 -0.0462646
40 118 -0.0462702
40 143 0.543911
40 144 -0.974493
40 145 -0.974169
40 146 0.54361
40 173 -0.0463531
40 174 -0.0462842
40 277 -0.046455
40 278 -0.0464514
40 361 -0.0463665
40 362 -0.0464374
40 417 0.384377
40 418 -0.627447
40 419 -0.037003
40 420 -0.0370682
40 421 -0.627285
40 422 0.384227
40 583 0.384549
40 584 -0.627632
40 585 -0.0369005
40 586 -0.0369657
40 587 -0.62747
40 588 0.384398
40 631 0.000774061
40 633 0.000506576
40 634 0.000591604
40 827 0.00087596
40 829 0.000608475
40 830 0.000795402
41 1 -0.131017
41 15 -0.130953
41 30 -0.0872248
41 41 2.98045
41 45 -0.0872759
41 74 -0.087244
41 93 -0.0871928
41 103 -0.0466019
41 104 -0.0465402
41 147 0.543868
41 148 -0.974698
41 149 -0.974467
41 150 0.543653
41 165 -0.0466288
41 166 -0.0466158
41 281 -0.046556
41 282 -0.0464964
41 357 -0.0464675
41 358 -0.0464825
41 423 0.384248
41 424 -0.627559
41 425 -0.0372473
41 426 -0.0372006
41 427 -0.627675
41 428 0.384356
41 577 0.38442
41 578 -0.627744
41 579 -0.0371447
41 580 -0.0370981
41 581 -0.62786
41 582 0.384527
41 635 0.000293672
41 637 0.000484733
41 638 0.000340488
41 823 0.000395571
41 825 0.000586632
41 826 0.000544286
42 1 0.0474887
42 16 0.0352854
42 30 0.0165738
42 42 4.31963
42 45 -0.0581084
42 71 -0.174836
42 81 -0.0435808
42 96 -0.0141388
42 103 0.0844814
42 104 -0.061091
42 151 0.148049
42 152 -0.321348
42 153 -0.257816
42 154 0.130409
42 165 -0.030932
42 166 -0.0309125
42 267 -0.0561301
42 268 -0.0560717
42 307 -0.421805
42 308 0.15333
42 399 -0.393658
42 400 0.281429
42 401 -1.31844
42 402 0.706221
42 403 -0.0497036
42 404 -0.0497936
42 491 -0.0667371
42 492 0.111762
42 495 0.14661
42 496 -0.391326
42 497 -1.49374
42 498 0.352639
42 619 0.000519009
42 620 0.000161689
42 622 0.000365655
42 691 -0.526353
42 692 0.264074
42 693 -0.491771
42 694 0.858805
42 703 1.32327
42 704 -0.500009
42 705 1.30299
42 706 -3.46852
43 16 0.0256178
43 43 3.46918
43 69 -0.0582906
43 81 0.00776733
43 95 -0.0216766
43 155 0.133007
43 156 -0.258559
43 157 -0.22008
43 158 0.139965
43 261 -0.0311806
43 262 -0.0311751
43 307 0.0241717
43 308 -0.0281923
43 387 0.706254
43 388 -1.31872
43 389 -0.0499732
43 390 -0.0499391
43 391 -0.393805
43 392 0.281332
43 483 -1.13952
43 484 0.282164
43 485 -0.0348578
43 486 0.052876
43 489 0.091983
43 490 -0.246508
43 611 6.10301e-06
43 613 0.00013415
43 614 7.63269e-05
43 675 0.831471
43 676 -2.18773
43 677 0.812974
43 678 -0.311041
43 679 -0.254488
43 680 0.139158
43 681 -0.246661
43 682 0.359747
44 17 -0.131011
44 44 3.05088
44 46 -0.131012
44 70 -0.0581036
44 72 -0.0872727
44 159 0.553169
44 160 -0.965247
44 161 -0.980773
44 162 0.537451
44 167 -0.0465957
44 168 -0.0465617
44 265 -0.04976
44 266 -0.0496751
44 273 -0.0372107
44 274 -0.037262
44 393 0.387321
44 394 -0.624316
44 395 -0.0309975
44 396 -0.0310204
44 397 -0.393008
44 398 0.281019
44 411 0.543878
44 412 -0.974812
44 413 -0.0465582
44 414 -0.0465735
44 415 -0.627898
44 416 0.384468
44 615 0.000422186
44 617 0.000325232
44 618 0.000244535
44 627 0.000430482
44 629 0.000365846
44 630 0.000455957
45 1 -0.131007
45 17 -0.131019
45 41 -0.0872759
45 42 -0.0581084
45 45 3.05057
45 71 -0.0872831
45 74 -0.131031
45 149 -0.0372055
45 150 -0.0372474
45 151 -0.0496532
45 152 -0.0497521
45 163 0.553104
45 164 -0.965204
45 165 -0.980875
45 166 0.53752
45 269 -0.0560206
45 270 -0.0559307
45 279 -0.0466408
45 280 -0.0465928
45 399 0.281067
45 400 -0.393091
45 401 -0.0310217
45 402 -0.0310337
45 403 -0.624312
45 404 0.387289
45 423 -0.627954
45 424 0.3845
45 425 -0.974809
45 426 0.543857
45 427 -0.0465744
45 428 -0.0465824
45 619 0.000370266
45 621 0.000323925
45 622 0.000222699
45 635 0.000395869
45 636 0.000364975
45 638 0.000441399
46 18 -0.130864
46 44 -0.131012
46 46 3.05319
46 72 -0.0872344
46 75 -0.0578158
46 159 -0.0465889
46 160 -0.0466108
46 167 0.553047
46 168 -0.964994
46 169 -0.980867
46 170 0.537651
46 271 -0.0371119
46 272 -0.0371725
46 285 -0.0493042
46 286 -0.0493871
46 411 -0.974408
46 412 0.543621
46 413 -0.627634
46 414 0.384339
46 415 -0.0466074
46 416 -0.0465667
46 435 0.387708
46 436 -0.624544
46 437 -0.0306099
46 438 -0.0305489
46 439 -0.393444
46 440 0.281598
46 627 0.000326767
46 628 0.000491404
46 630 0.000352242
46 643 0.000725159
46 645 0.000972115
46 646 0.00100605
47 2 -0.130668
47 18 -0.130776
47 40 -0.0870841
47 47 3.05685
47 49 -0.0575905
47 73 -0.130878
47 77 -0.0868227
47 143 -0.036909
47 144 -0.0369789
47 171 0.552982
47 172 -0.964638
47 173 -0.980655
47 174 0.53772
47 181 -0.0490138
47 182 -0.0490827
47 275 -0.0464456
47 276 -0.0464536
47 291 -0.0555752
47 292 -0.0554133
47 417 -0.627438
47 418 0.384372
47 419 -0.974155
47 420 0.543599
47 421 -0.0463792
47 422 -0.0464432
47 447 -0.393151
47 448 0.281646
47 449 -0.624164
47 450 0.387675
47 451 -0.0302677
47 452 -0.0303636
47 631 0.000772543
47 632 0.000512376
47 634 0.0005888
47 651 0.00139382
47 652 0.00100357
47 654 0.00136089
48 19 -0.129987
48 48 3.28661
48 76 -0.0573123
48 78 0.00160682
48 175 0.581647
48 176 -0.935683
48 177 -0.997391
48 178 0.518407
48 289 -0.0300984
48 290 -0.0300089
48 297 -0.0355402
48 298 -0.0357801
48 441 0.706061
48 442 -1.31663
48 443 -0.0487073
48 444 -0.0488412
48 445 -0.391297
48 446 0.280753
48 459 0.713057
48 460 -1.31055
48 461 -0.035293
48 462 -0.0354634
48 463 0.0773828
48 464 0.075166
48 647 0.00200411
48 649 0.00144434
48 650 0.00150115
48 659 0.00314405
48 661 0.00241557
48 662 0.00297601
49 2 -0.130299
49 19 -0.130165
49 47 -0.0575905
49 49 3.27932
49 51 0.00124875
49 77 -0.174203
49 80 -0.173684
49 173 -0.0304148
49 174 -0.0303114
49 179 0.581513
49 180 -0.936138
49 181 -0.99817
49 182 0.518573
49 189 -0.0359399
49 190 -0.0361798
49 293 -0.0552924
49 294 -0.055099
49 303 -0.0734003
49 304 -0.0732883
49 447 0.28085
49 448 -0.391904
49 449 -0.0491707
49 450 -0.0490928
49 451 -1.3171
49 452 0.706028
49 471 0.0765282
49 472 0.0753376
49 473 -1.31122
49 474 0.713057
49 475 -0.0358771
49 476 -0.0357813
49 651 0.00107585
49 653 0.00140635
49 654 0.00103713
49 667 0.00194972
49 668 0.00237251
49 670 0.00240827
50 20 -0.0376932
50 50 3.22564
50 79 0.00201605
50 85 -0.0191364
50 100 -0.0157552
50 183 0.332133
50 184 -0.574776
50 185 -0.608218
50 186 0.285808
50 301 -0.035169
50 302 -0.0352597
50 323 -0.190973
50 324 0.0669208
50 465 0.712713
50 466 -1.30917
50 467 -0.0347726
50 468 -0.0350922
50 469 0.0791273
50 470 0.0744794
50 523 -0.0154996
50 524 0.0141141
50 527 0.0614297
50 528 -0.167323
50 529 -0.884322
50 530 0.220417
50 663 0.00414851
50 665 0.00280864
50 666 0.00336908
50 755 -0.0991116
50 756 0.0672282
50 757 -0.0979448
50 758 0.0543753
50 767 0.559223
50 768 -0.20553
50 769 0.543979
50 770 -1.48983
51 2 -0.0490575
51 20 -0.0435933
51 33 -0.0136025
51 49 0.00124875
51 51 2.99886
51 80 -0.173581
51 85 -0.0010839
51 99 -0.00586979
51 117 0.0469919
51 118 -0.138253
51 181 -0.0360709
51 182 -0.0361616
51 187 0.346797
51 188 -0.615622
51 189 -0.654367
51 190 0.305647
51 305 -0.0731864
51 306 -0.0729999
51 323 -0.0331887
51 324 0.00266029
51 471 0.074651
51 472 0.077603
51 473 -0.0360081
51 474 -0.0357631
51 475 -1.31051
51 476 0.712713
51 515 -0.686969
51 516 0.167715
51 517 -0.0015503
51 518 -0.0161577
51 521 0.0428535
51 522 -0.120598
51 667 0.00167315
51 669 0.00270733
51 670 0.0021317
51 739 0.391339
51 740 -1.06767
51 741 0.38002
51 742 -0.13995
51 743 0.00659543
51 744 0.0186268
51 745 0.0075748
51 746 -0.167503
52 52 1
53 53 1
54 54 1
55 55 1
56 56 1
57 57 1
58 58 1
59 59 1
60 60 1
61 61 1
62 62 1
63 63 1
64 64 1
65 65 1
66 13 -0.0711765
66 14 -0.0717904
66 36 -0.114999
66 39 -0.115306
66 66 3.00417
66 67 -0.115171
66 68 -0.115478
66 129 -0.0383648
66 130 -0.0382578
66 139 -0.0394043
66 140 -0.0390636
66 247 0.332402
66 248 -0.511443
66 249 -0.509223
66 250 0.330342
66 251 -0.0383049
66 252 -0.0386637
66 255 -0.0394513
66 256 -0.0393625
66 363 -0.0478458
66 364 -0.0482935
66 365 0.49153
66 366 -0.858058
66 367 0.4905
66 368 -0.856948
66 381 0.490951
66 382 -0.857434
66 383 -0.0481918
66 384 -0.0486394
66 385 -0.856324
66 386 0.489921
66 596 0.00349435
66 597 0.00166016
66 598 0.0027291
66 607 0.00315044
66 609 0.00131625
66 610 0.00204128
67 13 -0.114826
67 37 -0.0709415
67 66 -0.115171
67 67 3.00825
67 68 -0.0716321
67 131 -0.0381546
67 132 -0.0379567
67 247 -0.047663
67 248 -0.0481666
67 251 0.491449
67 252 -0.85765
67 253 -0.856089
67 254 0.490001
67 257 -0.0392699
67 258 -0.0390901
67 369 -0.0379802
67 370 -0.038304
67 371 0.332531
67 372 -0.51126
67 373 0.49116
67 374 -0.857338
67 381 -0.856401
67 382 0.490291
67 383 -0.508763
67 384 0.330213
67 385 -0.0389407
67 386 -0.0392464
67 600 0.00384475
67 601 0.00253497
67 602 0.0036728
67 607 0.00287888
67 608 0.00160934
67 610 0.00178129
68 14 -0.115747
68 38 -0.0721692
68 66 -0.115478
68 67 -0.0716321
68 68 2.99552
68 137 -0.0398564
68 138 -0.0396067
68 249 -0.0484723
68 250 -0.048864
68 253 -0.0388769
68 254 -0.0391447
68 255 0.49042
68 256 -0.857544
68 257 -0.858203
68 258 0.491031
68 375 -0.03988
68 376 -0.0397561
68 377 0.330471
68 378 -0.510045
68 379 0.49013
68 380 -0.857232
68 381 -0.0388533
68 382 -0.0389953
68 383 0.332273
68 384 -0.511987
68 385 0.491321
68 386 -0.858515
68 604 0.0010061
68 605 0.00153051
68 606 0.000834147
68 608 0.00243906
68 609 0.00187442
68 610 0.00261101
69 16 -0.174927
69 43 -0.0582906
69 69 3.11815
69 70 -0.0582187
69 71 -0.0873886
69 155 -0.0499209
69 156 -0.0499639
69 259 0.706278
69 260 -1.31867
69 261 -1.31865
69 262 0.706262
69 263 -0.049893
69 264 -0.049838
69 267 -0.0561526
69 268 -0.0560956
69 387 -0.0312184
69 388 -0.0312204
69 389 0.387418
69 390 -0.624796
69 391 0.281163
69 392 -0.393541
69 405 0.281405
69 406 -0.393801
69 407 -0.0310775
69 408 -0.0310825
69 409 -0.625039
69 410 0.387643
69 612 7.41709e-05
69 613 6.31939e-05
69 614 1.11569e-05
69 623 0.000216043
69 625 0.00019836
69 626 0.000288195
70 17 -0.0872807
70 44 -0.0581036
70 69 -0.0582187
70 70 3.12008
70 71 -0.174841
70 161 -0.0309215
70 162 -0.030937
70 259 -0.0311344
70 260 -0.0311469
70 263 0.38737
70 264 -0.624591
70 265 -0.624938
70 266 0.387691
70 269 -0.0560464
70 270 -0.0559579
70 393 -0.0497599
70 394 -0.0496839
70 395 0.706302
70 396 -1.31854
70 397 0.281477
70 398 -0.393726
70 405 -0.393309
70 406 0.281091
70 407 -1.31847
70 408 0.706238
70 409 -0.0498884
70 410 -0.0498245
70 616 0.000212865
70 617 0.000512867
70 618 0.000426385
70 623 9.25329e-05
70 624 0.000365714
70 626 0.0001589
71 16 -0.0582187
71 17 -0.058118
71 42 -0.174836
71 45 -0.0872831
71 69 -0.0873886
71 70 -0.174841
71 71 3.11994
71 153 -0.0498106
71 154 -0.0498815
71 163 -0.0309415
71 164 -0.0309395
71 261 -0.0311496
71 262 -0.0311446
71 265 -0.0497915
71 266 -0.0497085
71 267 0.281115
71 268 -0.393347
71 269 -0.393711
71 270 0.281453
71 399 -0.0560332
71 400 -0.0559552
71 401 0.706278
71 402 -1.31853
71 403 0.387708
71 404 -0.624967
71 405 -0.0560702
71 406 -0.0561391
71 407 0.706262
71 408 -1.31851
71 409 0.387354
71 410 -0.624586
71 620 0.000185341
71 621 0.000496319
71 622 0.000387378
71 624 0.000376401
71 625 8.55384e-05
71 626 0.000167658
72 17 -0.13103
72 18 -0.130953
72 44 -0.0872727
72 46 -0.0872344
72 72 2.98032
72 73 -0.0872088
72 74 -0.0872472
72 161 -0.0466218
72 162 -0.0466321
72 169 -0.0465344
72 170 -0.0464888
72 271 0.543889
72 272 -0.974732
72 273 -0.974454
72 274 0.543632
72 275 -0.0464818
72 276 -0.0464902
72 279 -0.0466251
72 280 -0.0465775
72 411 -0.0371782
72 412 -0.0372341
72 413 0.384409
72 414 -0.627743
72 415 0.38428
72 416 -0.627604
72 429 0.384495
72 430 -0.627835
72 431 -0.0371269
72 432 -0.0371829
72 433 -0.627697
72 434 0.384366
72 628 0.00051885
72 629 0.000289577
72 630 0.000380974
72 639 0.0005698
72 641 0.000340527
72 642 0.000482873
73 15 -0.0871704
73 18 -0.0871672
73 40 -0.0871289
73 47 -0.130878
73 72 -0.0872088
73 73 2.98181
73 74 -0.130961
73 145 -0.0370235
73 146 -0.0370841
73 171 -0.0464536
73 172 -0.0463963
73 271 -0.0371004
73 272 -0.037161
73 275 0.384393
73 276 -0.627608
73 277 -0.627596
73 278 0.384382
73 281 -0.0465411
73 282 -0.0464818
73 417 -0.0463858
73 418 -0.0463872
73 419 0.5439
73 420 -0.974625
73 421 0.384522
73 422 -0.627746
73 429 -0.627457
73 430 0.384254
73 431 -0.974325
73 432 0.543621
73 433 -0.0465482
73 434 -0.0465516
73 632 0.000633377
73 633 0.000626059
73 634 0.000709801
73 639 0.00047321
73 640 0.000461422
73 642 0.000384998
74 15 -0.0872088
74 17 -0.0872823
74 41 -0.087244
74 45 -0.131031
74 72 -0.0872472
74 73 -0.130961
74 74 2.98022
74 147 -0.0371223
74 148 -0.0371736
74 163 -0.0466351
74 164 -0.0466338
74 273 -0.0371992
74 274 -0.0372505
74 277 -0.046492
74 278 -0.0464886
74 279 0.384264
74 280 -0.627595
74 281 -0.62786
74 282 0.384511
74 423 -0.0466233
74 424 -0.0465687
74 425 0.543642
74 426 -0.974473
74 427 0.384393
74 428 -0.627733
74 429 -0.0465024
74 430 -0.046555
74 431 0.543878
74 432 -0.974728
74 433 0.384382
74 434 -0.627722
74 636 0.000278546
74 637 0.000500501
74 638 0.00035497
74 640 0.000565137
74 641 0.000347652
74 642 0.000488713
75 18 -0.0869354
75 46 -0.0578158
75 75 3.12963
75 76 -0.0575857
75 77 -0.174323
75 169 -0.0306867
75 170 -0.0306183
75 283 0.387756
75 284 -0.624254
75 285 -0.623769
75 286 0.387305
75 287 -0.0303231
75 288 -0.0302516
75 291 -0.0555765
75 292 -0.0554131
75 435 -0.0493416
75 436 -0.0494335
75 437 0.706109
75 438 -1.31758
75 439 0.280898
75 440 -0.392348
75 453 0.28167
75 454 -0.39318
75 455 -0.0490088
75 456 -0.0491128
75 457 -1.31793
75 458 0.706431
75 644 0.00108085
75 645 0.000693032
75 646 0.000721187
75 655 0.00141906
75 657 0.00100443
75 658 0.00137079
76 19 -0.174064
76 48 -0.0573123
76 75 -0.0575857
76 76 3.13485
76 77 -0.086698
76 177 -0.0486605
76 178 -0.0487855
76 283 -0.049051
76 284 -0.0491638
76 287 0.706085
76 288 -1.31714
76 289 -1.31754
76 290 0.706455
76 293 -0.0552904
76 294 -0.0550956
76 441 -0.0299833
76 442 -0.0299013
76 443 0.387804
76 444 -0.623894
76 445 0.281743
76 446 -0.392847
76 453 -0.391858
76 454 0.280826
76 455 -0.623305
76 456 0.387257
76 457 -0.030419
76 458 -0.0303401
76 648 0.00150717
76 649 0.0018401
76 650 0.0019027
76 655 0.00107586
76 656 0.00140208
76 658 0.00103337
77 18 -0.0577151
77 19 -0.0574706
77 47 -0.0868227
77 49 -0.174203
77 75 -0.174323
77 76 -0.086698
77 77 3.13186
77 171 -0.0305655
77 172 -0.0304795
77 179 -0.0488607
77 180 -0.0489576
77 285 -0.0492319
77 286 -0.0493168
77 289 -0.030197
77 290 -0.030108
77 291 0.280874
77 292 -0.392145
77 293 -0.39303
77 294 0.281695
77 447 -0.0554325
77 448 -0.0552587
77 449 0.387321
77 450 -0.623609
77 451 0.706471
77 452 -1.31779
77 453 -0.0552493
77 454 -0.0554322
77 455 0.38774
77 456 -0.62406
77 457 0.706069
77 458 -1.31736
77 652 0.000864822
77 653 0.00158557
77 654 0.00121443
77 656 0.00160041
77 657 0.000859541
77 658 0.00122398
78 19 -0.173505
78 48 0.00160682
78 78 3.43453
78 79 0.00176028
78 80 -0.173428
78 177 -0.0356057
78 178 -0.035771
78 295 0.713143
78 296 -1.31047
78 297 -1.30918
78 298 0.711941
78 299 -0.0351092
78 300 -0.0352423
78 303 -0.073285
78 304 -0.0731731
78 459 -0.0352839
78 460 -0.0355289
78 461 0.712885
78 462 -1.3102
78 463 0.0748227
78 464 0.0779202
78 477 0.0753376
78 478 0.0773653
78 479 -0.0353191
78 480 -0.0355963
78 481 -1.30946
78 482 0.712199
78 660 0.00331146
78 661 0.00227728
78 662 0.00283773
78 671 0.00329627
78 673 0.00219057
78 674 0.00273583
79 20 -0.173198
79 50 0.00201605
79 78 0.00176028
79 79 3.43877
79 80 -0.173326
79 185 -0.0349724
79 186 -0.035287
79 295 -0.035091
79 296 -0.0353734
79 299 0.712799
79 300 -1.30977
79 301 -1.30921
79 302 0.712284
79 305 -0.0730712
79 306 -0.0728847
79 465 -0.0347999
79 466 -0.0348957
79 467 0.713228
79 468 -1.31023
79 469 0.0755093
79 470 0.0775151
79 477 0.0784401
79 478 0.074651
79 479 -1.30875
79 480 0.711855
79 481 -0.0354501
79 482 -0.0355781
79 664 0.00364628
79 665 0.0032235
79 666 0.00378394
79 671 0.0030197
79 672 0.00252539
79 674 0.00245925
80 19 0.00140221
80 20 0.00160682
80 49 -0.173684
80 51 -0.173581
80 78 -0.173428
80 79 -0.173326
80 80 3.43082
80 179 -0.0358697
80 180 -0.0359977
80 187 -0.0354875
80 188 -0.0357648
80 297 -0.0355549
80 298 -0.0357999
80 301 -0.035322
80 302 -0.0354178
80 303 0.0747369
80 304 0.0777198
80 305 0.0769798
80 306 0.0754235
80 471 -0.0734978
80 472 -0.0733486
80 473 0.711941
80 474 -1.30947
80 475 0.712284
80 476 -1.30984
80 477 -0.072836
80 478 -0.0729852
80 479 0.713143
80 480 -1.31077
80 481 0.712799
80 482 -1.3104
80 668 0.00193336
80 669 0.00254476
80 670 0.00194855
80 672 0.00305425
80 673 0.00244286
80 674 0.00296754
81 16 -0.0201067
81 28 -0.0322409
81 42 -0.0435808
81 43 0.00776733
81 81 4.29449
81 82 0.00934678
81 84 -0.0316376
81 95 0.147641
81 96 0.166605
81 153 0.127386
81 154 -0.325002
81 155 0.0701714
81 156 -0.0394781
81 307 0.348553
81 308 -1.33668
81 309 -1.33374
81 310 0.335459
81 313 -0.0416258
81 314 0.0666588
81 321 0.103412
81 322 -0.275796
81 483 -0.025512
81 484 0.0132356
81 485 0.269308
81 486 -0.178238
81 487 0.111295
81 488 -0.310387
81 493 -0.0332003
81 494 0.0303923
81 495 0.235626
81 496 -0.134127
81 497 0.143653
81 498 -0.389404
81 679 -0.301668
81 680 0.412019
81 681 -0.23908
81 682 0.146533
81 683 0.915016
81 684 -2.45939
81 685 0.937615
81 686 -0.351222
81 699 -0.294421
81 700 0.162507
81 701 -0.300078
81 702 0.44477
81 703 1.00149
81 704 -2.64098
81 705 1.0413
81 706 -0.401609
82 10 0.19163
82 28 0.170971
82 30 -0.0493042
82 31 0.0112181
82 81 0.00934678
82 82 4.78025
82 83 -0.0359034
82 96 -0.0290564
82 97 -0.0415805
82 105 0.163099
82 106 -0.441864
82 107 0.0386029
82 108 -0.0393321
82 309 -0.0304163
82 310 0.0191011
82 311 -0.165383
82 312 0.315897
82 313 0.357164
82 314 -0.217156
82 317 0.126584
82 318 -0.352437
82 491 0.143879
82 492 -0.365762
82 493 -1.5423
82 494 0.405045
82 495 -0.0467488
82 496 0.0856029
82 499 -0.049464
82 500 0.0822525
82 501 -1.53734
82 502 0.389959
82 503 0.117261
82 504 -0.311544
82 695 1.18152
82 696 -2.98943
82 697 1.13446
82 698 -0.455943
82 699 -0.285373
82 700 0.507609
82 701 -0.356742
82 702 0.171377
82 711 -0.354861
82 712 0.546326
82 713 -0.350771
82 714 0.190252
82 715 1.06453
82 716 -2.78525
82 717 1.03783
82 718 -0.399424
83 14 -0.0526204
83 28 -0.0429307
83 38 -0.0277505
83 39 0.00619101
83 82 -0.0359034
83 83 3.96805
83 84 0.00473299
83 97 0.176828
83 98 0.160745
83 137 0.0881654
83 138 -0.23469
83 139 0.0488407
83 140 -0.0318585
83 313 0.103803
83 314 -0.265612
83 315 0.378247
83 316 -1.44116
83 317 -1.43329
83 318 0.380318
83 321 -0.0292678
83 322 0.0501229
83 501 0.121568
83 502 -0.336542
83 503 0.429942
83 504 -0.19558
83 505 -0.0204503
83 506 0.00107243
83 507 0.0983197
83 508 -0.278525
83 509 0.450121
83 510 -0.22595
83 511 -0.0140044
83 512 -0.0127674
83 715 0.841062
83 716 -0.335561
83 717 0.885148
83 718 -2.25563
83 719 -0.211051
83 720 0.250272
83 721 -0.201817
83 722 0.12133
83 727 0.783369
83 728 -2.13061
83 729 0.811743
83 730 -0.300693
83 731 -0.211433
83 732 0.220138
83 733 -0.152105
83 734 0.106669
84 28 0.153709
84 81 -0.0316376
84 83 0.00473299
84 84 3.58969
84 95 -0.0322094
84 98 -0.0417948
84 309 0.106628
84 310 -0.295714
84 317 -0.0159456
84 318 -0.00426326
84 319 -0.185737
84 320 0.349746
84 321 0.334598
84 322 -0.160452
84 485 0.0915913
84 486 -0.235686
84 487 -1.24196
84 488 0.32686
84 489 -0.0234095
84 490 0.0372541
84 509 -0.0255007
84 510 0.0356498
84 511 -1.25058
84 512 0.325488
84 513 0.0774062
84 514 -0.207315
84 683 0.77673
84 684 -0.293959
84 685 0.739434
84 686 -1.98685
84 687 -0.116414
84 688 0.145701
84 689 -0.168293
84 690 0.0873541
84 731 -0.16016
84 732 0.0997644
84 733 -0.166296
84 734 0.171187
84 735 0.71161
84 736 -1.87548
84 737 0.687592
84 738 -0.262782
85 20 -0.0113122
85 29 -0.0197054
85 50 -0.0191364
85 51 -0.0010839
85 85 2.74837
85 86 -0.000418367
85 88 -0.0149954
85 99 0.0953112
85 100 0.106841
85 185 0.0551647
85 186 -0.146895
85 187 -0.00621271
85 188 -0.00395018
85 323 0.212712
85 324 -0.836073
85 325 -0.849337
85 326 0.21617
85 329 -0.00495273
85 330 -0.00789683
85 337 0.0467667
85 338 -0.129674
85 515 0.00426371
85 516 -0.0405923
85 517 0.167825
85 518 -0.10818
85 519 0.0525615
85 520 -0.154393
85 525 0.00125522
85 526 -0.0332483
85 527 0.168919
85 528 -0.0990789
85 529 0.0642395
85 530 -0.183381
85 743 -0.0175456
85 744 -0.146961
85 745 0.016104
85 746 0.0215434
85 747 0.417857
85 748 -1.17194
85 749 0.433702
85 750 -0.155502
85 763 -0.013367
85 764 0.0279781
85 765 -0.00975588
85 766 -0.133625
85 767 0.447336
85 768 -1.23414
85 769 0.470153
85 770 -0.173337
86 29 0.115211
86 85 -0.000418367
86 86 2.96002
86 87 -0.0168513
86 100 -0.0244699
86 101 -0.0326565
86 325 0.00279786
86 326 -0.0404735
86 327 -0.139554
86 328 0.288528
86 329 0.290468
86 330 -0.151724
86 333 0.0597099
86 334 -0.17473
86 523 0.061093
86 524 -0.160555
86 525 -1.00361
86 526 0.261316
86 527 -0.00756016
86 528 0.00272252
86 531 -0.00905313
86 532 0.00156829
86 533 -1.01731
86 534 0.265303
86 535 0.0522574
86 536 -0.142945
86 759 0.530014
86 760 -1.37923
86 761 0.500675
86 762 -0.195708
86 763 -0.00200751
86 764 -0.106206
86 765 -0.0419568
86 766 0.0318722
86 775 -0.0319404
86 776 -0.0890551
86 777 -0.0398974
86 778 0.0401441
86 779 0.489419
86 780 -1.31093
86 781 0.469049
86 782 -0.176234
87 12 -0.0353016
87 29 -0.027675
87 34 -0.00222044
87 35 -0.0134905
87 86 -0.0168513
87 87 2.76844
87 88 -0.00295655
87 101 0.123999
87 102 0.112794
87 121 0.000162679
87 122 -0.0182916
87 123 -0.112831
87 124 0.0403758
87 329 0.0468255
87 330 -0.125436
87 331 0.262435
87 332 -0.994463
87 333 -0.978122
87 334 0.255813
87 337 0.0015254
87 338 -0.017473
87 533 0.058087
87 534 -0.170915
87 535 0.315443
87 536 -0.146533
87 537 0.00862745
87 538 -0.0528098
87 539 0.0481085
87 540 -0.145603
87 541 0.312242
87 542 -0.153616
87 543 0.0116436
87 544 -0.0598516
87 779 0.390969
87 780 -0.150317
87 781 0.419499
87 782 -1.10947
87 783 0.0341585
87 784 -0.256195
87 785 0.0451682
87 786 0.00655627
87 791 0.368107
87 792 -1.05941
87 793 0.389029
87 794 -0.135774
87 795 0.0328652
87 796 -0.270736
87 797 0.0700205
87 798 -0.000431059
88 11 0.093259
88 29 0.103878
88 32 -0.01191
88 33 -0.00352766
88 85 -0.0149954
88 87 -0.00295655
88 88 2.58761
88 99 -0.0140819
88 102 -0.0219368
88 113 0.0418708
88 114 -0.127678
88 115 -0.0593534
88 116 0.012745
88 325 0.0508134
88 326 -0.150104
88 333 0.010276
88 334 -0.053209
