2445
381 381
0 0 4.16656
0 106 -1.11601
0 107 -0.670814
0 114 -0.664269
0 115 -1.06739
0 122 -0.180381
0 357 0.116814
0 377 -0.452632
1 1 5.39183
1 103 -1.16518
1 126 -0.747058
1 127 -0.414888
1 134 -0.746617
1 353 -2.29504
2 2 3.6364
2 110 -0.550017
2 123 -0.740222
2 138 -0.737218
2 142 -0.730681
2 146 -0.527412
2 365 -0.187149
3 3 1
4 4 1
5 5 1
6 6 1
7 7 1
8 8 1
9 9 1
10 10 5.00376
10 104 -1.11503
10 105 -1.11043
10 207 0.0576557
10 227 -0.745512
10 229 -0.495723
10 354 0.225908
10 358 -1.77766
11 11 3.27888
11 108 -0.617241
11 109 -0.599918
11 219 0.0438411
11 228 -0.742582
11 231 -0.492305
11 368 -0.488105
11 380 -0.248664
12 12 4.4119
12 112 -0.600846
12 113 -0.616194
12 217 -0.987761
12 221 0.449961
12 223 -1.46362
12 376 -0.608498
12 378 -0.228537
13 13 4.36171
13 116 -1.07746
13 117 -1.07971
13 175 -0.412252
13 177 -0.663282
13 222 0.423594
13 225 -1.49438
14 14 4.11404
14 120 -0.175444
14 121 -0.173577
14 176 -0.412252
14 179 -0.663282
14 209 -1.4335
14 360 -1.18945
14 362 -0.0315208
15 15 3.53517
15 124 -0.74364
15 125 -0.744616
15 190 -0.493892
15 192 -0.49438
15 230 -0.49438
15 232 -0.493892
16 16 4.45774
16 128 -0.299848
16 129 -0.281065
16 182 -0.99889
16 185 -0.331948
16 205 -1.30492
16 350 -1.39361
16 356 0.162633
17 17 3.61318
17 132 -0.744755
17 133 -0.745259
17 184 -0.494484
17 186 -0.328103
17 188 -0.745512
17 191 -0.495723
18 18 3.64418
18 136 -0.740239
18 137 -0.739522
18 187 -0.742582
18 189 -0.492305
18 194 -0.487159
18 197 -0.320046
19 19 4.00365
19 140 -0.720161
19 141 -0.723004
19 196 -0.976185
19 198 -0.310708
19 200 -0.965794
19 203 0.0325581
20 20 3.76172
20 144 -0.483522
20 145 -0.492715
20 202 -0.965794
20 204 0.0325581
20 213 -0.769493
20 366 -0.663192
20 372 -0.0979014
21 21 1
22 22 1
23 23 1
24 24 1
25 25 1
26 26 1
27 27 1
28 28 4.84896
28 206 -1.34241
28 208 0.141381
28 210 -1.36185
28 212 0.15242
28 351 0.0450111
28 355 -1.35044
28 359 0.0608605
28 363 -1.18165
29 29 3.3424
29 214 -0.857598
29 216 0.136708
29 218 -0.88899
29 220 0.116122
29 367 -0.169923
29 371 -0.657446
29 375 -0.162201
29 379 -0.594764
30 30 5.30792
30 103 -1.14041
30 104 -1.12449
30 297 -0.0833159
30 340 -0.496516
30 341 -0.746325
30 353 0.301226
30 354 -1.98542
31 31 4.80822
31 105 -1.10956
31 106 -1.11162
31 301 0.17208
31 337 -0.744616
31 338 -0.494848
31 357 -1.63083
31 358 0.166418
32 32 3.29118
32 107 -0.652715
32 108 -0.634849
32 324 0.100328
32 337 -0.74364
32 339 -0.493383
32 377 -0.277561
32 380 -0.467663
33 33 3.2767
33 109 -0.582914
33 110 -0.566266
33 312 -0.0153625
33 343 -0.491145
33 344 -0.741443
33 365 -0.515254
33 368 -0.218624
34 34 4.58144
34 111 -0.57176
34 112 -0.585997
34 320 -1.06967
34 328 -1.44988
34 329 0.463145
34 373 -0.710517
34 376 -0.182627
35 35 4.276
35 113 -0.63194
35 114 -0.647992
35 321 -0.912184
35 325 0.438975
35 326 -1.47515
35 377 -0.271294
35 378 -0.523677
36 36 4.39553
36 115 -1.07129
36 116 -1.07465
36 233 -0.406759
36 234 -0.658338
36 325 0.430186
36 327 -1.48833
37 37 4.34108
37 117 -1.08142
37 118 -1.08258
37 236 -0.666028
37 237 -0.415548
37 331 -1.49822
37 332 0.4192
38 38 3.85648
38 119 -0.183379
38 120 -0.1788
38 239 -0.666028
38 240 -0.415548
38 305 -1.31335
38 361 -0.0910362
38 362 -0.99958
39 39 4.45521
39 121 -0.173511
39 122 -0.175625
39 233 -0.406759
39 235 -0.658338
39 304 -1.57122
39 357 -1.4289
39 360 0.0367208
40 40 3.54787
40 123 -0.741443
40 124 -0.742582
40 260 -0.491735
40 262 -0.492305
40 343 -0.491735
40 345 -0.492305
41 41 3.52443
41 125 -0.745512
41 126 -0.746325
41 263 -0.49613
41 265 -0.495723
41 340 -0.49613
41 342 -0.495723
42 42 5.03336
42 127 -0.363527
42 128 -0.326468
42 251 -0.330545
42 252 -0.997608
42 300 -1.51219
42 353 0.275953
42 356 -1.7583
43 43 4.06324
43 129 -0.268306
43 130 -0.260264
43 245 -0.999683
43 247 -0.332864
43 293 -1.14307
43 349 -1.13191
43 350 0.0758533
44 44 3.61951
44 131 -0.743672
44 132 -0.744226
44 248 -0.493263
44 250 -0.326913
44 257 -0.744616
44 259 -0.494848
45 45 3.60745
45 133 -0.745737
45 134 -0.74619
45 251 -0.329171
45 253 -0.495582
45 263 -0.496516
45 264 -0.746325
46 46 3.63587
46 135 -0.741597
46 136 -0.740931
46 257 -0.74364
46 258 -0.493383
46 269 -0.488868
46 271 -0.321786
47 47 3.6531
47 137 -0.738779
47 138 -0.738011
47 260 -0.491145
47 261 -0.741443
47 275 -0.318185
47 276 -0.485328
48 48 4.03948
48 139 -0.714046
48 140 -0.717174
48 272 -0.971119
48 274 -0.305764
48 281 -0.958795
48 283 0.039394
49 49 3.97124
49 141 -0.725706
49 142 -0.728265
49 275 -0.315164
49 277 -0.980762
49 287 0.0263732
49 288 -0.972142
50 50 3.93187
50 143 -0.470035
50 144 -0.475868
50 284 -0.958795
50 286 0.039394
50 316 -0.866314
50 369 -0.0457983
50 372 -0.779652
51 51 3.63277
51 145 -0.503217
51 146 -0.514835
51 287 0.0263732
51 289 -0.972142
51 309 -0.683457
51 365 -0.570869
51 366 -0.144567
52 52 1
53 53 1
54 54 1
55 55 1
56 56 1
57 57 1
58 58 1
59 59 1
60 60 1
61 61 1
62 62 1
63 63 1
64 64 1
65 65 1
66 66 3.52652
66 175 -0.412252
66 176 -0.412252
66 234 -0.661084
66 235 -0.661084
66 242 -0.663282
66 244 -0.663282
67 67 3.50674
67 177 -0.66493
67 178 -0.666028
67 237 -0.415548
67 238 -0.666028
67 242 -0.66493
67 243 -0.415548
68 68 3.50674
68 179 -0.66493
68 180 -0.666028
68 240 -0.415548
68 241 -0.666028
68 243 -0.415548
68 244 -0.66493
69 69 3.67588
69 181 -0.99831
69 182 -0.998615
69 246 -0.498756
69 247 -0.332223
69 254 -0.331307
69 256 -0.498146
70 70 3.69016
70 183 -0.496559
70 184 -0.495582
70 249 -0.995838
70 250 -0.328652
70 254 -0.330117
70 255 -0.996326
71 71 3.68467
71 185 -0.330941
71 186 -0.329659
71 252 -0.997211
71 253 -0.496559
71 255 -0.996784
71 256 -0.497413
72 72 3.53517
72 187 -0.74364
72 188 -0.744616
72 258 -0.493892
72 259 -0.49438
72 266 -0.493892
72 268 -0.49438
73 73 3.54128
73 189 -0.492854
73 190 -0.493383
73 261 -0.742582
73 262 -0.492854
73 266 -0.493383
73 267 -0.74364
74 74 3.52956
74 191 -0.495295
74 192 -0.494848
74 264 -0.745512
74 265 -0.495295
74 267 -0.744616
74 268 -0.494848
75 75 3.76048
75 193 -0.483375
75 194 -0.485328
75 270 -0.984852
75 271 -0.319131
75 278 -0.316201
75 280 -0.983875
76 76 3.79893
76 195 -0.978534
76 196 -0.977375
76 273 -0.476783
76 274 -0.309518
76 278 -0.312997
76 279 -0.479103
77 77 3.77256
77 197 -0.317208
77 198 -0.314096
77 276 -0.483375
77 277 -0.98183
77 279 -0.4813
77 280 -0.982868
78 78 4.23637
78 199 -0.958795
78 200 -0.962376
78 282 -0.958795
78 283 0.039394
78 290 0.039394
78 292 -0.962376
79 79 4.23637
79 201 -0.958795
79 202 -0.962376
79 285 -0.958795
79 286 0.039394
79 290 0.039394
79 291 -0.962376
80 80 4.19536
80 203 0.0325581
80 204 0.0325581
80 288 -0.969049
80 289 -0.969049
80 291 -0.965794
80 292 -0.965794
81 81 5.08946
81 205 -1.31318
81 206 -1.32596
81 294 0.0639725
81 299 0.0445534
81 350 0.0908547
81 351 -1.27071
81 355 0.107399
81 356 -1.47769
82 82 5.66944
82 207 0.0959014
82 208 0.12309
82 298 -1.50891
82 302 -1.51932
82 354 -1.66972
82 355 0.125499
82 358 0.145167
82 359 -1.43705
83 83 4.70028
83 209 -1.40776
83 210 -1.38377
83 303 0.225893
83 306 0.230937
83 359 -1.25804
83 360 0.0201157
83 362 -1.11572
83 363 0.00478042
84 84 4.24918
84 211 0.157599
84 212 0.157489
84 295 -1.20429
84 307 -1.22925
84 351 -1.11131
84 352 -0.0221539
84 363 -0.00930373
84 364 -0.984422
85 85 3.34397
85 213 -0.797715
85 214 -0.827132
85 310 0.0529206
85 315 0.0716155
85 366 -0.138358
85 367 -0.624175
85 371 -0.131088
85 372 -0.694872
86 86 3.61116
86 215 0.170989
86 216 0.155105
86 314 -0.946887
86 318 -0.97622
86 370 -0.772754
86 371 -0.122744
86 374 -0.113312
86 375 -0.695113
87 87 3.36654
87 217 -0.954153
87 218 -0.921204
87 319 0.198142
87 322 0.175955
87 375 -0.629343
87 376 -0.19173
87 378 -0.572832
87 379 -0.199863
88 88 3.13655
88 219 0.0694619
88 220 0.0936259
88 311 -0.776826
88 323 -0.809669
88 367 -0.564213
88 368 -0.213295
88 379 -0.207046
88 380 -0.512619
89 89 5.27259
89 221 0.438975
89 222 0.430186
89 326 -1.48009
89 327 -1.48449
89 334 -1.48009
89 336 -1.48449
90 90 5.33192
90 223 -1.46966
90 224 -1.47515
90 329 0.449961
90 330 -1.46966
90 334 -1.47515
90 335 0.438975
91 91 5.22645
91 225 -1.49163
91 226 -1.48833
91 332 0.423594
91 333 -1.49163
91 335 0.430186
91 336 -1.48833
92 92 3.53517
92 227 -0.744616
92 228 -0.74364
92 338 -0.49438
92 339 -0.493892
92 346 -0.49438
92 348 -0.493892
93 93 3.52956
93 229 -0.495295
93 230 -0.494848
93 341 -0.745512
93 342 -0.495295
93 346 -0.494848
93 347 -0.744616
94 94 3.54128
94 231 -0.492854
94 232 -0.493383
94 344 -0.742582
94 345 -0.492854
94 347 -0.74364
94 348 -0.493383
95 95 4.38525
95 293 -1.16076
95 294 0.0755555
95 295 -1.18133
95 296 0.0807565
95 349 0.0174214
95 350 -1.19786
95 351 0.030536
95 352 -1.04703
96 96 6.08652
96 297 -0.0260646
96 298 -1.50333
96 299 0.0153918
96 300 -1.50385
96 353 -1.86715
96 354 0.203011
96 355 -1.56973
96 356 0.181923
97 97 5.40121
97 301 0.19776
97 302 -1.53363
97 303 0.215216
97 304 -1.55111
97 357 0.096745
97 358 -1.53052
97 359 0.0780997
97 360 -1.34046
98 98 4.17415
98 305 -1.284
98 306 0.231267
98 307 -1.2559
98 308 0.227628
98 361 -0.937718
98 362 -0.0453123
98 363 -1.04737
98 364 -0.0579634
99 99 3.12711
99 309 -0.713615
99 310 0.0320095
99 311 -0.744776
99 312 0.00916703
99 365 -0.182385
99 366 -0.595311
99 367 -0.176646
99 368 -0.537705
100 100 3.63271
100 313 0.100953
100 314 -0.918674
100 315 0.087759
100 316 -0.891749
100 369 -0.820125
100 370 -0.0809074
100 371 -0.731397
100 372 -0.0899857
101 101 3.62214
101 317 0.236571
101 318 -1.00654
101 319 0.218439
101 320 -1.03772
101 373 -0.143697
101 374 -0.737158
101 375 -0.153464
101 376 -0.667933
102 102 3.16743
102 321 -0.877415
102 322 0.15212
102 323 -0.843222
102 324 0.126848
102 377 -0.493944
102 378 -0.236135
102 379 -0.540867
102 380 -0.242838
103 1 -1.16518
103 30 -1.14041
103 103 5.52185
103 126 -0.496882
103 127 0.348145
103 297 -2.12366
103 340 -0.746702
103 353 -0.16898
104 10 -1.11503
104 30 -1.12449
104 104 5.13877
104 207 -1.87201
104 229 -0.745929
104 297 0.261046
104 341 -0.49613
104 354 -0.00864507
105 10 -1.11043
105 31 -1.10956
105 105 4.89539
105 207 0.194643
105 227 -0.495295
105 301 -1.69826
105 338 -0.745074
105 358 0.117446
106 0 -1.11601
106 31 -1.11162
106 106 4.73822
106 107 -0.744138
106 122 -1.57309
106 301 0.140626
106 337 -0.49438
106 357 0.222568
107 0 -0.670814
107 32 -0.652715
107 106 -0.744138
107 107 3.30052
107 114 -0.29165
107 324 -0.459539
107 337 -0.493892
107 377 0.127719
108 11 -0.617241
108 32 -0.634849
108 108 3.28389
108 219 -0.477136
108 228 -0.492854
108 324 -0.263241
108 339 -0.743121
108 380 0.0723891
109 11 -0.599918
109 33 -0.582914
109 109 3.27638
109 219 -0.233803
109 231 -0.742022
109 312 -0.500745
109 344 -0.491735
109 368 0.0146165
110 2 -0.550017
110 33 -0.566266
110 110 3.28017
110 123 -0.490535
110 146 -0.531867
110 312 -0.203088
110 343 -0.740842
110 365 -0.0461857
111 34 -0.57176
111 111 4.68064
111 320 -0.158286
111 328 0.470561
111 373 -1.1136
112 12 -0.600846
112 34 -0.585997
112 112 4.49213
112 217 -0.206014
112 223 0.456278
112 320 -0.657103
112 329 -1.45702
112 376 -1.02781
113 12 -0.616194
113 35 -0.63194
113 113 4.34006
113 217 -0.564173
113 221 -1.46966
113 321 -0.250275
113 326 0.444194
113 378 -0.949289
114 0 -0.664269
114 35 -0.647992
114 107 -0.29165
114 114 4.21924
114 115 0.434306
114 321 -0.486611
114 325 -1.48009
114 377 -0.876261
115 0 -1.06739
115 36 -1.07129
115 114 0.434306
115 115 4.41738
115 122 -0.403188
115 233 -0.655042
115 325 -1.48449
116 13 -1.07746
116 36 -1.07465
116 116 4.37697
116 175 -0.661084
116 222 -1.49163
116 234 -0.40978
116 327 0.426615
117 13 -1.07971
117 37 -1.08142
117 117 4.34975
117 177 -0.414174
117 225 0.421122
117 237 -0.66493
117 332 -1.49657
118 37 -1.08258
118 118 4.33571
118 236 -0.416372
118 331 0.417826
119 38 -0.183379
119 119 3.75294
119 239 -0.416372
119 305 -0.918973
119 361 -1.25824
120 14 -0.175444
120 38 -0.1788
120 120 3.97615
120 179 -0.414174
120 209 -1.08925
120 240 -0.66493
120 305 -0.062222
120 362 -1.37158
121 14 -0.173577
121 39 -0.173511
121 121 4.27267
121 176 -0.661084
121 209 0.0013457
121 235 -0.40978
121 304 -1.30193
121 360 -1.49977
122 0 -0.180381
122 39 -0.175625
122 106 -1.57309
122 115 -0.403188
122 122 4.66562
122 233 -0.655042
122 304 0.0750314
122 357 -1.64885
123 2 -0.740222
123 40 -0.741443
123 110 -0.490535
123 123 3.55495
123 138 -0.490535
123 260 -0.491145
123 343 -0.491145
124 15 -0.74364
124 40 -0.742582
124 124 3.54128
124 190 -0.493383
124 232 -0.493383
124 262 -0.492854
124 345 -0.492854
125 15 -0.744616
125 41 -0.745512
125 125 3.52956
125 192 -0.494848
125 230 -0.494848
125 265 -0.495295
125 342 -0.495295
126 1 -0.747058
126 41 -0.746325
126 103 -0.496882
126 126 3.51979
126 134 -0.496882
126 263 -0.496516
126 340 -0.496516
127 1 -0.414888
127 42 -0.363527
127 103 0.348145
127 127 5.42417
127 134 -0.329659
127 251 -0.996784
127 300 -1.99868
127 353 -1.64176
128 16 -0.299848
128 42 -0.326468
128 128 4.71711
128 185 -0.99831
128 205 -1.55985
128 252 -0.331307
128 300 0.215065
128 356 -1.4014
129 16 -0.281065
129 43 -0.268306
129 129 4.24279
129 182 -0.332467
129 205 0.116693
129 247 -0.999347
129 293 -1.25266
129 350 -1.21958
130 43 -0.260264
130 130 3.9124
130 245 -0.333139
130 293 0.0390939
130 349 -1.07365
131 44 -0.743672
131 131 3.62291
131 135 -0.744138
131 248 -0.326272
131 257 -0.49438
132 17 -0.744755
132 44 -0.744226
132 132 3.61627
132 184 -0.327523
132 188 -0.495295
132 250 -0.493889
132 259 -0.745074
133 17 -0.745259
133 45 -0.745737
133 133 3.61024
133 186 -0.495048
133 191 -0.745929
133 253 -0.328652
133 264 -0.49613
134 1 -0.746617
134 45 -0.74619
134 126 -0.496882
134 127 -0.329659
134 134 3.60482
134 251 -0.496086
134 263 -0.746702
135 46 -0.741597
135 131 -0.744138
135 135 3.63195
135 257 -0.493892
135 269 -0.32261
136 18 -0.740239
136 46 -0.740931
136 136 3.63995
136 187 -0.492854
136 194 -0.320931
136 258 -0.743121
136 271 -0.488029
137 18 -0.739522
137 47 -0.738779
137 137 3.64857
137 189 -0.742022
137 197 -0.486259
137 261 -0.491735
137 276 -0.319131
138 2 -0.737218
138 47 -0.738011
138 123 -0.490535
138 138 3.65779
138 142 -0.317208
138 260 -0.740842
138 275 -0.484367
139 48 -0.714046
139 139 4.05867
139 272 -0.303109
139 281 0.0430562
140 19 -0.720161
140 48 -0.717174
140 140 4.02114
140 196 -0.308297
140 200 0.0358947
140 274 -0.973713
140 283 -0.962376
141 19 -0.723004
141 49 -0.725706
141 141 3.98702
141 198 -0.978534
141 203 -0.969049
141 277 -0.312997
141 288 0.0293843
142 2 -0.730681
142 49 -0.728265
142 138 -0.317208
142 142 3.95632
142 146 0.0235249
142 275 -0.982868
142 287 -0.975071
143 50 -0.470035
143 143 4.03659
143 284 0.0430562
143 316 -0.849453
143 369 -0.919917
144 20 -0.483522
144 50 -0.475868
144 144 3.8409
144 202 0.0358947
144 213 -0.717952
144 286 -0.962376
144 316 -0.0726373
144 372 -0.816348
145 20 -0.492715
145 51 -0.503217
145 145 3.69278
145 204 -0.969049
145 213 -0.121817
145 289 0.0293843
145 309 -0.614426
145 366 -0.725316
146 2 -0.527412
146 51 -0.514835
146 110 -0.531867
146 142 0.0235249
146 146 3.58064
146 287 -0.975071
146 309 -0.166303
146 365 -0.643613
147 147 1
148 148 1
149 149 1
150 150 1
151 151 1
152 152 1
153 153 1
154 154 1
155 155 1
156 156 1
157 157 1
158 158 1
159 159 1
160 160 1
161 161 1
162 162 1
163 163 1
164 164 1
165 165 1
166 166 1
167 167 1
168 168 1
169 169 1
170 170 1
171 171 1
172 172 1
173 173 1
174 174 1
175 13 -0.412252
175 66 -0.412252
175 116 -0.661084
175 175 3.52652
175 177 -0.663282
175 234 -0.661084
175 242 -0.663282
176 14 -0.412252
176 66 -0.412252
176 121 -0.661084
176 176 3.52652
176 179 -0.663282
176 235 -0.661084
176 244 -0.663282
177 13 -0.663282
177 67 -0.66493
177 117 -0.414174
177 175 -0.663282
177 177 3.51498
177 237 -0.66493
177 242 -0.414174
178 67 -0.666028
178 178 3.5018
178 180 -0.416372
178 238 -0.416372
178 243 -0.666028
179 14 -0.663282
179 68 -0.66493
179 120 -0.414174
179 176 -0.663282
179 179 3.51498
179 240 -0.66493
179 244 -0.414174
180 68 -0.666028
180 178 -0.416372
180 180 3.5018
180 241 -0.416372
180 243 -0.666028
181 69 -0.99831
181 181 3.6778
181 183 -0.330941
181 246 -0.331948
181 254 -0.497795
182 16 -0.99889
182 69 -0.998615
182 129 -0.332467
182 182 3.67414
182 185 -0.498466
182 247 -0.499016
182 256 -0.331643
183 70 -0.496559
183 181 -0.330941
183 183 3.68467
183 249 -0.329659
183 254 -0.997211
184 17 -0.494484
184 70 -0.495582
184 132 -0.327523
184 184 3.69639
184 186 -0.995319
184 250 -0.99477
184 255 -0.329171
185 16 -0.331948
185 71 -0.330941
185 128 -0.99831
185 182 -0.498466
185 185 3.6778
185 252 -0.497795
185 256 -0.997974
186 17 -0.328103
186 71 -0.329659
186 133 -0.495048
186 184 -0.995319
186 186 3.69318
186 253 -0.995838
186 255 -0.496086
187 18 -0.742582
187 72 -0.74364
187 136 -0.492854
187 187 3.54128
187 189 -0.492854
187 258 -0.493383
187 266 -0.493383
188 17 -0.745512
188 72 -0.744616
188 132 -0.495295
188 188 3.52956
188 191 -0.495295
188 259 -0.494848
188 268 -0.494848
189 18 -0.492305
189 73 -0.492854
189 137 -0.742022
189 187 -0.492854
189 189 3.54451
189 261 -0.492305
189 266 -0.743121
190 15 -0.493892
190 73 -0.493383
190 124 -0.493383
190 190 3.53816
190 192 -0.744138
190 262 -0.743121
190 267 -0.493892
191 17 -0.495723
191 74 -0.495295
191 133 -0.745929
191 188 -0.495295
191 191 3.52693
191 264 -0.495723
191 268 -0.745074
192 15 -0.49438
192 74 -0.494848
192 125 -0.494848
192 190 -0.744138
192 192 3.5323
192 265 -0.745074
192 267 -0.49438
193 75 -0.483375
193 193 3.77256
193 195 -0.314096
193 270 -0.317208
193 278 -0.98183
194 18 -0.487159
194 75 -0.485328
194 136 -0.320931
194 194 3.74912
194 197 -0.985798
194 271 -0.986713
194 280 -0.318185
195 76 -0.978534
195 193 -0.314096
195 195 3.79206
195 273 -0.310708
195 278 -0.480217
196 19 -0.976185
196 76 -0.977375
196 140 -0.308297
196 196 3.80598
196 198 -0.477958
196 274 -0.475578
196 279 -0.311868
197 18 -0.320046
197 77 -0.317208
197 137 -0.486259
197 194 -0.985798
197 197 3.75471
197 276 -0.984852
197 280 -0.484367
198 19 -0.310708
198 77 -0.314096
198 141 -0.978534
198 196 -0.477958
198 198 3.79206
198 277 -0.480217
198 279 -0.979664
199 78 -0.958795
199 199 4.25835
199 201 0.0430562
199 282 0.0430562
199 290 -0.958795
200 19 -0.965794
200 78 -0.962376
200 140 0.0358947
200 200 4.21538
200 203 -0.965794
200 283 -0.962376
200 292 0.0358947
201 79 -0.958795
201 199 0.0430562
201 201 4.25835
201 285 0.0430562
201 290 -0.958795
202 20 -0.965794
202 79 -0.962376
202 144 0.0358947
202 202 4.21538
202 204 -0.965794
202 286 -0.962376
202 291 0.0358947
203 19 0.0325581
203 80 0.0325581
203 141 -0.969049
203 200 -0.965794
203 203 4.19536
203 288 -0.969049
203 292 -0.965794
204 20 0.0325581
204 80 0.0325581
204 145 -0.969049
204 202 -0.965794
204 204 4.19536
204 289 -0.969049
204 291 -0.965794
205 16 -1.30492
205 81 -1.31318
205 128 -1.55985
205 129 0.116693
205 205 5.25749
205 294 -1.32702
205 299 0.133677
205 350 0.0146446
205 356 -0.0103292
206 28 -1.34241
206 81 -1.32596
206 206 4.95543
206 208 0.0832608
206 212 -1.22274
206 294 0.0670907
206 299 -1.40877
206 351 0.109678
206 355 0.0948262
207 10 0.0576557
207 82 0.0959014
207 104 -1.87201
207 105 0.194643
207 207 6.19409
207 298 0.172639
207 302 -1.59441
207 354 -1.60714
207 358 -1.61095
208 28 0.141381
208 82 0.12309
208 206 0.0832608
208 208 5.22615
208 210 -1.3007
208 298 -1.49791
208 302 0.100897
208 355 -1.42136
208 359 -1.43685
209 14 -1.4335
209 83 -1.40776
209 120 -1.08925
209 121 0.0013457
209 209 4.65129
209 303 -1.22126
209 306 -0.013784
209 360 0.264788
209 362 0.267432
210 28 -1.36185
210 83 -1.38377
210 208 -1.3007
210 210 4.76518
210 212 0.0243181
210 303 0.0398915
210 306 -1.14627
210 359 0.184895
210 363 0.192707
211 84 0.157599
211 211 4.01057
211 295 -1.0134
211 307 -0.0404548
211 352 -1.1429
211 364 -1.16977
212 28 0.15242
212 84 0.157489
212 206 -1.22274
212 210 0.0243181
212 212 4.5263
212 295 0.0100526
212 307 -1.07698
212 351 -1.27046
212 363 -1.29299
213 20 -0.769493
213 85 -0.797715
213 144 -0.717952
213 145 -0.121817
213 213 3.35677
213 310 -0.642319
213 315 -0.114792
213 366 0.0197801
213 372 0.0373802
214 29 -0.857598
214 85 -0.827132
214 214 3.33954
214 216 -0.146869
214 220 -0.608418
214 310 -0.154371
214 315 -0.674836
214 367 0.084993
214 371 0.104677
215 86 0.170989
215 215 3.77454
215 314 -0.097399
215 318 -0.753684
215 370 -0.995548
215 374 -1.02355
216 29 0.136708
216 86 0.155105
216 214 -0.146869
216 216 3.46794
216 218 -0.642374
216 314 -0.711962
216 318 -0.138325
216 371 -0.901026
216 375 -0.931477
217 12 -0.987761
217 87 -0.954153
217 112 -0.206014
217 113 -0.564173
217 217 3.38641
217 319 -0.618117
217 322 -0.21434
217 376 0.227734
217 378 0.204827
218 29 -0.88899
218 87 -0.921204
218 216 -0.642374
218 218 3.35166
218 220 -0.185071
218 319 -0.177139
218 322 -0.58297
218 375 0.167829
218 379 0.146413
219 11 0.0438411
219 88 0.0694619
219 108 -0.477136
219 109 -0.233803
219 219 3.05307
219 311 -0.524269
219 323 -0.228218
219 368 -0.738979
219 380 -0.772367
220 29 0.116122
220 88 0.0936259
220 214 -0.608418
220 218 -0.185071
220 220 3.23251
220 311 -0.19203
220 323 -0.551682
220 367 -0.816288
220 379 -0.84847
221 12 0.449961
221 89 0.438975
221 113 -1.46966
221 221 5.33192
221 223 -1.46966
221 326 -1.47515
221 334 -1.47515
222 13 0.423594
222 89 0.430186
222 116 -1.49163
222 222 5.22645
222 225 -1.49163
222 327 -1.48833
222 336 -1.48833
223 12 -1.46362
223 90 -1.46966
223 112 0.456278
223 221 -1.46966
223 223 5.36653
223 329 -1.46362
223 334 0.444194
224 90 -1.47515
224 224 5.30061
224 226 0.434306
224 330 0.444194
224 335 -1.48009
225 13 -1.49438
225 91 -1.49163
225 117 0.421122
225 222 -1.49163
225 225 5.20832
225 332 -1.49438
225 336 0.426615
226 91 -1.48833
226 224 0.434306
226 226 5.24787
226 333 0.426615
226 335 -1.48449
227 10 -0.745512
227 92 -0.744616
227 105 -0.495295
227 227 3.52956
227 229 -0.495295
227 338 -0.494848
227 346 -0.494848
228 11 -0.742582
228 92 -0.74364
228 108 -0.492854
228 228 3.54128
228 231 -0.492854
228 339 -0.493383
228 348 -0.493383
229 10 -0.495723
229 93 -0.495295
229 104 -0.745929
229 227 -0.495295
229 229 3.52693
229 341 -0.495723
229 346 -0.745074
230 15 -0.49438
230 93 -0.494848
230 125 -0.494848
230 230 3.5323
230 232 -0.744138
230 342 -0.745074
230 347 -0.49438
231 11 -0.492305
231 94 -0.492854
231 109 -0.742022
231 228 -0.492854
231 231 3.54451
231 344 -0.492305
231 348 -0.743121
232 15 -0.493892
232 94 -0.493383
232 124 -0.493383
232 230 -0.744138
232 232 3.53816
232 345 -0.743121
232 347 -0.493892
233 36 -0.406759
233 39 -0.406759
233 115 -0.655042
233 122 -0.655042
233 233 3.55948
233 234 -0.658338
233 235 -0.658338
234 36 -0.658338
234 66 -0.661084
234 116 -0.40978
234 175 -0.661084
234 233 -0.658338
234 234 3.54135
234 235 -0.40978
235 39 -0.658338
235 66 -0.661084
235 121 -0.40978
235 176 -0.661084
235 233 -0.658338
235 234 -0.40978
235 235 3.54135
236 37 -0.666028
236 118 -0.416372
236 236 3.5018
236 237 -0.666028
236 238 -0.416372
237 37 -0.415548
237 67 -0.415548
237 117 -0.66493
237 177 -0.66493
237 236 -0.666028
237 237 3.50674
237 238 -0.666028
238 67 -0.666028
238 178 -0.416372
238 236 -0.416372
238 237 -0.666028
238 238 3.5018
239 38 -0.666028
239 119 -0.416372
239 239 3.5018
239 240 -0.666028
239 241 -0.416372
240 38 -0.415548
240 68 -0.415548
240 120 -0.66493
240 179 -0.66493
240 239 -0.666028
240 240 3.50674
240 241 -0.666028
241 68 -0.666028
241 180 -0.416372
241 239 -0.416372
241 240 -0.666028
241 241 3.5018
242 66 -0.663282
242 67 -0.66493
242 175 -0.663282
242 177 -0.414174
242 242 3.51498
242 243 -0.66493
242 244 -0.414174
243 67 -0.415548
243 68 -0.415548
243 178 -0.666028
243 180 -0.666028
243 242 -0.66493
243 243 3.50674
243 244 -0.66493
244 66 -0.663282
244 68 -0.66493
244 176 -0.663282
244 179 -0.414174
244 242 -0.414174
244 243 -0.66493
244 244 3.51498
245 43 -0.999683
245 130 -0.333139
245 245 3.66901
245 246 -0.332681
245 247 -0.499443
246 69 -0.498756
246 181 -0.331948
246 245 -0.332681
246 246 3.67259
246 247 -0.999134
247 43 -0.332864
247 69 -0.332223
247 129 -0.999347
247 182 -0.499016
247 245 -0.499443
247 246 -0.999134
247 247 3.67121
248 44 -0.493263
248 131 -0.326272
248 248 3.70335
248 249 -0.328103
248 250 -0.99419
249 70 -0.995838
249 183 -0.329659
249 248 -0.328103
249 249 3.69318
249 250 -0.495048
250 44 -0.326913
250 70 -0.328652
250 132 -0.493889
250 184 -0.99477
250 248 -0.99419
250 249 -0.495048
250 250 3.69978
251 42 -0.330545
251 45 -0.329171
251 127 -0.996784
251 134 -0.496086
251 251 3.68733
251 252 -0.497001
251 253 -0.996326
252 42 -0.997608
252 71 -0.997211
252 128 -0.331307
252 185 -0.497795
252 251 -0.497001
252 252 3.6822
252 253 -0.330117
253 45 -0.495582
253 71 -0.496559
253 133 -0.328652
253 186 -0.995838
253 251 -0.996326
253 252 -0.330117
253 253 3.69016
254 69 -0.331307
254 70 -0.330117
254 181 -0.497795
254 183 -0.997211
254 254 3.6822
254 255 -0.497001
254 256 -0.997608
255 70 -0.996326
255 71 -0.996784
255 184 -0.329171
255 186 -0.496086
255 254 -0.497001
255 255 3.68733
255 256 -0.330545
256 69 -0.498146
256 71 -0.497413
256 182 -0.331643
256 185 -0.997974
256 254 -0.997608
256 255 -0.330545
256 256 3.67991
257 44 -0.744616
257 46 -0.74364
257 131 -0.49438
257 135 -0.493892
257 257 3.53517
257 258 -0.493892
257 259 -0.49438
258 46 -0.493383
258 72 -0.493892
258 136 -0.743121
258 187 -0.493383
258 257 -0.493892
258 258 3.53816
258 259 -0.744138
259 44 -0.494848
259 72 -0.49438
259 132 -0.745074
259 188 -0.494848
259 257 -0.49438
259 258 -0.744138
259 259 3.5323
260 40 -0.491735
260 47 -0.491145
260 123 -0.491145
260 138 -0.740842
260 260 3.55135
260 261 -0.491735
260 262 -0.742022
261 47 -0.741443
261 73 -0.742582
261 137 -0.491735
261 189 -0.492305
261 260 -0.491735
261 261 3.54787
261 262 -0.492305
262 40 -0.492305
262 73 -0.492854
262 124 -0.492854
262 190 -0.743121
262 260 -0.742022
262 261 -0.492305
262 262 3.54451
263 41 -0.49613
263 45 -0.496516
263 126 -0.496516
263 134 -0.746702
263 263 3.52205
263 264 -0.49613
263 265 -0.745929
264 45 -0.746325
264 74 -0.745512
264 133 -0.49613
264 191 -0.495723
264 263 -0.49613
264 264 3.52443
264 265 -0.495723
265 41 -0.495723
265 74 -0.495295
265 125 -0.495295
265 192 -0.745074
265 263 -0.745929
265 264 -0.495723
265 265 3.52693
266 72 -0.493892
266 73 -0.493383
266 187 -0.493383
266 189 -0.743121
266 266 3.53816
266 267 -0.493892
266 268 -0.744138
267 73 -0.74364
267 74 -0.744616
267 190 -0.493892
267 192 -0.49438
267 266 -0.493892
267 267 3.53517
267 268 -0.49438
268 72 -0.49438
268 74 -0.494848
268 188 -0.494848
268 191 -0.745074
268 266 -0.744138
268 267 -0.49438
268 268 3.5323
269 46 -0.488868
269 135 -0.32261
269 269 3.7385
269 270 -0.320046
269 271 -0.987598
270 75 -0.984852
270 193 -0.317208
270 269 -0.320046
270 270 3.75471
270 271 -0.486259
271 46 -0.321786
271 75 -0.319131
271 136 -0.488029
271 194 -0.986713
271 269 -0.987598
271 270 -0.486259
271 271 3.74372
272 48 -0.971119
272 139 -0.303109
272 272 3.83601
272 273 -0.307046
272 274 -0.473076
273 76 -0.476783
273 195 -0.310708
273 272 -0.307046
273 273 3.81321
273 274 -0.974964
274 48 -0.305764
274 76 -0.309518
274 140 -0.973713
274 196 -0.475578
274 272 -0.473076
274 273 -0.974964
274 274 3.82063
275 47 -0.318185
275 49 -0.315164
275 138 -0.484367
275 142 -0.982868
275 275 3.76643
275 276 -0.983875
275 277 -0.482353
276 47 -0.485328
276 77 -0.483375
276 137 -0.319131
276 197 -0.984852
276 275 -0.983875
276 276 3.76048
276 277 -0.316201
277 49 -0.980762
277 77 -0.98183
277 141 -0.312997
277 198 -0.480217
277 275 -0.482353
277 276 -0.316201
277 277 3.77888
278 75 -0.316201
278 76 -0.312997
278 193 -0.98183
278 195 -0.480217
278 278 3.77888
278 279 -0.980762
278 280 -0.482353
279 76 -0.479103
279 77 -0.4813
279 196 -0.311868
279 198 -0.979664
279 278 -0.980762
279 279 3.78538
279 280 -0.315164
280 75 -0.983875
280 77 -0.982868
280 194 -0.318185
280 197 -0.484367
280 278 -0.482353
280 279 -0.315164
280 280 3.76643
281 48 -0.958795
281 139 0.0430562
281 281 4.25835
281 282 0.0430562
281 283 -0.958795
282 78 -0.958795
282 199 0.0430562
282 281 0.0430562
282 282 4.25835
282 283 -0.958795
283 48 0.039394
283 78 0.039394
283 140 -0.962376
283 200 -0.962376
283 281 -0.958795
283 282 -0.958795
283 283 4.23637
284 50 -0.958795
284 143 0.0430562
284 284 4.25835
284 285 0.0430562
284 286 -0.958795
285 79 -0.958795
285 201 0.0430562
285 284 0.0430562
285 285 4.25835
285 286 -0.958795
286 50 0.039394
286 79 0.039394
286 144 -0.962376
286 202 -0.962376
286 284 -0.958795
286 285 -0.958795
286 286 4.23637
287 49 0.0263732
287 51 0.0263732
287 142 -0.975071
287 146 -0.975071
287 287 4.15825
287 288 -0.972142
287 289 -0.972142
288 49 -0.972142
288 80 -0.969049
288 141 0.0293843
288 203 -0.969049
288 287 -0.972142
288 288 4.17631
288 289 0.0293843
289 51 -0.972142
289 80 -0.969049
289 145 0.0293843
289 204 -0.969049
289 287 -0.972142
289 288 0.0293843
289 289 4.17631
290 78 0.039394
290 79 0.039394
290 199 -0.958795
290 201 -0.958795
290 290 4.23637
290 291 -0.962376
290 292 -0.962376
291 79 -0.962376
291 80 -0.965794
291 202 0.0358947
291 204 -0.965794
291 290 -0.962376
291 291 4.21538
291 292 0.0358947
292 78 -0.962376
292 80 -0.965794
292 200 0.0358947
292 203 -0.965794
292 290 -0.962376
292 291 0.0358947
292 292 4.21538
293 43 -1.14307
293 95 -1.16076
293 129 -1.25266
293 130 0.0390939
293 293 4.48387
293 294 0.0523725
293 296 -1.08616
293 349 0.0389591
293 350 0.0304774
294 81 0.0639725
294 95 0.0755555
294 205 -1.32702
294 206 0.0670907
294 293 0.0523725
294 294 4.70807
294 295 -1.15122
294 350 -1.23318
294 351 -1.25036
295 84 -1.20429
295 95 -1.18133
295 211 -1.0134
295 212 0.0100526
295 294 -1.15122
295 295 4.30823
295 296 -0.00292031
295 351 0.117727
295 352 0.120175
296 95 0.0807565
296 293 -1.08616
296 295 -0.00292031
296 296 4.11075
296 349 -1.09449
296 352 -1.1177
297 30 -0.0833159
297 96 -0.0260646
297 103 -2.12366
297 104 0.261046
297 297 6.74513
297 298 -1.75933
297 300 0.237077
297 353 -1.62037
297 354 -1.60968
298 82 -1.50891
298 96 -1.50333
298 207 0.172639
298 208 -1.49791
298 297 -1.75933
298 298 5.85505
298 299 0.152322
298 354 0.0380372
298 355 0.0716222
299 81 0.0445534
299 96 0.0153918
299 205 0.133677
299 206 -1.40877
299 298 0.152322
299 299 5.54291
299 300 -1.65528
299 355 -1.40964
299 356 -1.40258
300 42 -1.51219
300 96 -1.50385
300 127 -1.99868
300 128 0.215065
300 297 0.237077
300 299 -1.65528
300 300 6.37654
300 353 -0.0981794
300 356 -0.0468413
301 31 0.17208
301 97 0.19776
301 105 -1.69826
301 106 0.140626
301 301 5.83861
301 302 0.120013
301 304 -1.47589
301 357 -1.63267
301 358 -1.61979
302 82 -1.51932
302 97 -1.53363
302 207 -1.59441
302 208 0.100897
302 301 0.120013
302 302 5.52046
302 303 -1.38509
302 358 0.148821
302 359 0.17072
303 83 0.225893
303 97 0.215216
303 209 -1.22126
303 210 0.0398915
303 302 -1.38509
303 303 5.02514
303 304 0.0567899
303 359 -1.45542
303 360 -1.47653
304 39 -1.57122
304 97 -1.55111
304 121 -1.30193
304 122 0.0750314
304 301 -1.47589
304 303 0.0567899
304 304 5.30646
304 357 0.243452
304 360 0.25712
305 38 -1.31335
305 98 -1.284
305 119 -0.918973
305 120 -0.062222
305 305 4.15406
305 306 -1.02176
305 308 -0.074793
305 361 0.260681
305 362 0.265844
306 83 0.230937
306 98 0.231267
306 209 -0.013784
306 210 -1.14627
306 305 -1.02176
306 306 4.41872
306 307 -0.0277112
306 362 -1.34383
306 363 -1.31756
307 84 -1.22925
307 98 -1.2559
307 211 -0.0404548
307 212 -1.07698
307 306 -0.0277112
307 307 4.20524
307 308 -0.959381
307 363 0.195232
307 364 0.193334
308 98 0.227628
308 305 -0.074793
308 307 -0.959381
308 308 3.96151
308 361 -1.22763
308 364 -1.19808
309 51 -0.683457
309 99 -0.713615
309 145 -0.614426
309 146 -0.166303
309 309 3.13224
309 310 -0.160845
309 312 -0.553152
309 365 -0.0222929
309 366 -0.000215485
310 85 0.0529206
310 99 0.0320095
310 213 -0.642319
310 214 -0.154371
310 309 -0.160845
310 310 3.22771
310 311 -0.578672
310 366 -0.754593
310 367 -0.784959
311 88 -0.776826
311 99 -0.744776
311 219 -0.524269
311 220 -0.19203
311 310 -0.578672
311 311 3.12882
311 312 -0.198031
311 367 0.0632533
311 368 0.0397191
312 33 -0.0153625
312 99 0.00916703
312 109 -0.500745
312 110 -0.203088
312 309 -0.553152
312 311 -0.198031
312 312 3.04035
312 365 -0.674507
312 368 -0.70633
313 100 0.100953
313 313 3.81108
313 314 -0.794747
313 316 -0.0637449
313 369 -0.943507
313 370 -0.968799
314 86 -0.946887
314 100 -0.918674
314 215 -0.097399
314 216 -0.711962
314 313 -0.794747
314 314 3.61728
314 315 -0.106657
314 370 0.136607
314 371 0.122001
315 85 0.0716155
315 100 0.087759
315 213 -0.114792
315 214 -0.674836
315 314 -0.106657
315 315 3.47809
315 316 -0.753804
315 371 -0.871589
315 372 -0.843306
316 50 -0.866314
316 100 -0.891749
316 143 -0.849453
316 144 -0.0726373
316 313 -0.0637449
316 315 -0.753804
316 316 3.65897
316 369 0.0638254
316 372 0.0522115
317 101 0.236571
317 317 3.77537
317 318 -0.128724
317 320 -0.722858
317 373 -1.0827
317 374 -1.05265
318 86 -0.97622
318 101 -1.00654
318 215 -0.753684
318 216 -0.138325
318 317 -0.128724
318 318 3.61312
318 319 -0.680527
318 374 0.204264
318 375 0.187212
319 87 0.198142
319 101 0.218439
319 217 -0.618117
319 218 -0.177139
319 318 -0.680527
319 319 3.4865
319 320 -0.168217
319 375 -0.962822
319 376 -0.994961
320 34 -1.06967
320 101 -1.03772
320 111 -0.158286
320 112 -0.657103
320 317 -0.722858
320 319 -0.168217
320 320 3.63734
320 373 0.268025
320 376 0.248886
321 35 -0.912184
321 102 -0.877415
321 113 -0.250275
321 114 -0.486611
321 321 3.18949
321 322 -0.531584
321 324 -0.257187
321 377 0.154628
321 378 0.180391
322 87 0.175955
322 102 0.15212
322 217 -0.21434
322 218 -0.58297
322 321 -0.531584
322 322 3.26064
322 323 -0.221735
322 378 -0.915044
322 379 -0.881415
323 88 -0.809669
323 102 -0.843222
323 219 -0.228218
323 220 -0.551682
323 322 -0.221735
323 323 3.14962
323 324 -0.502566
323 379 0.123221
323 380 0.0984803
324 32 0.100328
324 102 0.126848
324 107 -0.459539
324 108 -0.263241
324 321 -0.257187
324 323 -0.502566
324 324 3.08577
324 377 -0.84107
324 380 -0.80642
325 35 0.438975
325 36 0.430186
325 114 -1.48009
325 115 -1.48449
325 325 5.27259
325 326 -1.48009
325 327 -1.48449
326 35 -1.47515
326 89 -1.48009
326 113 0.444194
326 221 -1.47515
326 325 -1.48009
326 326 5.30061
326 327 0.434306
327 36 -1.48833
327 89 -1.48449
327 116 0.426615
327 222 -1.48833
327 325 -1.48449
327 326 0.434306
327 327 5.24787
328 34 -1.44988
328 111 0.470561
328 328 5.44563
328 329 -1.45702
328 330 0.456278
329 34 0.463145
329 90 0.449961
329 112 -1.45702
329 223 -1.46362
329 328 -1.45702
329 329 5.40443
329 330 -1.46362
330 90 -1.46966
330 224 0.444194
330 328 0.456278
330 329 -1.46362
330 330 5.36653
331 37 -1.49822
331 118 0.417826
331 331 5.18196
331 332 -1.49657
331 333 0.421122
332 37 0.4192
332 91 0.423594
332 117 -1.49657
332 225 -1.49438
332 331 -1.49657
332 332 5.19349
332 333 -1.49438
333 91 -1.49163
333 226 0.426615
333 331 0.421122
333 332 -1.49438
333 333 5.20832
334 89 -1.48009
334 90 -1.47515
334 221 -1.47515
334 223 0.444194
334 334 5.30061
334 335 -1.48009
334 336 0.434306
335 90 0.438975
335 91 0.430186
335 224 -1.48009
335 226 -1.48449
335 334 -1.48009
335 335 5.27259
335 336 -1.48449
336 89 -1.48449
336 91 -1.48833
336 222 -1.48833
336 225 0.426615
336 334 0.434306
336 335 -1.48449
336 336 5.24787
337 31 -0.744616
337 32 -0.74364
337 106 -0.49438
337 107 -0.493892
337 337 3.53517
337 338 -0.49438
337 339 -0.493892
338 31 -0.494848
338 92 -0.49438
338 105 -0.745074
338 227 -0.494848
338 337 -0.49438
338 338 3.5323
338 339 -0.744138
339 32 -0.493383
339 92 -0.493892
339 108 -0.743121
339 228 -0.493383
339 337 -0.493892
339 338 -0.744138
339 339 3.53816
340 30 -0.496516
340 41 -0.49613
340 103 -0.746702
340 126 -0.496516
340 340 3.52205
340 341 -0.49613
340 342 -0.745929
341 30 -0.746325
341 93 -0.745512
341 104 -0.49613
341 229 -0.495723
341 340 -0.49613
341 341 3.52443
341 342 -0.495723
342 41 -0.495723
342 93 -0.495295
342 125 -0.495295
342 230 -0.745074
342 340 -0.745929
342 341 -0.495723
342 342 3.52693
343 33 -0.491145
343 40 -0.491735
343 110 -0.740842
343 123 -0.491145
343 343 3.55135
343 344 -0.491735
343 345 -0.742022
344 33 -0.741443
344 94 -0.742582
344 109 -0.491735
344 231 -0.492305
344 343 -0.491735
344 344 3.54787
344 345 -0.492305
345 40 -0.492305
345 94 -0.492854
345 124 -0.492854
345 232 -0.743121
345 343 -0.742022
345 344 -0.492305
345 345 3.54451
346 92 -0.49438
346 93 -0.494848
346 227 -0.494848
346 229 -0.745074
346 346 3.5323
346 347 -0.49438
346 348 -0.744138
347 93 -0.744616
347 94 -0.74364
347 230 -0.49438
347 232 -0.493892
347 346 -0.49438
347 347 3.53517
347 348 -0.493892
348 92 -0.493892
348 94 -0.493383
348 228 -0.493383
348 231 -0.743121
348 346 -0.744138
348 347 -0.493892
348 348 3.53816
349 43 -1.13191
349 95 0.0174214
349 130 -1.07365
349 293 0.0389591
349 296 -1.09449
349 349 4.18603
350 16 -1.39361
350 43 0.0758533
350 81 0.0908547
350 95 -1.19786
350 129 -1.21958
350 205 0.0146446
350 293 0.0304774
350 294 -1.23318
350 350 4.8368
351 28 0.0450111
351 81 -1.27071
351 84 -1.11131
351 95 0.030536
351 206 0.109678
351 212 -1.27046
351 294 -1.25036
351 295 0.117727
351 351 4.60616
352 84 -0.0221539
352 95 -1.04703
352 211 -1.1429
352 295 0.120175
352 296 -1.1177
352 352 4.0532
353 1 -2.29504
353 30 0.301226
353 42 0.275953
353 96 -1.86715
353 103 -0.16898
353 127 -1.64176
353 297 -1.62037
353 300 -0.0981794
353 353 7.13119
354 10 0.225908
354 30 -1.98542
354 82 -1.66972
354 96 0.203011
354 104 -0.00864507
354 207 -1.60714
354 297 -1.60968
354 298 0.0380372
354 354 6.43899
355 28 -1.35044
355 81 0.107399
355 82 0.125499
355 96 -1.56973
355 206 0.0948262
355 208 -1.42136
355 298 0.0716222
355 299 -1.40964
355 355 5.36694
356 16 0.162633
356 42 -1.7583
356 81 -1.47769
356 96 0.181923
356 128 -1.4014
356 205 -0.0103292
356 299 -1.40258
356 300 -0.0468413
356 356 5.76295
357 0 0.116814
357 31 -1.63083
357 39 -1.4289
357 97 0.096745
357 106 0.222568
357 122 -1.64885
357 301 -1.63267
357 304 0.243452
357 357 5.71119
358 10 -1.77766
358 31 0.166418
358 82 0.145167
358 97 -1.53052
358 105 0.117446
358 207 -1.61095
358 301 -1.61979
358 302 0.148821
358 358 5.99717
359 28 0.0608605
359 82 -1.43705
359 83 -1.25804
359 97 0.0780997
359 208 -1.43685
359 210 0.184895
359 302 0.17072
359 303 -1.45542
359 359 5.1139
360 14 -1.18945
360 39 0.0367208
360 83 0.0201157
360 97 -1.34046
360 121 -1.49977
360 209 0.264788
360 303 -1.47653
360 304 0.25712
360 360 4.95596
361 38 -0.0910362
361 98 -0.937718
361 119 -1.25824
361 305 0.260681
361 308 -1.22763
361 361 3.95177
362 14 -0.0315208
362 38 -0.99958
362 83 -1.11572
362 98 -0.0453123
362 120 -1.37158
362 209 0.267432
362 305 0.265844
362 306 -1.34383
362 362 4.38578
363 28 -1.18165
363 83 0.00478042
363 84 -0.00930373
363 98 -1.04737
363 210 0.192707
363 212 -1.29299
363 306 -1.31756
363 307 0.195232
363 363 4.46478
364 84 -0.984422
364 98 -0.0579634
364 211 -1.16977
364 307 0.193334
364 308 -1.19808
364 364 3.98062
365 2 -0.187149
365 33 -0.515254
365 51 -0.570869
365 99 -0.182385
365 110 -0.0461857
365 146 -0.643613
365 309 -0.0222929
365 312 -0.674507
365 365 3.04308
366 20 -0.663192
366 51 -0.144567
366 85 -0.138358
366 99 -0.595311
366 145 -0.725316
366 213 0.0197801
366 309 -0.000215485
366 310 -0.754593
366 366 3.23611
367 29 -0.169923
367 85 -0.624175
367 88 -0.564213
367 99 -0.176646
367 214 0.084993
367 220 -0.816288
367 310 -0.784959
367 311 0.0632533
367 367 3.22682
368 11 -0.488105
368 33 -0.218624
368 88 -0.213295
368 99 -0.537705
368 109 0.0146165
368 219 -0.738979
368 311 0.0397191
368 312 -0.70633
368 368 3.04392
369 50 -0.0457983
369 100 -0.820125
369 143 -0.919917
369 313 -0.943507
369 316 0.0638254
369 369 3.84731
370 86 -0.772754
370 100 -0.0809074
370 215 -0.995548
370 313 -0.968799
370 314 0.136607
370 370 3.78743
371 29 -0.657446
371 85 -0.131088
371 86 -0.122744
371 100 -0.731397
371 214 0.104677
371 216 -0.901026
371 314 0.122001
371 315 -0.871589
371 371 3.46892
372 20 -0.0979014
372 50 -0.779652
372 85 -0.694872
372 100 -0.0899857
372 144 -0.816348
372 213 0.0373802
372 315 -0.843306
372 316 0.0522115
372 372 3.49671
373 34 -0.710517
373 101 -0.143697
373 111 -1.1136
373 317 -1.0827
373 320 0.268025
373 373 3.78684
374 86 -0.113312
374 101 -0.737158
