108
30 30
0 0 4.34048
0 10 -1.09181
0 11 -0.629649
0 12 -0.608816
0 13 -1.02083
0 14 -0.106475
0 28 0.099143
0 29 -0.513288
1 1 4.87019
1 10 -1.12747
1 15 -0.729167
1 16 -0.372262
1 17 -0.723958
1 28 -1.72983
2 2 3.72167
2 11 -0.564066
2 15 -0.729167
2 18 -0.723958
2 19 -0.713542
2 20 -0.493859
2 29 -0.174163
3 3 1
4 4 1
5 5 1
6 6 1
7 7 1
8 8 1
9 9 1
10 0 -1.09181
10 1 -1.12747
10 10 4.73728
10 11 -0.729167
10 14 -1.43787
10 15 -0.479167
10 16 0.209535
10 28 0.147839
11 0 -0.629649
11 2 -0.564066
11 10 -0.729167
11 11 3.42918
11 12 -0.232568
11 15 -0.479167
11 20 -0.564869
11 29 0.103635
12 0 -0.608816
12 11 -0.232568
12 12 4.57365
12 13 0.479167
12 29 -0.919729
13 0 -1.02083
13 12 0.479167
13 13 4.70833
13 14 -0.354167
14 0 -0.106475
14 10 -1.43787
14 13 -0.354167
14 14 4.53732
14 28 -1.35378
15 1 -0.729167
15 2 -0.729167
15 10 -0.479167
15 11 -0.479167
15 15 3.625
15 17 -0.479167
15 18 -0.479167
16 1 -0.372262
16 10 0.209535
16 16 4.37713
16 17 -0.302083
16 28 -1.27237
17 1 -0.723958
17 15 -0.479167
17 16 -0.302083
17 17 3.73958
17 18 -0.729167
18 2 -0.723958
18 15 -0.479167
18 17 -0.729167
18 18 3.73958
18 19 -0.302083
19 2 -0.713542
19 18 -0.302083
19 19 4.05208
19 20 0.0416667
20 2 -0.493859
20 11 -0.564869
20 19 0.0416667
20 20 3.75102
20 29 -0.798265
21 21 1
22 22 1
23 23 1
24 24 1
25 25 1
26 26 1
27 27 1
28 0 0.099143
28 1 -1.72983
28 10 0.147839
28 14 -1.35378
28 16 -1.27237
28 28 5.11821
29 0 -0.513288
29 2 -0.174163
29 11 0.103635
29 12 -0.919729
29 20 -0.798265
29 29 3.43307
466.142
187.488
321.418
0
0
0
0
0
0
0
228.752
331.644
576.356
744.656
519.818
249.589
291.888
312.47
311.658
434.395
412.848
0
0
0
0
0
0
0
250.044
370.995
