2445
381 381
0 0 4.11761
0 106 -1.12086
0 107 -0.679873
0 114 -0.678571
0 115 -1.07943
0 122 -0.188468
0 357 0.115601
0 377 -0.456223
1 1 5.38611
1 103 -1.16644
1 126 -0.748698
1 127 -0.416119
1 134 -0.748372
1 353 -2.29525
2 2 3.56724
2 110 -0.563525
2 123 -0.748698
2 138 -0.748372
2 142 -0.747721
2 146 -0.546857
2 365 -0.191879
3 3 1
4 4 1
5 5 1
6 6 1
7 7 1
8 8 1
9 9 1
10 10 4.98984
10 104 -1.11752
10 105 -1.11343
10 207 0.0552846
10 227 -0.748698
10 229 -0.498698
10 354 0.225384
10 358 -1.77832
11 11 3.22699
11 108 -0.628293
11 109 -0.61161
11 219 0.0268805
11 228 -0.748698
11 231 -0.498698
11 368 -0.492426
11 380 -0.25282
12 12 4.25705
12 112 -0.634096
12 113 -0.644217
12 217 -1.01541
12 221 0.420573
12 223 -1.49609
12 376 -0.615906
12 378 -0.234956
13 13 4.35677
13 116 -1.07943
13 117 -1.07943
13 175 -0.41276
13 177 -0.66276
13 222 0.420573
13 225 -1.49609
14 14 4.1129
14 120 -0.174909
14 121 -0.174692
14 176 -0.41276
14 179 -0.66276
14 209 -1.43367
14 360 -1.18964
14 362 -0.0314286
15 15 3.50781
15 124 -0.748698
15 125 -0.748698
15 190 -0.498698
15 192 -0.498698
15 230 -0.498698
15 232 -0.498698
16 16 4.46155
16 128 -0.299333
16 129 -0.280096
16 182 -0.998047
16 185 -0.33138
16 205 -1.30429
16 350 -1.3934
16 356 0.162739
17 17 3.5931
17 132 -0.748372
17 133 -0.748372
17 184 -0.498047
17 186 -0.33138
17 188 -0.748698
17 191 -0.498698
18 18 3.5931
18 136 -0.748372
18 137 -0.748372
18 187 -0.748698
18 189 -0.498698
18 194 -0.498047
18 197 -0.33138
19 19 3.84701
19 140 -0.747721
19 141 -0.747721
19 196 -0.998047
19 198 -0.33138
19 200 -0.997396
19 203 0.00260417
20 20 3.62041
20 144 -0.51243
20 145 -0.519217
20 202 -0.997396
20 204 0.00260417
20 213 -0.794719
20 366 -0.669292
20 372 -0.104406
21 21 1
22 22 1
23 23 1
24 24 1
25 25 1
26 26 1
27 27 1
28 28 4.85046
28 206 -1.34198
28 208 0.141396
28 210 -1.36153
28 212 0.153135
28 351 0.0451972
28 355 -1.35042
28 359 0.0608425
28 363 -1.18148
29 29 3.23533
29 214 -0.884188
29 216 0.108574
29 218 -0.915924
29 220 0.0907351
29 367 -0.176245
29 371 -0.664414
29 375 -0.169297
29 379 -0.601131
30 30 5.29844
30 103 -1.14204
30 104 -1.12653
30 297 -0.0847126
30 340 -0.498698
30 341 -0.748698
30 353 0.300926
30 354 -1.98583
31 31 4.78893
31 105 -1.11312
31 106 -1.11579
31 301 0.168421
31 337 -0.748698
31 338 -0.498698
31 357 -1.63183
31 358 0.165591
32 32 3.2456
32 107 -0.662449
32 108 -0.645248
32 324 0.0847857
32 337 -0.748698
32 339 -0.498698
32 377 -0.281351
32 380 -0.471642
33 33 3.21865
33 109 -0.595231
33 110 -0.579189
33 312 -0.0335337
33 343 -0.498698
33 344 -0.748698
33 365 -0.519863
33 368 -0.223096
34 34 4.36875
34 111 -0.616307
34 112 -0.624763
34 320 -1.10525
34 328 -1.49609
34 329 0.420573
34 373 -0.719906
34 376 -0.191029
35 35 4.17199
35 113 -0.655048
35 114 -0.666519
35 321 -0.932059
35 325 0.420573
35 326 -1.49609
35 377 -0.275793
35 378 -0.529123
36 36 4.35677
36 115 -1.07943
36 116 -1.07943
36 233 -0.41276
36 234 -0.66276
36 325 0.420573
36 327 -1.49609
37 37 4.35677
37 117 -1.07943
37 118 -1.07943
37 236 -0.66276
37 237 -0.41276
37 331 -1.49609
37 332 0.420573
38 38 3.86865
38 119 -0.180686
38 120 -0.176987
38 239 -0.66276
38 240 -0.41276
38 305 -1.31166
38 361 -0.0905329
38 362 -0.999253
39 39 4.43277
39 121 -0.176629
39 122 -0.181075
39 233 -0.41276
39 235 -0.66276
39 304 -1.57394
39 357 -1.42975
39 360 0.0362118
40 40 3.50781
40 123 -0.748698
40 124 -0.748698
40 260 -0.498698
40 262 -0.498698
40 343 -0.498698
40 345 -0.498698
41 41 3.50781
41 125 -0.748698
41 126 -0.748698
41 263 -0.498698
41 265 -0.498698
41 340 -0.498698
41 342 -0.498698
42 42 5.03167
42 127 -0.364123
42 128 -0.326479
42 251 -0.33138
42 252 -0.998047
42 300 -1.51241
42 353 0.275843
42 356 -1.7583
43 43 4.07084
43 129 -0.266964
43 130 -0.25864
43 245 -0.998047
43 247 -0.33138
43 293 -1.1417
43 349 -1.13154
43 350 0.0761535
44 44 3.5931
44 131 -0.748372
44 132 -0.748372
44 248 -0.498047
44 250 -0.33138
44 257 -0.748698
44 259 -0.498698
45 45 3.5931
45 133 -0.748372
45 134 -0.748372
45 251 -0.33138
45 253 -0.498047
45 263 -0.498698
45 264 -0.748698
46 46 3.5931
46 135 -0.748372
46 136 -0.748372
46 257 -0.748698
46 258 -0.498698
46 269 -0.498047
46 271 -0.33138
47 47 3.5931
47 137 -0.748372
47 138 -0.748372
47 260 -0.498698
47 261 -0.748698
47 275 -0.33138
47 276 -0.498047
48 48 3.84701
48 139 -0.747721
48 140 -0.747721
48 272 -0.998047
48 274 -0.33138
48 281 -0.997396
48 283 0.00260417
49 49 3.84701
49 141 -0.747721
49 142 -0.747721
49 275 -0.33138
49 277 -0.998047
49 287 0.00260417
49 288 -0.997396
50 50 3.76435
50 143 -0.503775
50 144 -0.507192
50 284 -0.997396
50 286 0.00260417
50 316 -0.894487
50 369 -0.0530004
50 372 -0.786526
51 51 3.51677
51 145 -0.527332
51 146 -0.536595
51 287 0.00260417
51 289 -0.997396
51 309 -0.705216
51 365 -0.576076
51 366 -0.150233
52 52 1
53 53 1
54 54 1
55 55 1
56 56 1
57 57 1
58 58 1
59 59 1
60 60 1
61 61 1
62 62 1
63 63 1
64 64 1
65 65 1
66 66 3.52344
66 175 -0.41276
66 176 -0.41276
66 234 -0.66276
66 235 -0.66276
66 242 -0.66276
66 244 -0.66276
67 67 3.52344
67 177 -0.66276
67 178 -0.66276
67 237 -0.41276
67 238 -0.66276
67 242 -0.66276
67 243 -0.41276
68 68 3.52344
68 179 -0.66276
68 180 -0.66276
68 240 -0.41276
68 241 -0.66276
68 243 -0.41276
68 244 -0.66276
69 69 3.67839
69 181 -0.998047
69 182 -0.998047
69 246 -0.498047
69 247 -0.33138
69 254 -0.33138
69 256 -0.498047
70 70 3.67839
70 183 -0.498047
70 184 -0.498047
70 249 -0.998047
70 250 -0.33138
70 254 -0.33138
70 255 -0.998047
71 71 3.67839
71 185 -0.33138
71 186 -0.33138
71 252 -0.998047
71 253 -0.498047
71 255 -0.998047
71 256 -0.498047
72 72 3.50781
72 187 -0.748698
72 188 -0.748698
72 258 -0.498698
72 259 -0.498698
72 266 -0.498698
72 268 -0.498698
73 73 3.50781
73 189 -0.498698
73 190 -0.498698
73 261 -0.748698
73 262 -0.498698
73 266 -0.498698
73 267 -0.748698
74 74 3.50781
74 191 -0.498698
74 192 -0.498698
74 264 -0.748698
74 265 -0.498698
74 267 -0.748698
74 268 -0.498698
75 75 3.67839
75 193 -0.498047
75 194 -0.498047
75 270 -0.998047
75 271 -0.33138
75 278 -0.33138
75 280 -0.998047
76 76 3.67839
76 195 -0.998047
76 196 -0.998047
76 273 -0.498047
76 274 -0.33138
76 278 -0.33138
76 279 -0.498047
77 77 3.67839
77 197 -0.33138
77 198 -0.33138
77 276 -0.498047
77 277 -0.998047
77 279 -0.498047
77 280 -0.998047
78 78 4.01562
78 199 -0.997396
78 200 -0.997396
78 282 -0.997396
78 283 0.00260417
78 290 0.00260417
78 292 -0.997396
79 79 4.01562
79 201 -0.997396
79 202 -0.997396
79 285 -0.997396
79 286 0.00260417
79 290 0.00260417
79 291 -0.997396
80 80 4.01562
80 203 0.00260417
80 204 0.00260417
80 288 -0.997396
80 289 -0.997396
80 291 -0.997396
80 292 -0.997396
81 81 5.09168
81 205 -1.31259
81 206 -1.32545
81 294 0.0647802
81 299 0.0448423
81 350 0.0910598
81 351 -1.27051
81 355 0.107457
81 356 -1.4776
82 82 5.66482
82 207 0.0943416
82 208 0.122336
82 298 -1.5099
82 302 -1.52066
82 354 -1.67006
82 355 0.125344
82 358 0.144722
82 359 -1.43727
83 83 4.70069
83 209 -1.40774
83 210 -1.38359
83 303 0.225515
83 306 0.231485
83 359 -1.25811
83 360 0.0199914
83 362 -1.1156
83 363 0.00492958
84 84 4.25544
84 211 0.159379
84 212 0.158802
84 295 -1.20275
84 307 -1.22766
84 351 -1.11098
84 352 -0.0217182
84 363 -0.00897361
84 364 -0.983968
85 85 3.24009
85 213 -0.823453
85 214 -0.853325
85 310 0.0280073
85 315 0.0446119
85 366 -0.144547
85 367 -0.630438
85 371 -0.137914
85 372 -0.701544
86 86 3.4828
86 215 0.137641
86 216 0.124307
86 314 -0.978442
86 318 -1.00883
86 370 -0.780933
86 371 -0.130333
86 374 -0.121804
86 375 -0.70292
87 87 3.25714
87 217 -0.981615
87 218 -0.948428
87 319 0.169079
87 322 0.150322
87 375 -0.636555
87 376 -0.199046
87 378 -0.579248
87 379 -0.206261
88 88 3.05184
88 219 0.0496938
88 220 0.0710385
88 311 -0.798134
88 323 -0.830702
88 367 -0.569874
88 368 -0.218286
88 379 -0.212674
88 380 -0.517508
89 89 5.1901
89 221 0.420573
89 222 0.420573
89 326 -1.49609
89 327 -1.49609
89 334 -1.49609
89 336 -1.49609
90 90 5.1901
90 223 -1.49609
90 224 -1.49609
90 329 0.420573
90 330 -1.49609
90 334 -1.49609
90 335 0.420573
91 91 5.1901
91 225 -1.49609
91 226 -1.49609
91 332 0.420573
91 333 -1.49609
91 335 0.420573
91 336 -1.49609
92 92 3.50781
92 227 -0.748698
92 228 -0.748698
92 338 -0.498698
92 339 -0.498698
92 346 -0.498698
92 348 -0.498698
93 93 3.50781
93 229 -0.498698
93 230 -0.498698
93 341 -0.748698
93 342 -0.498698
93 346 -0.498698
93 347 -0.748698
94 94 3.50781
94 231 -0.498698
94 232 -0.498698
94 344 -0.748698
94 345 -0.498698
94 347 -0.748698
94 348 -0.498698
95 95 4.39108
95 293 -1.15933
95 294 0.0768175
95 295 -1.17984
95 296 0.0823825
95 349 0.0178178
95 350 -1.19755
95 351 0.0308556
95 352 -1.04661
96 96 6.08431
96 297 -0.0269036
96 298 -1.50402
96 299 0.0151232
96 300 -1.50428
96 353 -1.86732
96 354 0.202762
96 355 -1.56982
96 356 0.18188
97 97 5.39337
97 301 0.19524
97 302 -1.53537
97 303 0.213801
97 304 -1.55331
97 357 0.0960446
97 358 -1.53108
97 359 0.0777917
97 360 -1.34086
98 98 4.18074
98 305 -1.28234
98 306 0.232593
98 307 -1.25427
98 308 0.229547
98 361 -0.937231
98 362 -0.0449815
98 363 -1.04704
98 364 -0.0574919
99 99 3.04069
99 309 -0.735289
99 310 0.00928222
99 311 -0.766299
99 312 -0.0113043
99 365 -0.187537
99 366 -0.600992
99 367 -0.182325
99 368 -0.542785
100 100 3.5131
100 313 0.0701584
100 314 -0.949137
100 315 0.0587865
100 316 -0.921084
100 369 -0.82766
100 370 -0.088768
100 371 -0.738758
100 372 -0.0971083
101 101 3.48558
101 317 0.200778
101 318 -1.04017
101 319 0.185977
101 320 -1.07235
101 373 -0.152794
101 374 -0.745956
101 375 -0.16148
101 376 -0.676147
102 102 3.08537
102 321 -0.897729
102 322 0.129909
102 323 -0.863923
102 324 0.108013
102 377 -0.498586
102 378 -0.241655
102 379 -0.546448
102 380 -0.24761
103 1 -1.16644
103 30 -1.14204
103 103 5.51427
103 126 -0.498698
103 127 0.347933
103 297 -2.12396
103 340 -0.748698
103 353 -0.169996
104 10 -1.11752
104 30 -1.12653
104 104 5.12718
104 207 -1.87253
104 229 -0.748698
104 297 0.260643
104 341 -0.498698
104 354 -0.010492
105 10 -1.11343
105 31 -1.11312
105 105 4.8789
105 207 0.193977
105 227 -0.498698
105 301 -1.69909
105 338 -0.748698
105 358 0.114472
106 0 -1.12086
106 31 -1.11579
106 106 4.71589
106 107 -0.748698
106 122 -1.5743
106 301 0.139618
106 337 -0.498698
106 357 0.218136
107 0 -0.679873
107 32 -0.662449
107 106 -0.748698
107 107 3.25812
107 114 -0.295241
107 324 -0.463329
107 337 -0.498698
107 377 0.112951
108 11 -0.628293
108 32 -0.645248
108 108 3.23514
108 219 -0.481292
108 228 -0.498698
108 324 -0.267219
108 339 -0.748698
108 380 0.0561138
109 11 -0.61161
109 33 -0.595231
109 109 3.22139
109 219 -0.238124
109 231 -0.748698
109 312 -0.505217
109 344 -0.498698
109 368 -0.00297754
110 2 -0.563525
110 33 -0.579189
110 110 3.21913
110 123 -0.498698
110 146 -0.536597
110 312 -0.207697
110 343 -0.748698
110 365 -0.0648733
111 34 -0.616307
111 111 4.43664
111 320 -0.167676
111 328 0.420573
111 373 -1.15311
112 12 -0.634096
112 34 -0.624763
112 112 4.30919
112 217 -0.213422
112 223 0.420573
112 320 -0.665505
112 329 -1.49609
112 376 -1.05943
113 12 -0.644217
113 35 -0.655048
113 113 4.21154
113 217 -0.570593
113 221 -1.49609
113 321 -0.255721
113 326 0.420573
113 378 -0.973008
114 0 -0.678571
114 35 -0.666519
114 107 -0.295241
114 114 4.13779
114 115 0.420573
114 321 -0.491111
114 325 -1.49609
114 377 -0.892421
115 0 -1.07943
115 36 -1.07943
115 114 0.420573
115 115 4.35677
115 122 -0.41276
115 233 -0.66276
115 325 -1.49609
116 13 -1.07943
116 36 -1.07943
116 116 4.35677
116 175 -0.66276
116 222 -1.49609
116 234 -0.41276
116 327 0.420573
117 13 -1.07943
117 37 -1.07943
117 117 4.35677
117 177 -0.41276
117 225 0.420573
117 237 -0.66276
117 332 -1.49609
118 37 -1.07943
118 118 4.35677
118 236 -0.41276
118 331 0.420573
119 38 -0.180686
119 119 3.76854
119 239 -0.41276
119 305 -0.91847
119 361 -1.25598
120 14 -0.174909
120 38 -0.176987
120 120 3.98272
120 179 -0.41276
120 209 -1.08916
120 240 -0.66276
120 305 -0.0618949
120 362 -1.37071
121 14 -0.174692
121 39 -0.176629
121 121 4.26183
121 176 -0.66276
121 209 0.00115562
121 235 -0.41276
121 304 -1.30244
121 360 -1.50116
122 0 -0.188468
122 39 -0.181075
122 106 -1.5743
122 115 -0.41276
122 122 4.62974
122 233 -0.66276
122 304 0.0741777
122 357 -1.65298
123 2 -0.748698
123 40 -0.748698
123 110 -0.498698
123 123 3.50781
123 138 -0.498698
123 260 -0.498698
123 343 -0.498698
124 15 -0.748698
124 40 -0.748698
124 124 3.50781
124 190 -0.498698
124 232 -0.498698
124 262 -0.498698
124 345 -0.498698
125 15 -0.748698
125 41 -0.748698
125 125 3.50781
125 192 -0.498698
125 230 -0.498698
125 265 -0.498698
125 342 -0.498698
126 1 -0.748698
126 41 -0.748698
126 103 -0.498698
126 126 3.50781
126 134 -0.498698
126 263 -0.498698
126 340 -0.498698
127 1 -0.416119
127 42 -0.364123
127 103 0.347933
127 127 5.4192
127 134 -0.33138
127 251 -0.998047
127 300 -1.99879
127 353 -1.6424
128 16 -0.299333
128 42 -0.326479
128 128 4.71836
128 185 -0.998047
128 205 -1.55974
128 252 -0.33138
128 300 0.215063
128 356 -1.40119
129 16 -0.280096
129 43 -0.266964
129 129 4.24873
129 182 -0.33138
129 205 0.116902
129 247 -0.998047
129 293 -1.25236
129 350 -1.21856
130 43 -0.25864
130 130 3.92115
130 245 -0.33138
130 293 0.0394694
130 349 -1.07203
131 44 -0.748372
131 131 3.5931
131 135 -0.748698
131 248 -0.33138
131 257 -0.498698
132 17 -0.748372
132 44 -0.748372
132 132 3.5931
132 184 -0.33138
132 188 -0.498698
132 250 -0.498047
132 259 -0.748698
133 17 -0.748372
133 45 -0.748372
133 133 3.5931
133 186 -0.498047
133 191 -0.748698
133 253 -0.33138
133 264 -0.498698
134 1 -0.748372
134 45 -0.748372
134 126 -0.498698
134 127 -0.33138
134 134 3.5931
134 251 -0.498047
134 263 -0.748698
135 46 -0.748372
135 131 -0.748698
135 135 3.5931
135 257 -0.498698
135 269 -0.33138
136 18 -0.748372
136 46 -0.748372
136 136 3.5931
136 187 -0.498698
136 194 -0.33138
136 258 -0.748698
136 271 -0.498047
137 18 -0.748372
137 47 -0.748372
137 137 3.5931
137 189 -0.748698
137 197 -0.498047
137 261 -0.498698
137 276 -0.33138
138 2 -0.748372
138 47 -0.748372
138 123 -0.498698
138 138 3.5931
138 142 -0.33138
138 260 -0.748698
138 275 -0.498047
139 48 -0.747721
139 139 3.84701
139 272 -0.33138
139 281 0.00260417
140 19 -0.747721
140 48 -0.747721
140 140 3.84701
140 196 -0.33138
140 200 0.00260417
140 274 -0.998047
140 283 -0.997396
141 19 -0.747721
141 49 -0.747721
141 141 3.84701
141 198 -0.998047
141 203 -0.997396
141 277 -0.33138
141 288 0.00260417
142 2 -0.747721
142 49 -0.747721
142 138 -0.33138
142 142 3.84701
142 146 0.00260417
142 275 -0.998047
142 287 -0.997396
143 50 -0.503775
143 143 3.85573
143 284 0.00260417
143 316 -0.856655
143 369 -0.949315
144 20 -0.51243
144 50 -0.507192
144 144 3.68657
144 202 0.00260417
144 213 -0.724456
144 286 -0.997396
144 316 -0.079511
144 372 -0.843124
145 20 -0.519217
145 51 -0.527332
145 145 3.56425
145 204 -0.997396
145 213 -0.127917
145 289 0.00260417
145 309 -0.620092
145 366 -0.748863
146 2 -0.546857
146 51 -0.536595
146 110 -0.536597
146 142 0.00260417
146 146 3.47687
146 287 -0.997396
146 309 -0.171511
146 365 -0.663497
147 147 1
148 148 1
149 149 1
150 150 1
151 151 1
152 152 1
153 153 1
154 154 1
155 155 1
156 156 1
157 157 1
158 158 1
159 159 1
160 160 1
161 161 1
162 162 1
163 163 1
164 164 1
165 165 1
166 166 1
167 167 1
168 168 1
169 169 1
170 170 1
171 171 1
172 172 1
173 173 1
174 174 1
175 13 -0.41276
175 66 -0.41276
175 116 -0.66276
175 175 3.52344
175 177 -0.66276
175 234 -0.66276
175 242 -0.66276
176 14 -0.41276
176 66 -0.41276
176 121 -0.66276
176 176 3.52344
176 179 -0.66276
176 235 -0.66276
176 244 -0.66276
177 13 -0.66276
177 67 -0.66276
177 117 -0.41276
177 175 -0.66276
177 177 3.52344
177 237 -0.66276
177 242 -0.41276
178 67 -0.66276
178 178 3.52344
178 180 -0.41276
178 238 -0.41276
178 243 -0.66276
179 14 -0.66276
179 68 -0.66276
179 120 -0.41276
179 176 -0.66276
179 179 3.52344
179 240 -0.66276
179 244 -0.41276
180 68 -0.66276
180 178 -0.41276
180 180 3.52344
180 241 -0.41276
180 243 -0.66276
181 69 -0.998047
181 181 3.67839
181 183 -0.33138
181 246 -0.33138
181 254 -0.498047
182 16 -0.998047
182 69 -0.998047
182 129 -0.33138
182 182 3.67839
182 185 -0.498047
182 247 -0.498047
182 256 -0.33138
183 70 -0.498047
183 181 -0.33138
183 183 3.67839
183 249 -0.33138
183 254 -0.998047
184 17 -0.498047
184 70 -0.498047
184 132 -0.33138
184 184 3.67839
184 186 -0.998047
184 250 -0.998047
184 255 -0.33138
185 16 -0.33138
185 71 -0.33138
185 128 -0.998047
185 182 -0.498047
185 185 3.67839
185 252 -0.498047
185 256 -0.998047
186 17 -0.33138
186 71 -0.33138
186 133 -0.498047
186 184 -0.998047
186 186 3.67839
186 253 -0.998047
186 255 -0.498047
187 18 -0.748698
187 72 -0.748698
187 136 -0.498698
187 187 3.50781
187 189 -0.498698
187 258 -0.498698
187 266 -0.498698
188 17 -0.748698
188 72 -0.748698
188 132 -0.498698
188 188 3.50781
188 191 -0.498698
188 259 -0.498698
188 268 -0.498698
189 18 -0.498698
189 73 -0.498698
189 137 -0.748698
189 187 -0.498698
189 189 3.50781
189 261 -0.498698
189 266 -0.748698
190 15 -0.498698
190 73 -0.498698
190 124 -0.498698
190 190 3.50781
190 192 -0.748698
190 262 -0.748698
190 267 -0.498698
191 17 -0.498698
191 74 -0.498698
191 133 -0.748698
191 188 -0.498698
191 191 3.50781
191 264 -0.498698
191 268 -0.748698
192 15 -0.498698
192 74 -0.498698
192 125 -0.498698
192 190 -0.748698
192 192 3.50781
192 265 -0.748698
192 267 -0.498698
193 75 -0.498047
193 193 3.67839
193 195 -0.33138
193 270 -0.33138
193 278 -0.998047
194 18 -0.498047
194 75 -0.498047
194 136 -0.33138
194 194 3.67839
194 197 -0.998047
194 271 -0.998047
194 280 -0.33138
195 76 -0.998047
195 193 -0.33138
195 195 3.67839
195 273 -0.33138
195 278 -0.498047
196 19 -0.998047
196 76 -0.998047
196 140 -0.33138
196 196 3.67839
196 198 -0.498047
196 274 -0.498047
196 279 -0.33138
197 18 -0.33138
197 77 -0.33138
197 137 -0.498047
197 194 -0.998047
197 197 3.67839
197 276 -0.998047
197 280 -0.498047
198 19 -0.33138
198 77 -0.33138
198 141 -0.998047
198 196 -0.498047
198 198 3.67839
198 277 -0.498047
198 279 -0.998047
199 78 -0.997396
199 199 4.01562
199 201 0.00260417
199 282 0.00260417
199 290 -0.997396
200 19 -0.997396
200 78 -0.997396
200 140 0.00260417
200 200 4.01562
200 203 -0.997396
200 283 -0.997396
200 292 0.00260417
201 79 -0.997396
201 199 0.00260417
201 201 4.01562
201 285 0.00260417
201 290 -0.997396
202 20 -0.997396
202 79 -0.997396
202 144 0.00260417
202 202 4.01562
202 204 -0.997396
202 286 -0.997396
202 291 0.00260417
203 19 0.00260417
203 80 0.00260417
203 141 -0.997396
203 200 -0.997396
203 203 4.01562
203 288 -0.997396
203 292 -0.997396
204 20 0.00260417
204 80 0.00260417
204 145 -0.997396
204 202 -0.997396
204 204 4.01562
204 289 -0.997396
204 291 -0.997396
205 16 -1.30429
205 81 -1.31259
205 128 -1.55974
205 129 0.116902
205 205 5.25994
205 294 -1.32681
205 299 0.133762
205 350 0.0154737
205 356 -0.00994401
206 28 -1.34198
206 81 -1.32545
206 206 4.95733
206 208 0.0832843
206 212 -1.22256
206 294 0.0672884
206 299 -1.40871
206 351 0.110448
206 355 0.0949922
207 10 0.0552846
207 82 0.0943416
207 104 -1.87253
207 105 0.193977
207 207 6.18622
207 298 0.1723
207 302 -1.59485
207 354 -1.60887
207 358 -1.61317
208 28 0.141396
208 82 0.122336
208 206 0.0832843
208 208 5.22469
208 210 -1.30072
208 298 -1.49806
208 302 0.100671
208 355 -1.42162
208 359 -1.43733
209 14 -1.43367
209 83 -1.40774
209 120 -1.08916
209 121 0.00115562
209 209 4.65099
209 303 -1.22139
209 306 -0.0136607
209 360 0.264164
209 362 0.267866
210 28 -1.36153
210 83 -1.38359
210 208 -1.30072
210 210 4.76618
210 212 0.0244881
210 303 0.0398244
210 306 -1.14613
210 359 0.184729
210 363 0.193347
211 84 0.159379
211 211 4.01839
211 295 -1.01297
211 307 -0.0400008
211 352 -1.14099
211 364 -1.16777
212 28 0.153135
212 84 0.158802
212 206 -1.22256
212 210 0.0244881
212 212 4.53041
212 295 0.0103786
212 307 -1.07665
212 351 -1.26943
212 363 -1.29198
213 20 -0.794719
213 85 -0.823453
213 144 -0.724456
213 145 -0.127917
213 213 3.25481
213 310 -0.648509
213 315 -0.121464
213 366 -0.00480723
213 372 0.01102
214 29 -0.884188
214 85 -0.853325
214 214 3.23395
214 216 -0.153836
214 220 -0.61474
214 310 -0.160634
214 315 -0.681662
214 367 0.0598137
214 371 0.0770822
215 86 0.137641
215 215 3.63627
215 314 -0.105579
215 318 -0.762177
215 370 -1.02939
215 374 -1.05884
216 29 0.108574
216 86 0.124307
216 214 -0.153836
216 216 3.35002
216 218 -0.649471
216 314 -0.719551
216 318 -0.146132
216 371 -0.930154
216 375 -0.961296
217 12 -1.01541
217 87 -0.981615
217 112 -0.213422
217 113 -0.570593
217 217 3.27616
217 319 -0.625433
217 322 -0.220755
217 376 0.19828
217 378 0.179152
218 29 -0.915924
218 87 -0.948428
218 216 -0.649471
218 218 3.24331
218 220 -0.191438
218 319 -0.184351
218 322 -0.589368
218 375 0.139206
218 379 0.120875
219 11 0.0268805
219 88 0.0496938
219 108 -0.481292
219 109 -0.238124
219 219 2.97963
219 311 -0.52926
219 323 -0.233106
219 368 -0.757603
219 380 -0.790451
220 29 0.0907351
220 88 0.0710385
220 214 -0.61474
220 218 -0.191438
220 220 3.13655
220 311 -0.197692
220 323 -0.557311
220 367 -0.840261
220 379 -0.872465
221 12 0.420573
221 89 0.420573
221 113 -1.49609
221 221 5.1901
221 223 -1.49609
221 326 -1.49609
221 334 -1.49609
222 13 0.420573
222 89 0.420573
222 116 -1.49609
222 222 5.1901
222 225 -1.49609
222 327 -1.49609
222 336 -1.49609
223 12 -1.49609
223 90 -1.49609
223 112 0.420573
223 221 -1.49609
223 223 5.1901
223 329 -1.49609
223 334 0.420573
224 90 -1.49609
224 224 5.1901
224 226 0.420573
224 330 0.420573
224 335 -1.49609
225 13 -1.49609
225 91 -1.49609
225 117 0.420573
225 222 -1.49609
225 225 5.1901
225 332 -1.49609
225 336 0.420573
226 91 -1.49609
226 224 0.420573
226 226 5.1901
226 333 0.420573
226 335 -1.49609
227 10 -0.748698
227 92 -0.748698
227 105 -0.498698
227 227 3.50781
227 229 -0.498698
227 338 -0.498698
227 346 -0.498698
228 11 -0.748698
228 92 -0.748698
228 108 -0.498698
228 228 3.50781
228 231 -0.498698
228 339 -0.498698
228 348 -0.498698
229 10 -0.498698
229 93 -0.498698
229 104 -0.748698
229 227 -0.498698
229 229 3.50781
229 341 -0.498698
229 346 -0.748698
230 15 -0.498698
230 93 -0.498698
230 125 -0.498698
230 230 3.50781
230 232 -0.748698
230 342 -0.748698
230 347 -0.498698
231 11 -0.498698
231 94 -0.498698
231 109 -0.748698
231 228 -0.498698
231 231 3.50781
231 344 -0.498698
231 348 -0.748698
232 15 -0.498698
232 94 -0.498698
232 124 -0.498698
232 230 -0.748698
232 232 3.50781
232 345 -0.748698
232 347 -0.498698
233 36 -0.41276
233 39 -0.41276
233 115 -0.66276
233 122 -0.66276
233 233 3.52344
233 234 -0.66276
233 235 -0.66276
234 36 -0.66276
234 66 -0.66276
234 116 -0.41276
234 175 -0.66276
234 233 -0.66276
234 234 3.52344
234 235 -0.41276
235 39 -0.66276
235 66 -0.66276
235 121 -0.41276
235 176 -0.66276
235 233 -0.66276
235 234 -0.41276
235 235 3.52344
236 37 -0.66276
236 118 -0.41276
236 236 3.52344
236 237 -0.66276
236 238 -0.41276
237 37 -0.41276
237 67 -0.41276
237 117 -0.66276
237 177 -0.66276
237 236 -0.66276
237 237 3.52344
237 238 -0.66276
238 67 -0.66276
238 178 -0.41276
238 236 -0.41276
238 237 -0.66276
238 238 3.52344
239 38 -0.66276
239 119 -0.41276
239 239 3.52344
239 240 -0.66276
239 241 -0.41276
240 38 -0.41276
240 68 -0.41276
240 120 -0.66276
240 179 -0.66276
240 239 -0.66276
240 240 3.52344
240 241 -0.66276
241 68 -0.66276
241 180 -0.41276
241 239 -0.41276
241 240 -0.66276
241 241 3.52344
242 66 -0.66276
242 67 -0.66276
242 175 -0.66276
242 177 -0.41276
242 242 3.52344
242 243 -0.66276
242 244 -0.41276
243 67 -0.41276
243 68 -0.41276
243 178 -0.66276
243 180 -0.66276
243 242 -0.66276
243 243 3.52344
243 244 -0.66276
244 66 -0.66276
244 68 -0.66276
244 176 -0.66276
244 179 -0.41276
244 242 -0.41276
244 243 -0.66276
244 244 3.52344
245 43 -0.998047
245 130 -0.33138
245 245 3.67839
245 246 -0.33138
245 247 -0.498047
246 69 -0.498047
246 181 -0.33138
246 245 -0.33138
246 246 3.67839
246 247 -0.998047
247 43 -0.33138
247 69 -0.33138
247 129 -0.998047
247 182 -0.498047
247 245 -0.498047
247 246 -0.998047
247 247 3.67839
248 44 -0.498047
248 131 -0.33138
248 248 3.67839
248 249 -0.33138
248 250 -0.998047
249 70 -0.998047
249 183 -0.33138
249 248 -0.33138
249 249 3.67839
249 250 -0.498047
250 44 -0.33138
250 70 -0.33138
250 132 -0.498047
250 184 -0.998047
250 248 -0.998047
250 249 -0.498047
250 250 3.67839
251 42 -0.33138
251 45 -0.33138
251 127 -0.998047
251 134 -0.498047
251 251 3.67839
251 252 -0.498047
251 253 -0.998047
252 42 -0.998047
252 71 -0.998047
252 128 -0.33138
252 185 -0.498047
252 251 -0.498047
252 252 3.67839
252 253 -0.33138
253 45 -0.498047
253 71 -0.498047
253 133 -0.33138
253 186 -0.998047
253 251 -0.998047
253 252 -0.33138
253 253 3.67839
254 69 -0.33138
254 70 -0.33138
254 181 -0.498047
254 183 -0.998047
254 254 3.67839
254 255 -0.498047
254 256 -0.998047
255 70 -0.998047
255 71 -0.998047
255 184 -0.33138
255 186 -0.498047
255 254 -0.498047
255 255 3.67839
255 256 -0.33138
256 69 -0.498047
256 71 -0.498047
256 182 -0.33138
256 185 -0.998047
256 254 -0.998047
256 255 -0.33138
256 256 3.67839
257 44 -0.748698
257 46 -0.748698
257 131 -0.498698
257 135 -0.498698
257 257 3.50781
257 258 -0.498698
257 259 -0.498698
258 46 -0.498698
258 72 -0.498698
258 136 -0.748698
258 187 -0.498698
258 257 -0.498698
258 258 3.50781
258 259 -0.748698
259 44 -0.498698
259 72 -0.498698
259 132 -0.748698
259 188 -0.498698
259 257 -0.498698
259 258 -0.748698
259 259 3.50781
260 40 -0.498698
260 47 -0.498698
260 123 -0.498698
260 138 -0.748698
260 260 3.50781
260 261 -0.498698
260 262 -0.748698
261 47 -0.748698
261 73 -0.748698
261 137 -0.498698
261 189 -0.498698
261 260 -0.498698
261 261 3.50781
261 262 -0.498698
262 40 -0.498698
262 73 -0.498698
262 124 -0.498698
262 190 -0.748698
262 260 -0.748698
262 261 -0.498698
262 262 3.50781
263 41 -0.498698
263 45 -0.498698
263 126 -0.498698
263 134 -0.748698
263 263 3.50781
263 264 -0.498698
263 265 -0.748698
264 45 -0.748698
264 74 -0.748698
264 133 -0.498698
264 191 -0.498698
264 263 -0.498698
264 264 3.50781
264 265 -0.498698
265 41 -0.498698
265 74 -0.498698
265 125 -0.498698
265 192 -0.748698
265 263 -0.748698
265 264 -0.498698
265 265 3.50781
266 72 -0.498698
266 73 -0.498698
266 187 -0.498698
266 189 -0.748698
266 266 3.50781
266 267 -0.498698
266 268 -0.748698
267 73 -0.748698
267 74 -0.748698
267 190 -0.498698
267 192 -0.498698
267 266 -0.498698
267 267 3.50781
267 268 -0.498698
268 72 -0.498698
268 74 -0.498698
268 188 -0.498698
268 191 -0.748698
268 266 -0.748698
268 267 -0.498698
268 268 3.50781
269 46 -0.498047
269 135 -0.33138
269 269 3.67839
269 270 -0.33138
269 271 -0.998047
270 75 -0.998047
270 193 -0.33138
270 269 -0.33138
270 270 3.67839
270 271 -0.498047
271 46 -0.33138
271 75 -0.33138
271 136 -0.498047
271 194 -0.998047
271 269 -0.998047
271 270 -0.498047
271 271 3.67839
272 48 -0.998047
272 139 -0.33138
272 272 3.67839
272 273 -0.33138
272 274 -0.498047
273 76 -0.498047
273 195 -0.33138
273 272 -0.33138
273 273 3.67839
273 274 -0.998047
274 48 -0.33138
274 76 -0.33138
274 140 -0.998047
274 196 -0.498047
274 272 -0.498047
274 273 -0.998047
274 274 3.67839
275 47 -0.33138
275 49 -0.33138
275 138 -0.498047
275 142 -0.998047
275 275 3.67839
275 276 -0.998047
275 277 -0.498047
276 47 -0.498047
276 77 -0.498047
276 137 -0.33138
276 197 -0.998047
276 275 -0.998047
276 276 3.67839
276 277 -0.33138
277 49 -0.998047
277 77 -0.998047
277 141 -0.33138
277 198 -0.498047
277 275 -0.498047
277 276 -0.33138
277 277 3.67839
278 75 -0.33138
278 76 -0.33138
278 193 -0.998047
278 195 -0.498047
278 278 3.67839
278 279 -0.998047
278 280 -0.498047
279 76 -0.498047
279 77 -0.498047
279 196 -0.33138
279 198 -0.998047
279 278 -0.998047
279 279 3.67839
279 280 -0.33138
280 75 -0.998047
280 77 -0.998047
280 194 -0.33138
280 197 -0.498047
280 278 -0.498047
280 279 -0.33138
280 280 3.67839
281 48 -0.997396
281 139 0.00260417
281 281 4.01562
281 282 0.00260417
281 283 -0.997396
282 78 -0.997396
282 199 0.00260417
282 281 0.00260417
282 282 4.01562
282 283 -0.997396
283 48 0.00260417
283 78 0.00260417
283 140 -0.997396
283 200 -0.997396
283 281 -0.997396
283 282 -0.997396
283 283 4.01562
284 50 -0.997396
284 143 0.00260417
284 284 4.01562
284 285 0.00260417
284 286 -0.997396
285 79 -0.997396
285 201 0.00260417
285 284 0.00260417
285 285 4.01562
285 286 -0.997396
286 50 0.00260417
286 79 0.00260417
286 144 -0.997396
286 202 -0.997396
286 284 -0.997396
286 285 -0.997396
286 286 4.01562
287 49 0.00260417
287 51 0.00260417
287 142 -0.997396
287 146 -0.997396
287 287 4.01562
287 288 -0.997396
287 289 -0.997396
288 49 -0.997396
288 80 -0.997396
288 141 0.00260417
288 203 -0.997396
288 287 -0.997396
288 288 4.01562
288 289 0.00260417
289 51 -0.997396
289 80 -0.997396
289 145 0.00260417
289 204 -0.997396
289 287 -0.997396
289 288 0.00260417
289 289 4.01562
290 78 0.00260417
290 79 0.00260417
290 199 -0.997396
290 201 -0.997396
290 290 4.01562
290 291 -0.997396
290 292 -0.997396
291 79 -0.997396
291 80 -0.997396
291 202 0.00260417
291 204 -0.997396
291 290 -0.997396
291 291 4.01562
291 292 0.00260417
292 78 -0.997396
292 80 -0.997396
292 200 0.00260417
292 203 -0.997396
292 290 -0.997396
292 291 0.00260417
292 292 4.01562
293 43 -1.1417
293 95 -1.15933
293 129 -1.25236
293 130 0.0394694
293 293 4.48945
293 294 0.0526834
293 296 -1.08577
293 349 0.0405033
293 350 0.0317004
294 81 0.0647802
294 95 0.0768175
294 205 -1.32681
294 206 0.0672884
294 293 0.0526834
294 294 4.71225
294 295 -1.1509
294 350 -1.23214
294 351 -1.24931
295 84 -1.20275
295 95 -1.17984
295 211 -1.01297
295 212 0.0103786
295 294 -1.1509
295 295 4.31429
295 296 -0.00250387
295 351 0.119019
295 352 0.12188
296 95 0.0823825
296 293 -1.08577
296 295 -0.00250387
296 296 4.11781
296 349 -1.09278
296 352 -1.11589
297 30 -0.0847126
297 96 -0.0269036
297 103 -2.12396
297 104 0.260643
297 297 6.74065
297 298 -1.75958
297 300 0.236903
297 353 -1.62131
297 354 -1.61099
298 82 -1.5099
298 96 -1.50402
298 207 0.1723
298 208 -1.49806
298 297 -1.75958
298 298 5.85173
298 299 0.152228
298 354 0.0368661
298 355 0.0711316
299 81 0.0448423
299 96 0.0151232
299 205 0.133762
299 206 -1.40871
299 298 0.152228
299 299 5.54297
299 300 -1.65532
299 355 -1.4097
299 356 -1.40249
300 42 -1.51241
300 96 -1.50428
300 127 -1.99879
300 128 0.215063
300 297 0.236903
300 299 -1.65532
300 300 6.37524
300 353 -0.0987395
300 356 -0.0469268
301 31 0.168421
301 97 0.19524
301 105 -1.69909
301 106 0.139618
301 301 5.82626
301 302 0.119449
301 304 -1.47659
301 357 -1.63608
301 358 -1.62257
302 82 -1.52066
302 97 -1.53537
302 207 -1.59485
302 208 0.100671
302 301 0.119449
302 302 5.51434
302 303 -1.3854
302 358 0.146813
302 359 0.169659
303 83 0.225515
303 97 0.213801
303 209 -1.22139
303 210 0.0398244
303 302 -1.3854
303 303 5.0216
303 304 0.0563876
303 359 -1.45616
303 360 -1.47757
304 39 -1.57394
304 97 -1.55331
304 121 -1.30244
304 122 0.0741777
304 301 -1.47659
304 303 0.0563876
304 304 5.29666
304 357 0.240353
304 360 0.255304
305 38 -1.31166
305 98 -1.28234
305 119 -0.91847
305 120 -0.0618949
305 305 4.16077
305 306 -1.02143
305 308 -0.0743051
305 361 0.262664
305 362 0.267161
306 83 0.231485
306 98 0.232593
306 209 -0.0136607
306 210 -1.14613
306 305 -1.02143
306 306 4.42255
306 307 -0.0273795
306 362 -1.3429
306 363 -1.31657
307 84 -1.22766
307 98 -1.25427
307 211 -0.0400008
307 212 -1.07665
307 306 -0.0273795
307 307 4.21168
307 308 -0.958909
307 363 0.196557
307 364 0.195186
308 98 0.229547
308 305 -0.0743051
308 307 -0.958909
308 308 3.97005
308 361 -1.22545
308 364 -1.19599
309 51 -0.705216
309 99 -0.735289
309 145 -0.620092
309 146 -0.171511
309 309 3.04534
309 310 -0.166525
309 312 -0.558304
309 365 -0.043021
309 366 -0.0229178
310 85 0.0280073
310 99 0.00928222
310 213 -0.648509
310 214 -0.160634
310 309 -0.166525
310 310 3.13239
310 311 -0.584351
310 366 -0.778345
310 367 -0.808853
311 88 -0.798134
311 99 -0.766299
311 219 -0.52926
311 220 -0.197692
311 310 -0.584351
311 311 3.04313
311 312 -0.203111
311 367 0.0405651
311 368 0.0195689
312 33 -0.0335337
312 99 -0.0113043
312 109 -0.505217
312 110 -0.207697
312 309 -0.558304
312 311 -0.203111
312 312 2.96305
312 365 -0.694035
312 368 -0.725436
313 100 0.0701584
313 313 3.68451
313 314 -0.802607
313 316 -0.0712797
313 369 -0.974406
313 370 -1.00118
314 86 -0.978442
314 100 -0.949137
314 215 -0.105579
314 216 -0.719551
314 313 -0.802607
314 314 3.49322
314 315 -0.114018
314 370 0.104522
314 371 0.0920948
315 85 0.0446119
315 100 0.0587865
315 213 -0.121464
315 214 -0.681662
315 314 -0.114018
315 315 3.36607
315 316 -0.760927
315 371 -0.89998
315 372 -0.870913
316 50 -0.894487
316 100 -0.921084
316 143 -0.856655
316 144 -0.079511
316 313 -0.0712797
316 315 -0.760927
316 316 3.54394
316 369 0.0343482
316 372 0.0242137
317 101 0.200778
317 317 3.62569
317 318 -0.137522
317 320 -0.731955
317 373 -1.12083
317 374 -1.08936
318 86 -1.00883
318 101 -1.04017
318 215 -0.762177
318 216 -0.146132
318 317 -0.137522
318 318 3.4806
318 319 -0.688542
318 374 0.169681
318 375 0.155562
319 87 0.169079
319 101 0.185977
319 217 -0.625433
319 218 -0.184351
319 318 -0.688542
319 319 3.36343
319 320 -0.17643
319 375 -0.993286
319 376 -1.02603
320 34 -1.10525
320 101 -1.07235
320 111 -0.167676
320 112 -0.665505
320 317 -0.731955
320 319 -0.17643
320 320 3.49688
320 373 0.231048
320 376 0.21565
321 35 -0.932059
321 102 -0.897729
321 113 -0.255721
321 114 -0.491111
321 321 3.10908
321 322 -0.537105
321 324 -0.261829
321 377 0.136339
321 378 0.158452
322 87 0.150322
322 102 0.129909
322 217 -0.220755
322 218 -0.589368
322 321 -0.537105
322 322 3.16496
322 323 -0.227317
322 378 -0.938909
322 379 -0.905373
323 88 -0.830702
323 102 -0.863923
323 219 -0.233106
323 220 -0.557311
323 322 -0.227317
323 323 3.06612
323 324 -0.507338
323 379 0.100794
323 380 0.079152
324 32 0.0847857
324 102 0.108013
324 107 -0.463329
324 108 -0.267219
324 321 -0.261829
324 323 -0.507338
324 324 3.01707
324 377 -0.857919
324 380 -0.823911
325 35 0.420573
325 36 0.420573
325 114 -1.49609
325 115 -1.49609
325 325 5.1901
325 326 -1.49609
325 327 -1.49609
326 35 -1.49609
326 89 -1.49609
326 113 0.420573
326 221 -1.49609
326 325 -1.49609
326 326 5.1901
326 327 0.420573
327 36 -1.49609
327 89 -1.49609
327 116 0.420573
327 222 -1.49609
327 325 -1.49609
327 326 0.420573
327 327 5.1901
328 34 -1.49609
328 111 0.420573
328 328 5.1901
328 329 -1.49609
328 330 0.420573
329 34 0.420573
329 90 0.420573
329 112 -1.49609
329 223 -1.49609
329 328 -1.49609
329 329 5.1901
329 330 -1.49609
330 90 -1.49609
330 224 0.420573
330 328 0.420573
330 329 -1.49609
330 330 5.1901
331 37 -1.49609
331 118 0.420573
331 331 5.1901
331 332 -1.49609
331 333 0.420573
332 37 0.420573
332 91 0.420573
332 117 -1.49609
332 225 -1.49609
332 331 -1.49609
332 332 5.1901
332 333 -1.49609
333 91 -1.49609
333 226 0.420573
333 331 0.420573
333 332 -1.49609
333 333 5.1901
334 89 -1.49609
334 90 -1.49609
334 221 -1.49609
334 223 0.420573
334 334 5.1901
334 335 -1.49609
334 336 0.420573
335 90 0.420573
335 91 0.420573
335 224 -1.49609
335 226 -1.49609
335 334 -1.49609
335 335 5.1901
335 336 -1.49609
336 89 -1.49609
336 91 -1.49609
336 222 -1.49609
336 225 0.420573
336 334 0.420573
336 335 -1.49609
336 336 5.1901
337 31 -0.748698
337 32 -0.748698
337 106 -0.498698
337 107 -0.498698
337 337 3.50781
337 338 -0.498698
337 339 -0.498698
338 31 -0.498698
338 92 -0.498698
338 105 -0.748698
338 227 -0.498698
338 337 -0.498698
338 338 3.50781
338 339 -0.748698
339 32 -0.498698
339 92 -0.498698
339 108 -0.748698
339 228 -0.498698
339 337 -0.498698
339 338 -0.748698
339 339 3.50781
340 30 -0.498698
340 41 -0.498698
340 103 -0.748698
340 126 -0.498698
340 340 3.50781
340 341 -0.498698
340 342 -0.748698
341 30 -0.748698
341 93 -0.748698
341 104 -0.498698
341 229 -0.498698
341 340 -0.498698
341 341 3.50781
341 342 -0.498698
342 41 -0.498698
342 93 -0.498698
342 125 -0.498698
342 230 -0.748698
342 340 -0.748698
342 341 -0.498698
342 342 3.50781
343 33 -0.498698
343 40 -0.498698
343 110 -0.748698
343 123 -0.498698
343 343 3.50781
343 344 -0.498698
343 345 -0.748698
344 33 -0.748698
344 94 -0.748698
344 109 -0.498698
344 231 -0.498698
344 343 -0.498698
344 344 3.50781
344 345 -0.498698
345 40 -0.498698
345 94 -0.498698
345 124 -0.498698
345 232 -0.748698
345 343 -0.748698
345 344 -0.498698
345 345 3.50781
346 92 -0.498698
346 93 -0.498698
346 227 -0.498698
346 229 -0.748698
346 346 3.50781
346 347 -0.498698
346 348 -0.748698
347 93 -0.748698
347 94 -0.748698
347 230 -0.498698
347 232 -0.498698
347 346 -0.498698
347 347 3.50781
347 348 -0.498698
348 92 -0.498698
348 94 -0.498698
348 228 -0.498698
348 231 -0.748698
348 346 -0.748698
348 347 -0.498698
348 348 3.50781
349 43 -1.13154
349 95 0.0178178
349 130 -1.07203
349 293 0.0405033
349 296 -1.09278
349 349 4.19271
350 16 -1.3934
350 43 0.0761535
350 81 0.0910598
350 95 -1.19755
350 129 -1.21856
350 205 0.0154737
350 293 0.0317004
350 294 -1.23214
350 350 4.84093
351 28 0.0451972
351 81 -1.27051
351 84 -1.11098
351 95 0.0308556
351 206 0.110448
351 212 -1.26943
351 294 -1.24931
351 295 0.119019
351 351 4.61033
352 84 -0.0217182
352 95 -1.04661
352 211 -1.14099
352 295 0.12188
352 296 -1.11589
352 352 4.06064
353 1 -2.29525
353 30 0.300926
353 42 0.275843
353 96 -1.86732
353 103 -0.169996
353 127 -1.6424
353 297 -1.62131
353 300 -0.0987395
353 353 7.12802
354 10 0.225384
354 30 -1.98583
354 82 -1.67006
354 96 0.202762
354 104 -0.010492
354 207 -1.60887
354 297 -1.61099
354 298 0.0368661
354 354 6.43295
355 28 -1.35042
355 81 0.107457
355 82 0.125344
355 96 -1.56982
355 206 0.0949922
355 208 -1.42162
355 298 0.0711316
355 299 -1.4097
355 355 5.36631
356 16 0.162739
356 42 -1.7583
356 81 -1.4776
356 96 0.18188
356 128 -1.40119
356 205 -0.00994401
356 299 -1.40249
356 300 -0.0469268
356 356 5.76356
357 0 0.115601
357 31 -1.63183
357 39 -1.42975
357 97 0.0960446
357 106 0.218136
357 122 -1.65298
357 301 -1.63608
357 304 0.240353
357 357 5.69614
358 10 -1.77832
358 31 0.165591
358 82 0.144722
358 97 -1.53108
358 105 0.114472
358 207 -1.61317
358 301 -1.62257
358 302 0.146813
358 358 5.98721
359 28 0.0608425
359 82 -1.43727
359 83 -1.25811
359 97 0.0777917
359 208 -1.43733
359 210 0.184729
359 302 0.169659
359 303 -1.45616
359 359 5.11148
360 14 -1.18964
360 39 0.0362118
360 83 0.0199914
360 97 -1.34086
360 121 -1.50116
360 209 0.264164
360 303 -1.47757
360 304 0.255304
360 360 4.95114
361 38 -0.0905329
361 98 -0.937231
361 119 -1.25598
361 305 0.262664
361 308 -1.22545
361 361 3.96065
362 14 -0.0314286
362 38 -0.999253
362 83 -1.1156
362 98 -0.0449815
362 120 -1.37071
362 209 0.267866
362 305 0.267161
362 306 -1.3429
362 362 4.38938
363 28 -1.18148
363 83 0.00492958
363 84 -0.00897361
363 98 -1.04704
363 210 0.193347
363 212 -1.29198
363 306 -1.31657
363 307 0.196557
363 363 4.46879
364 84 -0.983968
364 98 -0.0574919
364 211 -1.16777
364 307 0.195186
364 308 -1.19599
364 364 3.9888
365 2 -0.191879
365 33 -0.519863
365 51 -0.576076
365 99 -0.187537
365 110 -0.0648733
365 146 -0.663497
365 309 -0.043021
365 312 -0.694035
365 365 2.96422
366 20 -0.669292
366 51 -0.150233
366 85 -0.144547
366 99 -0.600992
366 145 -0.748863
366 213 -0.00480723
366 309 -0.0229178
366 310 -0.778345
366 366 3.14148
367 29 -0.176245
367 85 -0.630438
367 88 -0.569874
367 99 -0.182325
367 214 0.0598137
367 220 -0.840261
367 310 -0.808853
367 311 0.0405651
367 367 3.13106
368 11 -0.492426
368 33 -0.223096
368 88 -0.218286
368 99 -0.542785
368 109 -0.00297754
368 219 -0.757603
368 311 0.0195689
368 312 -0.725436
368 368 2.96843
369 50 -0.0530004
369 100 -0.82766
369 143 -0.949315
369 313 -0.974406
369 316 0.0343482
369 369 3.72671
370 86 -0.780933
370 100 -0.088768
370 215 -1.02939
370 313 -1.00118
370 314 0.104522
370 370 3.65498
371 29 -0.664414
371 85 -0.137914
371 86 -0.130333
371 100 -0.738758
371 214 0.0770822
371 216 -0.930154
371 314 0.0920948
371 315 -0.89998
371 371 3.35386
372 20 -0.104406
372 50 -0.786526
372 85 -0.701544
372 100 -0.0971083
372 144 -0.843124
372 213 0.01102
372 315 -0.870913
372 316 0.0242137
372 372 3.38792
373 34 -0.719906
373 101 -0.152794
373 111 -1.15311
373 317 -1.12083
373 320 0.231048
373 373 3.63156
374 86 -0.121804
374 101 -0.745956
374 215 -1.05884
374 317 -1.08936
374 318 0.169681
374 374 3.62692
