108
30 30
0 0 4.16555
1 0 -0.655575
2 0 -0.43958
3 0 -0.41176
4 0 -0.4178
5 0 0.390309
8 0 -0.503142
13 0 -0.148479
0 1 -0.655575
1 1 5.016
2 1 -1.00879
3 1 -0.427385
6 1 0.184282
7 1 -1.09514
11 1 0.213523
12 1 -1.42137
0 2 -0.43958
1 2 -1.00879
2 2 5.51177
5 2 -0.429199
6 2 0.115645
12 2 0.0545494
13 2 -0.20708
15 2 -0.684209
0 3 -0.41176
1 3 -0.427385
3 3 3.91131
4 3 -0.664689
7 3 -0.695939
9 3 -0.432593
10 3 -0.448218
0 4 -0.4178
3 4 -0.664689
4 4 4.3896
5 4 -0.112436
8 4 -0.263931
9 4 -0.638217
14 4 -0.541281
0 5 0.390309
2 5 -0.429199
4 5 -0.112436
5 5 4.87756
8 5 -0.491839
13 5 -0.493408
1 6 0.184282
2 6 0.115645
6 6 5.16859
7 6 -1.72585
11 6 -1.27391
12 6 -1.31929
1 7 -1.09514
3 7 -0.695939
6 7 -1.72585
7 7 4.95851
10 7 -0.704623
11 7 -0.364308
0 8 -0.503142
4 8 -0.263931
5 8 -0.491839
8 8 5.23078
14 8 0.30517
3 9 -0.432593
4 9 -0.638217
9 9 4.13929
10 9 -0.697242
14 9 -0.182816
3 10 -0.448218
7 10 -0.704623
9 10 -0.697242
10 10 3.85022
11 10 -0.300004
1 11 0.213523
6 11 -1.27391
7 11 -0.364308
10 11 -0.300004
11 11 4.32866
1 12 -1.42137
2 12 0.0545494
6 12 -1.31929
12 12 5.07702
15 12 -0.125434
0 13 -0.148479
2 13 -0.20708
5 13 -0.493408
13 13 7.27895
15 13 0.956887
4 14 -0.541281
8 14 0.30517
9 14 -0.182816
14 14 5.27072
2 15 -0.684209
12 15 -0.125434
13 15 0.956887
15 15 6.8776
16 16 1
17 17 1
18 18 1
19 19 1
20 20 1
21 21 1
22 22 1
23 23 1
24 24 1
25 25 1
26 26 1
27 27 1
28 28 1
29 29 1
2.10707
-0.163231
3.12883
-0.365779
-0.81465
26.0362
0.0496358
-0.00766632
7.64021
-1.24459
-0.0685518
0.228206
-1.26273
52.2795
-4.79791
-2.72452
0
0
0
0
0
0
0
0
0
0
0
0
0
0
