13891
835 835
0 0 2.61814
4 0 -0.0219368
5 0 0.112794
10 0 -0.014152
15 0 -0.0294956
17 0 0.102233
23 0 -0.00378274
24 0 -0.0043939
26 0 -0.0113198
75 0 0.255204
76 0 -0.131969
77 0 -0.888979
78 0 0.23032
79 0 0.261343
80 0 -0.127825
81 0 -0.905934
82 0 0.237502
115 0 0.038766
116 0 -0.106241
117 0 -0.0308365
118 0 0.0072019
119 0 0.0486391
120 0 -0.146181
121 0 -0.0624495
122 0 0.0136576
177 0 0.0332411
178 0 -0.09534
179 0 -0.0317965
180 0 0.00610226
187 0 0.0161767
188 0 -0.0685658
189 0 -0.124819
190 0 0.0402131
211 0 0.109954
212 0 -0.363226
213 0 0.0767696
214 0 -0.0190786
215 0 0.324659
216 0 -0.94087
217 0 0.349743
218 0 -0.122584
219 0 0.0787888
220 0 -0.351215
221 0 0.0884978
222 0 -0.0133152
223 0 0.324239
224 0 -0.899143
225 0 0.305442
226 0 -0.110286
1 1 2.57646
4 1 -0.0140819
6 1 0.0953112
10 1 -0.0020627
12 1 -0.00586979
16 1 0.0845902
20 1 -0.016072
24 1 -0.0126573
55 1 -0.00258882
87 1 0.113967
88 1 -0.0869308
89 1 -0.757504
90 1 0.190732
91 1 0.118804
92 1 -0.0815749
93 1 -0.743134
94 1 0.186213
115 1 0.00128685
116 1 -0.0218549
117 1 -0.110484
118 1 0.0390153
125 1 0.0066337
126 1 -0.0434975
127 1 -0.155867
128 1 0.0537039
159 1 0.00202302
160 1 -0.020112
161 1 -0.125112
162 1 0.046072
183 1 0.00905284
184 1 -0.0497046
185 1 -0.132025
186 1 0.0440821
243 1 0.363323
244 1 -0.996738
245 1 0.349543
246 1 -0.127898
247 1 0.0336153
248 1 -0.233275
249 1 0.0364348
250 1 0.00678873
251 1 0.373884
252 1 -1.04757
253 1 0.393147
254 1 -0.142662
255 1 0.058146
256 1 -0.243762
257 1 0.0289306
258 1 0.00173667
2 2 4.55407
7 2 0.176828
8 2 -0.0415805
11 2 0.00762499
14 2 -0.0525442
18 2 0.195534
22 2 -0.0335214
25 2 -0.044405
26 2 0.00939229
97 2 -1.58352
98 2 0.410527
99 2 0.454776
100 2 -0.241562
101 2 -1.58159
102 2 0.418562
103 2 0.42265
104 2 -0.199112
131 2 -0.0239266
132 2 0.00491474
133 2 -0.332293
134 2 0.118541
135 2 -0.0407882
136 2 0.0739874
137 2 -0.328851
138 2 0.129163
171 2 -0.0437214
172 2 0.0720045
173 2 -0.286489
174 2 0.108
191 2 -0.0319494
192 2 0.022126
193 2 -0.407614
194 2 0.148962
267 2 0.956852
268 2 -2.5808
269 2 0.9866
270 2 -0.368479
271 2 -0.235945
272 2 0.399333
273 2 -0.304331
274 2 0.148196
275 2 1.08348
276 2 -2.74772
277 2 1.03464
278 2 -0.414758
279 2 -0.30248
280 2 0.435836
281 2 -0.297592
282 2 0.165966
3 3 5.13039
8 3 -0.0290564
9 3 0.166605
11 3 -0.0391123
13 3 -0.0141388
19 3 0.190216
21 3 0.0115019
25 3 0.0135153
72 3 -0.0564446
105 3 -1.52047
106 3 0.396619
107 3 0.246132
108 3 -0.191784
109 3 -1.50477
110 3 0.370512
111 3 0.19111
112 3 -0.125857
135 3 0.129579
136 3 -0.344966
137 3 0.0950291
138 3 -0.0568182
139 3 0.137637
140 3 -0.380778
141 3 0.0357033
142 3 -0.0384225
167 3 -0.0544935
168 3 0.100536
169 3 -0.417563
170 3 0.164672
195 3 -0.0486378
196 3 0.0586177
197 3 -0.491659
198 3 0.183497
283 3 -0.424054
284 3 0.640567
285 3 -0.346726
286 3 0.20118
287 3 1.17127
288 3 -3.06643
289 3 1.14772
290 3 -0.441227
291 3 -0.42779
292 3 0.682238
293 3 -0.411481
294 3 0.22153
295 3 1.27311
296 3 -3.32713
297 3 1.31875
298 3 -0.513372
0 4 -0.0219368
1 4 -0.0140819
4 4 2.58761
5 4 -0.00295655
6 4 -0.0149954
10 4 0.103878
16 4 -0.00352766
17 4 -0.01191
24 4 0.093259
75 4 -0.102192
76 4 0.0358583
77 4 0.214019
78 4 -0.830701
79 4 -0.0270332
80 4 0.00381654
87 4 -0.0257211
88 4 0.00475133
89 4 0.208017
90 4 -0.814885
91 4 -0.114729
92 4 0.0420529
115 4 -0.104922
116 4 0.191215
117 4 0.185629
118 4 -0.109572
119 4 -0.053209
120 4 0.010276
125 4 -0.150104
126 4 0.0508134
185 4 0.012745
186 4 -0.0593534
187 4 -0.127678
188 4 0.0418708
211 4 -0.118173
212 4 0.325109
213 4 -0.941688
214 4 0.341385
215 4 -0.294172
216 4 0.0571823
217 4 -0.00376788
218 4 0.0635397
243 4 -0.00920375
244 4 0.0539717
245 4 -0.305478
246 4 0.0850763
247 4 -0.987381
248 4 0.346569
249 4 -0.131544
250 4 0.368757
0 5 0.112794
4 5 -0.00295655
5 5 2.76844
10 5 -0.027675
15 5 -0.0134905
23 5 -0.0353016
27 5 0.123999
31 5 -0.0168513
59 5 -0.00222044
77 5 -0.0598516
78 5 0.0116436
79 5 -0.153616
80 5 0.312242
81 5 -0.145603
82 5 0.0481085
83 5 -0.146533
84 5 0.315443
115 5 -0.017473
116 5 0.0015254
119 5 0.255813
120 5 -0.978122
121 5 -0.994463
122 5 0.262435
123 5 -0.125436
124 5 0.0468255
143 5 -0.0528098
144 5 0.00862745
145 5 -0.170915
146 5 0.058087
179 5 0.0403758
180 5 -0.112831
181 5 -0.0182916
182 5 0.000162679
215 5 -0.000431059
216 5 0.0700205
217 5 -0.270736
218 5 0.0328652
219 5 -0.135774
220 5 0.389029
221 5 -1.05941
222 5 0.368107
227 5 0.00655627
228 5 0.0451682
229 5 -0.256195
230 5 0.0341585
231 5 -1.10947
232 5 0.419499
233 5 -0.150317
234 5 0.390969
1 6 0.0953112
4 6 -0.0149954
6 6 2.74837
10 6 -0.0197054
12 6 -0.0010839
20 6 -0.0113122
28 6 0.106841
31 6 -0.000418367
56 6 -0.0191364
85 6 -0.0990789
86 6 0.168919
89 6 -0.154393
90 6 0.0525615
91 6 -0.10818
92 6 0.167825
93 6 -0.0405923
94 6 0.00426371
115 6 -0.129674
116 6 0.0467667
123 6 -0.00789683
124 6 -0.00495273
125 6 0.21617
126 6 -0.849337
127 6 -0.836073
128 6 0.212712
147 6 -0.183381
148 6 0.0642395
149 6 -0.0332483
150 6 0.00125522
161 6 -0.00395018
162 6 -0.00621271
163 6 -0.146895
164 6 0.0551647
235 6 -0.173337
236 6 0.470153
237 6 -1.23414
238 6 0.447336
239 6 -0.133625
240 6 -0.00975588
241 6 0.0279781
242 6 -0.013367
247 6 -0.155502
248 6 0.433702
249 6 -1.17194
250 6 0.417857
251 6 0.0215434
252 6 0.016104
253 6 -0.146961
254 6 -0.0175456
2 7 0.176828
7 7 3.96805
8 7 -0.0359034
11 7 -0.0429307
14 7 0.00619101
22 7 -0.0526204
29 7 0.160745
32 7 0.00473299
58 7 -0.0277505
95 7 -0.22595
96 7 0.450121
97 7 0.00107243
98 7 -0.0204503
99 7 -0.19558
100 7 0.429942
101 7 -0.336542
102 7 0.121568
129 7 0.0501229
130 7 -0.0292678
131 7 0.380318
132 7 -1.43329
133 7 -1.44116
134 7 0.378247
135 7 -0.265612
136 7 0.103803
151 7 -0.0127674
152 7 -0.0140044
153 7 -0.278525
154 7 0.0983197
173 7 -0.0318585
174 7 0.0488407
175 7 -0.23469
176 7 0.0881654
259 7 0.106669
260 7 -0.152105
261 7 0.220138
262 7 -0.211433
263 7 -0.300693
264 7 0.811743
265 7 -2.13061
266 7 0.783369
267 7 0.12133
268 7 -0.201817
269 7 0.250272
270 7 -0.211051
271 7 -2.25563
272 7 0.885148
273 7 -0.335561
274 7 0.841062
2 8 -0.0415805
3 8 -0.0290564
7 8 -0.0359034
8 8 4.78025
9 8 0.00934678
11 8 0.170971
18 8 0.0112181
19 8 -0.0493042
25 8 0.19163
99 8 -0.311544
100 8 0.117261
101 8 0.389959
102 8 -1.53734
103 8 0.0822525
104 8 -0.049464
107 8 0.0856029
108 8 -0.0467488
109 8 0.405045
110 8 -1.5423
111 8 -0.365762
112 8 0.143879
131 8 -0.352437
132 8 0.126584
135 8 -0.217156
136 8 0.357164
137 8 0.315897
138 8 -0.165383
139 8 0.0191011
140 8 -0.0304163
193 8 -0.0393321
194 8 0.0386029
195 8 -0.441864
196 8 0.163099
271 8 -0.399424
272 8 1.03783
273 8 -2.78525
274 8 1.06453
275 8 0.190252
276 8 -0.350771
277 8 0.546326
278 8 -0.354861
287 8 0.171377
288 8 -0.356742
289 8 0.507609
290 8 -0.285373
291 8 -0.455943
292 8 1.13446
293 8 -2.98943
294 8 1.18152
3 9 0.166605
8 9 0.00934678
9 9 4.29449
11 9 -0.0322409
13 9 -0.0435808
21 9 -0.0201067
30 9 0.147641
32 9 -0.0316376
57 9 0.00776733
105 9 -0.389404
106 9 0.143653
107 9 -0.134127
108 9 0.235626
109 9 0.0303923
110 9 -0.0332003
113 9 -0.178238
114 9 0.269308
129 9 -0.275796
130 9 0.103412
135 9 0.0666588
136 9 -0.0416258
139 9 0.335459
140 9 -1.33374
141 9 -1.33668
142 9 0.348553
155 9 -0.310387
156 9 0.111295
157 9 0.0132356
158 9 -0.025512
165 9 -0.0394781
166 9 0.0701714
167 9 -0.325002
168 9 0.127386
283 9 -0.401609
284 9 1.0413
285 9 -2.64098
286 9 1.00149
287 9 0.44477
288 9 -0.300078
289 9 0.162507
290 9 -0.294421
299 9 -0.351222
300 9 0.937615
301 9 -2.45939
302 9 0.915016
303 9 0.146533
304 9 -0.23908
305 9 0.412019
306 9 -0.301668
0 10 -0.014152
1 10 -0.0020627
4 10 0.103878
5 10 -0.027675
6 10 -0.0197054
10 10 2.74693
27 10 -0.00135989
28 10 -0.01785
31 10 0.115211
77 10 0.0500136
78 10 -0.149133
79 10 0.0432561
80 10 -0.120409
83 10 -0.00224998
84 10 -0.0133387
85 10 0.0505506
86 10 -0.135021
89 10 0.00810573
90 10 -0.0504756
91 10 -0.0010484
92 10 -0.0121358
115 10 0.241269
116 10 -0.131035
119 10 -0.920688
120 10 0.239187
123 10 0.243567
124 10 -0.123097
125 10 -0.905688
126 10 0.233951
145 10 0.00509838
146 10 -0.0433131
149 10 0.0607251
150 10 -0.176025
215 10 0.40855
216 10 -0.14456
217 10 0.390178
218 10 -1.10831
231 10 0.0115559
232 10 0.0166639
233 10 0.0189963
234 10 -0.1972
239 10 0.415915
240 10 -0.160528
241 10 0.4416
242 10 -1.16363
247 10 0.0442623
248 10 0.00992899
249 10 0.00898989
250 10 -0.211187
2 11 0.00762499
3 11 -0.0391123
7 11 -0.0429307
8 11 0.170971
9 11 -0.0322409
11 11 4.09281
29 11 -0.0294244
30 11 0.00611488
32 11 0.153709
95 11 0.0948071
96 11 -0.252569
99 11 -0.0362429
100 11 0.0569537
101 11 -0.0262445
102 11 0.0146715
107 11 0.113826
108 11 -0.290911
109 11 0.130801
110 11 -0.358432
113 11 -0.0338233
114 11 0.0591361
129 11 0.363939
130 11 -0.202445
131 11 -1.38318
132 11 0.35647
135 11 0.338206
136 11 -0.166446
139 11 -1.37969
140 11 0.363001
151 11 0.103836
152 11 -0.291817
155 11 -0.0192801
156 11 -0.000536924
259 11 0.86557
260 11 -0.32251
261 11 0.840063
262 11 -2.27083
271 11 -0.24885
272 11 0.139774
273 11 -0.246207
274 11 0.339656
287 11 0.909515
288 11 -0.363719
289 11 0.951379
290 11 -2.41902
299 11 -0.191815
300 11 0.124538
301 11 -0.25198
302 11 0.308379
1 12 -0.00586979
6 12 -0.0010839
12 12 2.99886
16 12 -0.0136025
20 12 -0.0435933
37 12 -0.173581
44 12 0.00124875
55 12 -0.0490575
87 12 -0.120598
88 12 0.0428535
91 12 -0.0161577
92 12 -0.0015503
93 12 0.167715
94 12 -0.686969
127 12 0.00266029
128 12 -0.0331887
159 12 0.305647
160 12 -0.654367
161 12 -0.615622
162 12 0.346797
183 12 -0.138253
184 12 0.0469919
251 12 -0.167503
252 12 0.0075748
253 12 0.0186268
254 12 0.00659543
255 12 -0.13995
256 12 0.38002
257 12 -1.06767
258 12 0.391339
345 12 0.712713
346 12 -1.31051
347 12 -0.0357631
348 12 -0.0360081
349 12 0.077603
350 12 0.074651
423 12 -0.0729999
424 12 -0.0731864
467 12 -0.0361616
468 12 -0.0360709
663 12 0.0021317
664 12 0.00270733
666 12 0.00167315
3 13 -0.0141388
9 13 -0.0435808
13 13 4.31963
19 13 0.0165738
21 13 0.0352854
42 13 -0.174836
46 13 -0.0581084
72 13 0.0474887
105 13 0.352639
106 13 -1.49374
107 13 -0.391326
108 13 0.14661
111 13 0.111762
112 13 -0.0667371
141 13 0.15333
142 13 -0.421805
167 13 0.130409
168 13 -0.257816
169 13 -0.321348
170 13 0.148049
197 13 -0.061091
198 13 0.0844814
283 13 -3.46852
284 13 1.30299
285 13 -0.500009
286 13 1.32327
295 13 0.858805
296 13 -0.491771
297 13 0.264074
298 13 -0.526353
387 13 -0.0497936
388 13 -0.0497036
389 13 0.706221
390 13 -1.31844
391 13 0.281429
392 13 -0.393658
453 13 -0.0560717
454 13 -0.0561301
479 13 -0.0309125
480 13 -0.030932
696 13 0.000365655
698 13 0.000161689
699 13 0.000519009
2 14 -0.0525442
7 14 0.00619101
14 14 3.73549
18 14 -0.0408746
22 14 0.0353928
26 14 0.04484
43 14 -0.115306
49 14 -0.0712868
97 14 0.435141
98 14 -1.63218
99 14 0.0645376
100 14 -0.0360003
103 14 -0.301406
104 14 0.118267
133 14 -0.0184535
134 14 -0.00763143
171 14 0.124358
172 14 -0.169028
173 14 -0.145851
174 14 0.114435
191 14 -0.383235
192 14 0.138757
267 14 0.307535
268 14 -0.261702
269 14 0.129413
270 14 -0.19456
279 14 -2.56904
280 14 0.960132
281 14 -0.384073
282 14 1.01101
397 14 0.490741
398 14 -0.857326
399 14 -0.0388704
400 14 -0.0384766
401 14 -0.511422
402 14 0.332273
463 14 -0.0487862
464 14 -0.0483945
497 14 -0.038406
498 14 -0.0384221
707 14 0.00283211
708 14 0.00175161
710 14 0.00334798
0 15 -0.0294956
5 15 -0.0134905
15 15 3.55943
17 15 -0.00520116
23 15 -0.06852
26 15 -0.0742662
36 15 -0.25988
49 15 0.0751877
75 15 -0.0355544
76 15 0.00942935
79 15 -0.0992462
80 15 0.0360547
81 15 0.252985
82 15 -0.964865
121 15 0.0470277
122 15 -0.143706
177 15 0.41268
178 15 -0.863424
179 15 -0.789594
180 15 0.487772
189 15 0.0193977
190 15 -0.0774219
219 15 -0.905232
220 15 0.307039
221 15 -0.115332
222 15 0.334994
223 15 -0.0280981
224 15 0.097771
225 15 -0.417773
226 15 0.133175
335 15 -0.0375337
336 15 -0.0380307
337 15 1.05308
338 15 -1.98003
339 15 -0.169929
340 15 0.680615
421 15 -0.109215
422 15 -0.108586
497 15 -0.0381249
498 15 -0.0381315
656 15 0.00357206
658 15 0.00505141
659 15 0.00288424
1 16 0.0845902
4 16 -0.00352766
12 16 -0.0136025
16 16 2.72676
24 16 -0.0473435
33 16 -0.130776
48 16 -0.087033
55 16 -0.043232
87 16 -0.0625643
88 16 0.0621883
89 16 -0.0525205
90 16 0.011313
93 16 -0.133227
94 16 0.0450431
117 16 0.00687345
118 16 -0.0347371
159 16 -0.107957
160 16 0.0387848
183 16 0.268312
184 16 -0.648019
185 16 -0.646206
186 16 0.280246
243 16 -0.323029
244 16 0.0769661
245 16 -0.0117016
246 16 0.0754362
255 16 -0.895788
256 16 0.329898
257 16 -0.117461
258 16 0.314051
313 16 -0.0463316
314 16 -0.0463422
315 16 0.543599
316 16 -0.973988
317 16 0.3842
318 16 -0.627086
405 16 -0.0463141
406 16 -0.0462315
491 16 -0.0369559
492 16 -0.0368859
639 16 0.000654312
641 16 0.000781686
642 16 0.000736156
0 17 0.102233
4 17 -0.01191
15 17 -0.00520116
17 17 2.75285
18 17 -0.130705
24 17 -0.0512765
26 17 -0.0550584
35 17 -0.0869786
75 17 -0.107997
76 17 0.202141
77 17 -0.125252
78 17 0.0406491
81 17 -0.0711175
82 17 0.0181318
117 17 0.0321127
118 17 -0.0906683
177 17 -0.0444264
178 17 0.0115151
187 17 0.290825
188 17 -0.722493
189 17 -0.721867
190 17 0.303999
191 17 -0.0461236
192 17 -0.0462202
211 17 -0.799914
212 17 0.290881
213 17 -0.0991675
214 17 0.269141
223 17 -0.438287
224 17 0.127328
225 17 -0.0310262
226 17 0.119249
325 17 0.384168
326 17 -0.626946
327 17 -0.0462786
328 17 -0.0462446
329 17 -0.973906
330 17 0.543621
411 17 -0.0368377
412 17 -0.0368984
647 17 0.000752575
648 17 0.000789838
650 17 0.000930898
2 18 0.195534
8 18 0.0112181
14 18 -0.0408746
17 18 -0.130705
18 18 4.10869
25 18 -0.0641228
26 18 -0.0700202
35 18 -0.087017
97 18 -0.400945
98 18 0.144292
101 18 0.02678
102 18 -0.036392
103 18 -0.254899
104 18 0.435714
137 18 -0.0551443
138 18 0.103027
171 18 -0.353747
172 18 0.133528
189 18 -0.0461711
190 18 -0.0461304
191 18 0.42181
192 18 -1.1864
193 18 -1.19919
194 18 0.420448
275 18 0.619758
276 18 -0.340267
277 18 0.200622
278 18 -0.421021
279 18 -0.455642
280 18 1.21221
281 18 -3.16529
282 18 1.18141
325 18 -0.0462854
326 18 -0.0461955
327 18 0.384297
328 18 -0.627211
329 18 0.543878
330 18 -0.974309
413 18 -0.0369366
414 18 -0.0369879
647 18 0.00085629
649 18 0.00066428
650 18 0.00103461
3 19 0.190216
8 19 -0.0493042
13 19 0.0165738
19 19 4.56946
25 19 -0.057234
34 19 -0.130929
47 19 -0.0872248
72 19 -0.0488089
105 19 0.0657655
106 19 -0.0560667
109 19 -0.477512
110 19 0.173696
111 19 -0.201985
112 19 0.179641
137 19 0.16575
138 19 -0.441482
169 19 -0.0750303
170 19 0.141167
195 19 0.406686
196 19 -1.17696
197 19 -1.20514
198 19 0.420412
291 19 -3.91927
292 19 1.49727
293 19 -0.566184
294 19 1.47332
295 19 0.276515
296 19 -0.491948
297 19 0.946699
298 19 -0.592854
319 19 -0.0464708
320 19 -0.0465374
321 19 0.543857
322 19 -0.974642
323 19 0.384329
324 19 -0.627601
409 19 -0.0464533
410 19 -0.0464267
485 19 -0.0372244
486 19 -0.0371824
643 19 0.000506911
645 19 0.000634285
646 19 0.000359481
1 20 -0.016072
6 20 -0.0113122
12 20 -0.0435933
20 20 3.09446
28 20 0.000627229
37 20 0.00160682
56 20 -0.0376932
62 20 -0.173198
85 20 -0.00802911
86 20 -0.0018304
91 20 0.0510879
92 20 -0.141113
93 20 0.0559359
94 20 -0.161882
127 20 0.193471
128 20 -0.781212
147 20 -0.00299599
148 20 -0.0224456
161 20 0.295427
162 20 -0.629023
163 20 -0.592545
164 20 0.33879
235 20 -0.0418706
236 20 0.0408581
237 20 -0.0412797
238 20 -0.0641286
251 20 0.466139
252 20 -0.169227
253 20 0.452791
254 20 -1.25466
343 20 -0.0355816
344 20 -0.0352993
345 20 -0.0356513
346 20 -0.035742
423 20 0.0783233
424 20 0.0745652
427 20 -1.30989
428 20 0.712713
507 20 -0.0727086
508 20 -0.0724848
662 20 0.00270854
664 20 0.00219904
667 20 0.00338607
3 21 0.0115019
9 21 -0.0201067
13 21 0.0352854
21 21 3.81376
30 21 -0.0346299
42 21 -0.0582187
57 21 0.0256178
67 21 -0.174927
105 21 -0.0419246
106 21 0.049366
107 21 -0.0484975
108 21 0.0787078
113 21 0.114879
114 21 -0.306841
141 21 0.315511
142 21 -1.29703
157 21 0.121589
158 21 -0.336676
165 21 0.133945
166 21 -0.228336
167 21 -0.276207
168 21 0.1362
283 21 -0.368394
284 21 0.191699
285 21 -0.351511
286 21 0.573448
303 21 1.03661
304 21 -0.390096
305 21 1.01698
306 21 -2.71963
383 21 -0.0498449
384 21 -0.0499069
389 21 -0.0310799
390 21 -0.0310674
453 21 0.281381
454 21 -0.393763
457 21 -1.31861
458 21 0.706238
523 21 -0.0561759
524 21 -0.0562133
694 21 0.000189602
698 21 0.00029519
701 21 5.25063e-05
2 22 -0.0335214
7 22 -0.0526204
14 22 0.0353928
22 22 3.46638
29 22 0.00354047
43 22 -0.0717904
58 22 0.0272115
68 22 -0.115747
95 22 -0.0254747
96 22 0.0425051
97 22 0.114759
98 22 -0.320784
99 22 0.0961515
100 22 -0.246252
133 22 0.399478
134 22 -1.49411
153 22 -0.0094024
154 22 -0.0239008
173 22 0.128181
174 22 -0.17273
175 22 -0.154578
176 22 0.123436
263 22 -0.117736
264 22 0.0916807
265 22 -0.177216
266 22 0.1427
267 22 0.835226
268 22 -0.314059
269 22 0.788806
270 22 -2.13276
393 22 -0.0394103
394 22 -0.0391074
397 22 -0.0390603
398 22 -0.0391114
459 22 0.490822
460 22 -0.858174
463 22 -0.512044
464 22 0.332144
527 22 -0.0489069
528 22 -0.0492427
703 22 0.00204226
705 22 0.00116237
708 22 0.00238617
0 23 -0.00378274
5 23 -0.0353016
15 23 -0.06852
23 23 3.64138
27 23 -0.016072
36 23 0.0759406
59 23 -0.0623912
61 23 -0.259065
79 23 0.0038408
80 23 -0.0223481
81 23 0.0149399
82 23 -0.0688214
83 23 0.0437851
84 23 -0.117618
121 23 0.27812
122 23 -1.05268
143 23 0.0561238
144 23 -0.167537
179 23 0.401456
180 23 -0.833009
181 23 -0.760733
182 23 0.478109
219 23 0.0938751
220 23 -0.00980262
221 23 0.0546509
222 23 -0.326583
227 23 0.402423
228 23 -0.142124
229 23 0.371065
230 23 -1.06807
333 23 -0.0371568
334 23 -0.0365688
337 23 -0.0372614
338 23 -0.037233
417 23 1.053
418 23 -1.97857
421 23 -0.170219
422 23 0.6823
503 23 -0.10821
504 23 -0.107455
653 23 0.00472563
655 23 0.00650112
658 23 0.00396138
0 24 -0.0043939
1 24 -0.0126573
4 24 0.093259
16 24 -0.0473435
17 24 -0.0512765
24 24 2.73536
33 24 -0.0870138
35 24 -0.130748
75 24 0.00930118
76 24 -0.039765
77 24 0.0148354
78 24 -0.0620228
87 24 0.0351341
88 24 -0.0984947
89 24 0.0425402
90 24 -0.128452
117 24 -0.0854581
118 24 0.133143
185 24 0.279473
186 24 -0.68478
187 24 -0.683623
188 24 0.292089
211 24 0.0982042
212 24 -0.0218037
213 24 0.103079
214 24 -0.382347
243 24 0.289247
244 24 -0.10738
245 24 0.308058
246 24 -0.841895
307 24 -0.0463202
308 24 -0.0462979
315 24 -0.0369369
316 24 -0.0368716
325 24 -0.046277
326 24 -0.0461874
405 24 0.384184
406 24 -0.627029
411 24 -0.97396
412 24 0.54361
636 24 0.000690364
641 24 0.000749918
648 24 0.000843213
2 25 -0.044405
3 25 0.0135153
8 25 0.19163
18 25 -0.0641228
19 25 -0.057234
25 25 4.2896
34 25 -0.0871289
35 25 -0.130825
101 25 0.156472
102 25 -0.432334
103 25 0.147066
104 25 -0.390541
109 25 -0.0449162
110 25 0.0442151
111 25 -0.0634967
112 25 0.119101
137 25 -0.229134
138 25 0.319241
193 25 0.413474
194 25 -1.17513
195 25 -1.19368
196 25 0.417762
275 25 1.30255
276 25 -0.501642
277 25 1.33003
278 25 -3.47618
291 25 -0.493613
292 25 0.232753
293 25 -0.405868
294 25 0.76166
311 25 -0.0463429
312 25 -0.0464212
321 25 -0.0370693
322 25 -0.0371159
327 25 -0.046322
328 25 -0.0462884
409 25 0.384313
410 25 -0.627419
413 25 0.543868
414 25 -0.974489
638 25 0.000668521
645 25 0.000498802
649 25 0.00082137
0 26 -0.0113198
2 26 0.00939229
14 26 0.04484
15 26 -0.0742662
17 26 -0.0550584
18 26 -0.0700202
26 26 3.38058
49 26 -0.187656
75 26 0.0295945
76 26 -0.0841526
81 26 0.0392472
82 26 -0.123314
97 26 -0.029517
98 26 0.011973
103 26 -0.0487373
104 26 0.090581
171 26 -0.145755
172 26 0.106091
177 26 -0.820562
178 26 0.497894
189 26 0.302317
190 26 -0.76094
191 26 -1.21487
192 26 0.426097
223 26 0.252822
224 26 -0.0924579
225 26 0.277465
226 26 -0.767549
279 26 -0.28765
280 26 0.175709
281 26 -0.364719
282 26 0.504835
329 26 -0.0367842
330 26 -0.0368402
339 26 -0.110068
340 26 -0.109564
401 26 -0.0481768
402 26 -0.0477291
497 26 0.812528
498 26 -1.37814
650 26 0.000855916
659 26 0.00380573
710 26 0.00254488
5 27 0.123999
10 27 -0.00135989
23 27 -0.016072
27 27 2.96642
31 27 -0.0326565
59 27 -0.0404269
83 27 0.363563
84 27 -0.174561
119 27 0.00651516
120 27 -0.0501328
121 27 -0.170094
122 27 0.0573957
123 27 -0.0047806
124 27 -0.00298691
143 27 -1.08888
144 27 0.288224
145 27 -1.07352
146 27 0.282531
181 27 0.0489461
182 27 -0.134184
199 27 0.363051
200 27 -0.163772
207 27 -0.149218
208 27 0.0566695
227 27 0.443064
228 27 -1.25171
229 27 0.466026
230 27 -0.165978
231 27 0.0252269
232 27 -0.16876
233 27 -0.016308
234 27 0.0207089
537 27 -0.00370532
538 27 -0.00643119
539 27 0.502965
540 27 -1.31279
541 27 0.470855
542 27 -0.183493
543 27 -0.015654
544 27 -0.151271
545 27 -0.00379856
546 27 0.0291257
6 28 0.106841
10 28 -0.01785
20 28 0.000627229
28 28 2.98207
31 28 -0.0244699
56 28 -0.0157552
85 28 0.214314
86 28 -0.128572
123 28 0.0563378
124 28 -0.153772
125 28 0.0628032
126 28 -0.181468
127 28 -0.030198
128 28 -0.00129096
147 28 -0.937251
148 28 0.240918
149 28 -0.948761
150 28 0.242665
163 28 -0.0107455
164 28 0.00916152
201 28 0.210472
202 28 -0.114532
207 28 0.00744577
208 28 -0.0120371
235 28 -0.0709136
236 28 -0.0378794
237 28 -0.0321766
238 28 0.0445814
239 28 0.519734
240 28 -1.38832
241 28 0.501939
242 28 -0.189134
531 28 -0.174798
532 28 0.0666533
547 28 -0.0633429
548 28 -0.0211278
549 28 -0.0670197
550 28 0.0526773
551 28 0.538641
552 28 -1.46619
553 28 0.565199
554 28 -0.211211
7 29 0.160745
11 29 -0.0294244
22 29 0.00354047
29 29 3.52754
32 29 -0.0417948
58 29 -0.0506923
95 29 0.417099
96 29 -0.186863
129 29 0.0843768
130 29 -0.21738
131 29 0.100332
132 29 -0.281277
133 29 -0.0161067
134 29 -0.0111263
151 29 -1.30436
152 29 0.346414
153 29 -1.31595
154 29 0.348073
175 29 -0.0219596
176 29 0.0288688
203 29 0.428774
204 29 -0.208643
209 29 0.0298237
210 29 -0.0197125
259 29 0.690166
260 29 -1.87154
261 29 0.729946
262 29 -0.273727
263 29 -0.135033
264 29 0.0948577
265 29 -0.12367
266 29 0.0849307
535 29 -0.193949
536 29 0.0724137
555 29 -0.0827329
556 29 0.0698234
557 29 -0.135003
558 29 0.072753
559 29 0.672817
560 29 -1.77528
561 29 0.646054
562 29 -0.246669
9 30 0.147641
11 30 0.00611488
21 30 -0.0346299
30 30 3.70333
32 30 -0.0322094
57 30 -0.0216766
113 30 0.245046
114 30 -0.132135
129 30 -0.0297069
130 30 0.0435068
139 30 -0.0215225
140 30 0.00895648
141 30 -0.315928
142 30 0.115208
155 30 -1.19095
156 30 0.303452
157 30 -1.18652
158 30 0.309083
165 30 -0.259651
166 30 0.101057
205 30 0.264997
206 30 -0.162295
209 30 -0.224346
210 30 0.0837505
299 30 -0.202784
300 30 0.257995
301 30 -0.202847
302 30 0.117432
303 30 0.804135
304 30 -2.14077
305 30 0.839015
306 30 -0.320516
533 30 -0.0278406
534 30 0.0460215
563 30 0.762788
564 30 -2.00842
565 30 0.741524
566 30 -0.283598
567 30 -0.15525
568 30 0.231942
569 30 -0.207655
570 30 0.104732
5 31 -0.0168513
6 31 -0.000418367
10 31 0.115211
27 31 -0.0326565
28 31 -0.0244699
31 31 2.96002
83 31 -0.142945
84 31 0.0522574
85 31 0.00272252
86 31 -0.00756016
119 31 -0.17473
120 31 0.0597099
123 31 -0.151724
124 31 0.290468
125 31 -0.0404735
126 31 0.00279786
145 31 0.265303
146 31 -1.01731
149 31 0.261316
150 31 -1.00361
199 31 0.00156829
200 31 -0.00905313
201 31 -0.160555
202 31 0.061093
207 31 0.288528
208 31 -0.139554
231 31 -0.176234
232 31 0.469049
233 31 -1.31093
234 31 0.489419
239 31 0.0318722
240 31 -0.0419568
241 31 -0.106206
242 31 -0.00200751
539 31 0.0401441
540 31 -0.0398974
541 31 -0.0890551
542 31 -0.0319404
547 31 -0.195708
548 31 0.500675
549 31 -1.37923
550 31 0.530014
7 32 0.00473299
9 32 -0.0316376
11 32 0.153709
29 32 -0.0417948
30 32 -0.0322094
32 32 3.58969
95 32 0.0356498
96 32 -0.0255007
113 32 -0.235686
114 32 0.0915913
129 32 -0.160452
130 32 0.334598
131 32 -0.00426326
132 32 -0.0159456
139 32 -0.295714
140 32 0.106628
151 32 0.325488
152 32 -1.25058
155 32 0.32686
156 32 -1.24196
203 32 -0.207315
204 32 0.0774062
205 32 0.0372541
206 32 -0.0234095
209 32 0.349746
210 32 -0.185737
259 32 0.171187
260 32 -0.166296
261 32 0.0997644
262 32 -0.16016
299 32 -1.98685
300 32 0.739434
301 32 -0.293959
302 32 0.77673
555 32 -0.262782
556 32 0.687592
557 32 -1.87548
558 32 0.71161
563 32 0.0873541
564 32 -0.168293
565 32 0.145701
566 32 -0.116414
16 33 -0.130776
24 33 -0.0870138
33 33 2.98393
34 33 -0.130859
35 33 -0.0870553
48 33 -0.0870777
53 33 -0.0871193
185 33 -0.0462568
186 33 -0.0462395
307 33 -0.627475
308 33 0.384425
309 33 -0.974157
310 33 0.543621
311 33 -0.0463341
312 33 -0.046412
313 33 -0.627394
314 33 0.38435
315 33 -0.974458
316 33 0.5439
317 33 -0.0463502
318 33 -0.0462742
403 33 0.384211
404 33 -0.627244
405 33 -0.627625
406 33 0.384565
407 33 -0.0464448
408 33 -0.0464295
411 33 -0.0368723
412 33 -0.0369329
489 33 -0.0370611
490 33 -0.0370005
635 33 0.000654307
636 33 0.000844419
637 33 0.000526934
639 33 0.000775313
640 33 0.000589671
641 33 0.000902687
19 34 -0.130929
25 34 -0.0871289
33 34 -0.130859
34 34 2.98234
35 34 -0.0870937
47 34 -0.0871928
53 34 -0.0871576
195 34 -0.046421
196 34 -0.0464943
307 34 -0.0463629
308 34 -0.0463409
309 34 0.543878
310 34 -0.97456
311 34 0.384554
312 34 -0.627739
319 34 -0.627381
320 34 0.384221
321 34 -0.974306
322 34 0.543642
323 34 -0.0465317
324 34 -0.0465117
403 34 -0.0464516
404 34 -0.0463803
407 34 0.384339
408 34 -0.627508
409 34 -0.627612
410 34 0.384436
413 34 -0.0369711
414 34 -0.0370224
487 34 -0.0371506
488 34 -0.0370993
635 34 0.000758022
637 34 0.000630649
638 34 0.000718861
643 34 0.000420482
644 34 0.000464113
645 34 0.000547856
17 35 -0.0869786
18 35 -0.087017
24 35 -0.130748
25 35 -0.130825
33 35 -0.0870553
34 35 -0.0870937
35 35 2.98456
187 35 -0.0462238
188 35 -0.0461948
193 35 -0.0462821
194 35 -0.0463671
307 35 0.384323
308 35 -0.627315
309 35 -0.0369783
310 35 -0.0370343
311 35 -0.627177
312 35 0.384195
325 35 -0.627593
326 35 0.384581
327 35 -0.627454
328 35 0.384452
329 35 -0.0368246
330 35 -0.0368805
405 35 -0.0463276
406 35 -0.0462447
409 35 -0.046415
410 35 -0.046388
411 35 0.543889
412 35 -0.974397
413 35 -0.974119
414 35 0.543632
635 35 0.000613896
636 35 0.000802722
638 35 0.000573449
647 35 0.000919594
648 35 0.000955571
649 35 0.000726298
15 36 -0.25988
23 36 0.0759406
36 36 4.44595
49 36 -0.260225
54 36 0.07525
60 36 -0.259842
61 36 -0.259496
179 36 -0.0373097
180 36 -0.0367086
331 36 1.05329
332 36 -1.9803
333 36 -1.98155
334 36 1.05445
335 36 -1.97891
336 36 1.05201
337 36 -1.98016
338 36 1.05316
339 36 -0.109912
340 36 -0.109409
415 36 -0.0374317
416 36 -0.0378937
417 36 -0.0366455
418 36 -0.036604
419 36 -0.16964
420 36 0.680264
421 36 0.677766
422 36 -0.167322
495 36 -0.0379984
496 36 -0.0380959
499 36 -0.109143
500 36 -0.10864
651 36 0.0050886
652 36 0.00382896
653 36 0.00589242
656 36 0.00356011
657 36 0.00306472
658 36 0.00512818
12 37 -0.173581
20 37 0.00160682
37 37 3.43082
44 37 -0.173684
50 37 0.00140221
62 37 -0.173326
63 37 -0.173428
161 37 -0.0357648
162 37 -0.0354875
341 37 -1.3104
342 37 0.712799
343 37 -1.31077
344 37 0.713143
345 37 -1.30984
346 37 0.712284
347 37 -1.30947
348 37 0.711941
349 37 -0.0733486
350 37 -0.0734978
423 37 0.0754235
424 37 0.0769798
425 37 0.0777198
426 37 0.0747369
427 37 -0.0354178
428 37 -0.035322
429 37 -0.0357999
430 37 -0.0355549
469 37 -0.0359977
470 37 -0.0358697
505 37 -0.0729852
506 37 -0.072836
660 37 0.00296754
661 37 0.00244286
662 37 0.00305425
663 37 0.00194855
664 37 0.00254476
665 37 0.00193336
38 38 3.13186
44 38 -0.174203
45 38 -0.0868227
50 38 -0.0574706
51 38 -0.0577151
64 38 -0.086698
65 38 -0.174323
351 38 -1.31736
352 38 0.706069
353 38 -0.62406
354 38 0.38774
355 38 -1.31779
356 38 0.706471
357 38 -0.623609
358 38 0.387321
359 38 -0.0552587
360 38 -0.0554325
431 38 0.281695
432 38 -0.39303
433 38 -0.392145
434 38 0.280874
435 38 -0.030108
436 38 -0.030197
437 38 -0.0493168
438 38 -0.0492319
469 38 -0.0489576
470 38 -0.0488607
475 38 -0.0304795
476 38 -0.0305655
511 38 -0.0554322
512 38 -0.0552493
669 38 0.00122398
670 38 0.000859541
671 38 0.00160041
672 38 0.00121443
673 38 0.00158557
674 38 0.000864822
39 39 2.98022
40 39 -0.130961
41 39 -0.0872472
46 39 -0.131031
47 39 -0.087244
52 39 -0.0872823
53 39 -0.0872088
361 39 -0.627722
362 39 0.384382
363 39 -0.974728
364 39 0.543878
365 39 -0.046555
366 39 -0.0465024
367 39 -0.627733
368 39 0.384393
369 39 -0.974473
370 39 0.543642
371 39 -0.0465687
372 39 -0.0466233
439 39 0.384511
440 39 -0.62786
441 39 -0.627595
442 39 0.384264
443 39 -0.0464886
444 39 -0.046492
447 39 -0.0372505
448 39 -0.0371992
481 39 -0.0466338
482 39 -0.0466351
487 39 -0.0371736
488 39 -0.0371223
678 39 0.000488713
679 39 0.000347652
680 39 0.000565137
682 39 0.00035497
683 39 0.000500501
684 39 0.000278546
39 40 -0.130961
40 40 2.98181
41 40 -0.0872088
45 40 -0.130878
48 40 -0.0871289
51 40 -0.0871672
53 40 -0.0871704
361 40 -0.0465516
362 40 -0.0465482
363 40 0.543621
364 40 -0.974325
365 40 0.384254
366 40 -0.627457
373 40 -0.627746
374 40 0.384522
375 40 -0.974625
376 40 0.5439
377 40 -0.0463872
378 40 -0.0463858
439 40 -0.0464818
440 40 -0.0465411
443 40 0.384382
444 40 -0.627596
445 40 -0.627608
446 40 0.384393
449 40 -0.037161
450 40 -0.0371004
475 40 -0.0463963
476 40 -0.0464536
489 40 -0.0370841
490 40 -0.0370235
678 40 0.000384998
680 40 0.000461422
681 40 0.00047321
686 40 0.000709801
687 40 0.000626059
688 40 0.000633377
39 41 -0.0872472
40 41 -0.0872088
41 41 2.98032
51 41 -0.130953
52 41 -0.13103
70 41 -0.0872344
71 41 -0.0872727
361 41 0.384366
362 41 -0.627697
363 41 -0.0371829
364 41 -0.0371269
365 41 -0.627835
366 41 0.384495
379 41 -0.627604
380 41 0.38428
381 41 -0.627743
382 41 0.384409
441 41 -0.0465775
442 41 -0.0466251
445 41 -0.0464902
446 41 -0.0464818
447 41 0.543632
448 41 -0.974454
449 41 -0.974732
450 41 0.543889
477 41 -0.0464888
478 41 -0.0465344
483 41 -0.0466321
484 41 -0.0466218
517 41 -0.0372341
518 41 -0.0371782
678 41 0.000482873
679 41 0.000340527
681 41 0.0005698
690 41 0.000380974
691 41 0.000289577
692 41 0.00051885
13 42 -0.174836
21 42 -0.0582187
42 42 3.11994
46 42 -0.0872831
52 42 -0.058118
66 42 -0.174841
67 42 -0.0873886
167 42 -0.0498815
168 42 -0.0498106
383 42 -0.624586
384 42 0.387354
385 42 -1.31851
386 42 0.706262
387 42 -0.624967
388 42 0.387708
389 42 -1.31853
390 42 0.706278
391 42 -0.0559552
392 42 -0.0560332
451 42 0.281453
452 42 -0.393711
453 42 -0.393347
454 42 0.281115
455 42 -0.0497085
456 42 -0.0497915
457 42 -0.0311446
458 42 -0.0311496
481 42 -0.0309395
482 42 -0.0309415
519 42 -0.0561391
520 42 -0.0560702
693 42 0.000167658
694 42 8.55384e-05
695 42 0.000376401
696 42 0.000387378
697 42 0.000496319
698 42 0.000185341
14 43 -0.115306
22 43 -0.0717904
43 43 3.00417
49 43 -0.114999
54 43 -0.0711765
68 43 -0.115478
69 43 -0.115171
173 43 -0.0390636
174 43 -0.0394043
393 43 0.489921
394 43 -0.856324
395 43 -0.857434
396 43 0.490951
397 43 -0.856948
398 43 0.4905
399 43 -0.858058
400 43 0.49153
401 43 -0.0482935
402 43 -0.0478458
459 43 -0.0393625
460 43 -0.0394513
461 43 -0.0386637
462 43 -0.0383049
463 43 0.330342
464 43 -0.509223
465 43 -0.511443
466 43 0.332402
495 43 -0.0382578
496 43 -0.0383648
525 43 -0.0486394
526 43 -0.0481918
702 43 0.00204128
703 43 0.00131625
704 43 0.00315044
707 43 0.0027291
708 43 0.00166016
709 43 0.00349435
12 44 0.00124875
37 44 -0.173684
38 44 -0.174203
44 44 3.27932
45 44 -0.0575905
50 44 -0.130165
55 44 -0.130299
159 44 -0.0361798
160 44 -0.0359399
345 44 -0.0357813
346 44 -0.0358771
347 44 0.713057
348 44 -1.31122
349 44 0.0753376
350 44 0.0765282
355 44 0.706028
356 44 -1.3171
357 44 -0.0490928
358 44 -0.0491707
359 44 -0.391904
360 44 0.28085
425 44 -0.0732883
426 44 -0.0734003
431 44 -0.055099
432 44 -0.0552924
467 44 0.518573
468 44 -0.99817
469 44 -0.936138
470 44 0.581513
473 44 -0.0303114
474 44 -0.0304148
663 44 0.00240827
665 44 0.00237251
666 44 0.00194972
672 44 0.00103713
673 44 0.00140635
675 44 0.00107585
38 45 -0.0868227
40 45 -0.130878
44 45 -0.0575905
45 45 3.05685
48 45 -0.0870841
51 45 -0.130776
55 45 -0.130668
355 45 -0.0303636
356 45 -0.0302677
357 45 0.387675
358 45 -0.624164
359 45 0.281646
360 45 -0.393151
373 45 -0.0464432
374 45 -0.0463792
375 45 0.543599
376 45 -0.974155
377 45 0.384372
378 45 -0.627438
433 45 -0.0554133
434 45 -0.0555752
445 45 -0.0464536
446 45 -0.0464456
467 45 -0.0490827
468 45 -0.0490138
473 45 0.53772
474 45 -0.980655
475 45 -0.964638
476 45 0.552982
491 45 -0.0369789
492 45 -0.036909
672 45 0.00136089
674 45 0.00100357
675 45 0.00139382
686 45 0.0005888
688 45 0.000512376
689 45 0.000772543
13 46 -0.0581084
39 46 -0.131031
42 46 -0.0872831
46 46 3.05057
47 46 -0.0872759
52 46 -0.131019
72 46 -0.131007
169 46 -0.0497521
170 46 -0.0496532
367 46 -0.0465824
368 46 -0.0465744
369 46 0.543857
370 46 -0.974809
371 46 0.3845
372 46 -0.627954
387 46 0.387289
388 46 -0.624312
389 46 -0.0310337
390 46 -0.0310217
391 46 -0.393091
392 46 0.281067
441 46 -0.0465928
442 46 -0.0466408
451 46 -0.0559307
452 46 -0.0560206
479 46 0.53752
480 46 -0.980875
481 46 -0.965204
482 46 0.553104
485 46 -0.0372474
486 46 -0.0372055
682 46 0.000441399
684 46 0.000364975
685 46 0.000395869
696 46 0.000222699
697 46 0.000323925
699 46 0.000370266
19 47 -0.0872248
34 47 -0.0871928
39 47 -0.087244
46 47 -0.0872759
47 47 2.98045
53 47 -0.130953
72 47 -0.131017
197 47 -0.0465402
198 47 -0.0466019
319 47 0.384527
320 47 -0.62786
321 47 -0.0370981
322 47 -0.0371447
323 47 -0.627744
324 47 0.38442
367 47 0.384356
368 47 -0.627675
369 47 -0.0372006
370 47 -0.0372473
371 47 -0.627559
372 47 0.384248
407 47 -0.0464825
408 47 -0.0464675
439 47 -0.0464964
440 47 -0.046556
479 47 -0.0466158
480 47 -0.0466288
485 47 0.543653
486 47 -0.974467
487 47 -0.974698
488 47 0.543868
643 47 0.000544286
644 47 0.000586632
646 47 0.000395571
682 47 0.000340488
683 47 0.000484733
685 47 0.000293672
16 48 -0.087033
33 48 -0.0870777
40 48 -0.0871289
45 48 -0.0870841
48 48 2.98363
53 48 -0.130876
55 48 -0.130787
183 48 -0.0462702
184 48 -0.0462646
313 48 0.384398
314 48 -0.62747
315 48 -0.0369657
316 48 -0.0369005
317 48 -0.627632
318 48 0.384549
373 48 0.384227
374 48 -0.627285
375 48 -0.0370682
376 48 -0.037003
377 48 -0.627447
378 48 0.384377
403 48 -0.0464374
404 48 -0.0463665
443 48 -0.0464514
444 48 -0.046455
473 48 -0.0462842
474 48 -0.0463531
489 48 0.54361
490 48 -0.974169
491 48 -0.974493
492 48 0.543911
639 48 0.000795402
640 48 0.000608475
642 48 0.00087596
686 48 0.000591604
687 48 0.000506576
689 48 0.000774061
14 49 -0.0712868
15 49 0.0751877
26 49 -0.187656
36 49 -0.260225
43 49 -0.114999
49 49 3.72361
54 49 -0.187571
171 49 -0.0383675
172 49 -0.0387991
177 49 -0.0381929
178 49 -0.0376827
335 49 1.05424
336 49 -1.98241
337 49 -0.0375951
338 49 -0.0375885
339 49 0.676988
340 49 -0.167612
397 49 -0.0388158
398 49 -0.0388697
399 49 0.489711
400 49 -0.855212
401 49 0.330213
402 49 -0.508198
419 49 -0.109937
420 49 -0.109559
465 49 -0.0480888
466 49 -0.0475852
495 49 0.812709
496 49 -1.37827
497 49 -1.45927
498 49 0.731206
656 49 0.00450549
657 49 0.00392139
659 49 0.00381767
707 49 0.00200239
709 49 0.00275608
710 49 0.00251826
37 50 0.00140221
38 50 -0.0574706
44 50 -0.130165
50 50 3.2825
63 50 -0.173505
64 50 -0.174064
73 50 -0.129987
341 50 -0.0357017
342 50 -0.0355686
347 50 -0.0357714
348 50 -0.0360114
353 50 -0.0490295
354 50 -0.0489236
355 50 -0.0302801
356 50 -0.0301837
425 50 0.0752518
426 50 0.0769137
429 50 -1.31093
430 50 0.713057
431 50 -0.391632
432 50 0.280801
435 50 -1.3169
436 50 0.706044
469 50 0.51849
470 50 -0.997817
471 50 -0.935947
472 50 0.58158
509 50 -0.0730616
510 50 -0.0731363
513 50 -0.0551141
514 50 -0.0548997
661 50 0.00265029
665 50 0.00214079
668 50 0.00271643
671 50 0.00123775
673 50 0.0012287
676 50 0.00167384
38 51 -0.0577151
40 51 -0.0871672
41 51 -0.130953
45 51 -0.130776
51 51 3.05482
65 51 -0.0869354
70 51 -0.130864
351 51 -0.030423
352 51 -0.0305015
357 51 -0.0491737
358 51 -0.0492497
365 51 -0.0465351
366 51 -0.0464828
375 51 -0.0370855
376 51 -0.0370203
381 51 -0.046542
382 51 -0.0465271
433 51 0.281622
434 51 -0.393317
437 51 -0.624373
438 51 0.387691
445 51 0.384356
446 51 -0.627549
449 51 0.54361
450 51 -0.974295
475 51 0.537686
476 51 -0.980777
477 51 -0.964832
478 51 0.553014
515 51 -0.0555459
516 51 -0.0556974
670 51 0.00116386
674 51 0.00116335
677 51 0.000844748
681 51 0.000457442
688 51 0.000618895
692 51 0.000406493
39 52 -0.0872823
41 52 -0.13103
42 52 -0.058118
46 52 -0.131019
52 52 3.05052
66 52 -0.0872807
71 52 -0.131011
361 52 -0.0465838
362 52 -0.0465801
369 52 -0.0372179
370 52 -0.0372645
379 52 -0.0465871
380 52 -0.046628
385 52 -0.0310358
386 52 -0.0310303
387 52 -0.0497708
388 52 -0.0496789
441 52 0.384484
442 52 -0.627939
447 52 -0.974823
448 52 0.543868
451 52 -0.393069
452 52 0.281043
455 52 -0.624334
456 52 0.387305
481 52 0.537486
482 52 -0.98084
483 52 -0.965242
484 52 0.553136
521 52 -0.056012
522 52 -0.0559116
679 52 0.000435599
684 52 0.000367778
691 52 0.000384649
695 52 0.000213999
697 52 0.00032813
700 52 0.000353437
33 53 -0.0871193
34 53 -0.0871576
39 53 -0.0872088
40 53 -0.0871704
47 53 -0.130953
48 53 -0.130876
53 53 2.98191
309 53 -0.0370071
310 53 -0.0370631
313 53 -0.0463739
314 53 -0.0463842
319 53 -0.0464612
320 53 -0.0465275
363 53 -0.0371656
364 53 -0.0371096
367 53 -0.0465498
368 53 -0.0465414
373 53 -0.0464624
374 53 -0.0463981
403 53 -0.627756
404 53 0.384538
407 53 -0.627617
408 53 0.384409
439 53 -0.627432
440 53 0.384238
443 53 -0.627571
444 53 0.384366
487 53 0.543632
488 53 -0.974328
489 53 -0.974606
490 53 0.543889
637 53 0.000659381
640 53 0.000720833
644 53 0.00049156
680 53 0.000455583
683 53 0.000389661
687 53 0.000618934
36 54 0.07525
43 54 -0.0711765
49 54 -0.187571
54 54 3.72646
60 54 -0.260101
69 54 -0.114826
74 54 -0.187362
331 54 -0.0374777
332 54 -0.0375621
335 54 -0.0376667
336 54 -0.0381419
395 54 -0.0387471
396 54 -0.0386023
399 54 -0.0387001
400 54 -0.0383034
415 54 1.05416
416 54 -1.98208
419 54 0.677543
420 54 -0.167902
461 54 0.489792
462 54 -0.855055
465 54 0.330084
466 54 -0.507816
493 54 0.81289
494 54 -1.3782
495 54 -1.45875
496 54 0.730969
501 54 -0.109401
502 54 -0.109653
529 54 -0.0478479
530 54 -0.0472883
652 54 0.00452904
654 54 0.00424108
657 54 0.0037648
704 54 0.002217
706 54 0.0031713
709 54 0.00256091
1 55 -0.00258882
12 55 -0.0490575
16 55 -0.043232
44 55 -0.130299
45 55 -0.130668
48 55 -0.130787
55 55 3.00738
87 55 0.00418137
88 55 -0.0292595
93 55 0.0075094
94 55 -0.0425116
159 55 -0.642606
160 55 0.355767
183 55 -0.609858
184 55 0.268495
255 55 0.0505335
256 55 -0.000503219
257 55 0.0485266
258 55 -0.259522
317 55 -0.0463316
318 55 -0.046256
349 55 -0.0734523
350 55 -0.0736015
359 55 -0.0552513
360 55 -0.0554237
377 55 -0.0463456
378 55 -0.0463446
467 55 -0.936256
468 55 0.581446
473 55 -0.964411
474 55 0.552949
491 55 0.543589
492 55 -0.973989
642 55 0.000746316
666 55 0.00211229
675 55 0.00120163
689 55 0.000644417
6 56 -0.0191364
20 56 -0.0376932
28 56 -0.0157552
56 56 3.22564
62 56 0.00201605
85 56 -0.167323
86 56 0.0614297
127 56 0.0669208
128 56 -0.190973
147 56 0.220417
148 56 -0.884322
163 56 0.285808
164 56 -0.608218
201 56 0.0141141
202 56 -0.0154996
235 56 -1.48983
236 56 0.543979
237 56 -0.20553
238 56 0.559223
427 56 -0.0352597
428 56 -0.035169
507 56 0.0744794
508 56 0.0791273
531 56 -0.574776
532 56 0.332133
551 56 0.0543753
552 56 -0.0979448
553 56 0.0672282
554 56 -0.0991116
579 56 -0.0350922
580 56 -0.0347726
581 56 -1.30917
582 56 0.712713
667 56 0.00280864
715 56 0.00336908
736 56 0.00414851
9 57 0.00776733
21 57 0.0256178
30 57 -0.0216766
57 57 3.46918
67 57 -0.0582906
113 57 0.052876
114 57 -0.0348578
141 57 -0.0281923
142 57 0.0241717
157 57 0.282164
158 57 -1.13952
165 57 -0.258559
166 57 0.133007
205 57 -0.246508
206 57 0.091983
303 57 0.359747
304 57 -0.246661
305 57 0.139158
306 57 -0.254488
457 57 -0.0311751
458 57 -0.0311806
523 57 0.281332
524 57 -0.393805
533 57 0.139965
534 57 -0.22008
567 57 -0.311041
568 57 0.812974
569 57 -2.18773
570 57 0.831471
599 57 -0.0499391
600 57 -0.0499732
601 57 -1.31872
602 57 0.706254
701 57 0.00013415
723 57 7.63269e-05
746 57 6.10301e-06
7 58 -0.0277505
22 58 0.0272115
29 58 -0.0506923
58 58 3.26033
68 58 -0.0721692
95 58 -0.203076
