3028
220 220
0 0 2.78006
1 0 -0.129388
2 0 -0.0504897
3 0 0.102322
5 0 -0.0857565
6 0 -0.0430397
7 0 -0.0142203
10 0 -0.00374013
16 0 -0.0873751
17 0 0.151857
20 0 -0.0573958
21 0 0.0130088
22 0 -0.139015
23 0 0.0469035
28 0 -0.104403
29 0 0.0382894
34 0 -0.0389143
35 0 0.00830995
36 0 0.275646
37 0 -0.672942
38 0 -0.68007
39 0 0.291794
40 0 -0.0440011
41 0 -0.044726
48 0 -0.371098
49 0 0.0904315
50 0 -0.0182659
51 0 0.097387
52 0 -0.856709
53 0 0.319546
54 0 -0.11351
55 0 0.297463
64 0 0.382948
65 0 -0.623021
66 0 -0.0450638
67 0 -0.0448934
68 0 -0.970329
69 0 0.542714
82 0 -0.035619
83 0 -0.0350967
146 0 0.00205473
147 0 0.00254904
149 0 0.00327752
0 1 -0.129388
1 1 4.24446
2 1 -0.0674882
4 1 0.181564
5 1 -0.0860634
8 1 0.0128721
9 1 -0.0391666
13 1 -0.0560933
18 1 -0.250242
19 1 0.345549
24 1 -0.392646
25 1 0.140929
26 1 0.0349575
27 1 -0.0411657
30 1 -0.063417
31 1 0.124131
32 1 -0.363798
33 1 0.135123
38 1 -0.0443329
39 1 -0.0440557
40 1 0.413562
41 1 -1.17354
42 1 -1.2015
43 1 0.431851
56 1 -0.473094
57 1 1.26698
58 1 -3.34959
59 1 1.24716
60 1 0.225751
61 1 -0.370569
62 1 0.741686
63 1 -0.506223
64 1 -0.0451184
65 1 -0.0445003
66 1 0.383978
67 1 -0.625136
68 1 0.544774
69 1 -0.973553
80 1 -0.0362977
81 1 -0.0359247
146 1 0.00288445
148 1 0.00154458
149 1 0.00410724
0 2 -0.0504897
1 2 -0.0674882
2 2 3.44911
3 2 -0.0124861
4 2 0.00874069
9 2 0.0443911
10 2 -0.0647198
15 2 -0.181609
16 2 0.0319048
17 2 -0.0880018
18 2 -0.047848
19 2 0.0928355
20 2 0.0428329
21 2 -0.132239
24 2 -0.0263605
25 2 0.00492819
32 2 -0.118994
33 2 0.090802
34 2 -0.807483
35 2 0.499734
38 2 0.296643
39 2 -0.745664
40 2 -1.20934
41 2 0.429102
48 2 0.25819
49 2 -0.097292
50 2 0.286652
51 2 -0.777101
56 2 -0.260359
57 2 0.168638
58 2 -0.369188
59 2 0.489373
68 2 -0.0348682
69 2 -0.0353159
84 2 0.813386
85 2 -1.36963
86 2 -0.102282
87 2 -0.0982527
96 2 -0.0445207
97 2 -0.0409395
149 2 0.00276923
150 2 0.018333
157 2 0.00855328
0 3 0.102322
2 3 -0.0124861
3 3 2.81255
6 3 -0.00205373
7 3 -0.011436
10 3 -0.0259334
16 3 0.262402
17 3 -0.141537
20 3 -0.903979
21 3 0.23443
22 3 -0.87493
23 3 0.223736
28 3 -0.00129092
29 3 -0.00971689
34 3 0.0396612
35 3 -0.112531
36 3 0.00868669
37 3 -0.0520283
38 3 -0.137183
39 3 0.0454211
44 3 0.267157
45 3 -0.1238
48 3 0.390946
49 3 -1.07366
50 3 0.375793
51 3 -0.136777
52 3 0.0516784
53 3 -0.208428
54 3 0.00334849
55 3 0.00876407
98 3 -0.14294
99 3 0.0549803
104 3 -0.0115558
105 3 -0.00382393
106 3 0.00879004
107 3 -0.179905
108 3 0.00103539
109 3 0.0220668
110 3 0.427324
111 3 -1.18467
112 3 0.458193
113 3 -0.169197
1 4 0.181564
2 4 0.00874069
4 4 4.10867
8 4 -0.0256847
9 4 -0.0468485
13 4 -0.0482886
18 4 0.319312
19 4 -0.134557
24 4 -1.38359
25 4 0.35563
26 4 -1.37824
27 4 0.371122
30 4 -0.319484
31 4 0.129487
32 4 -0.0380546
33 4 0.0566305
40 4 -0.0310316
41 4 0.0248567
42 4 -0.408999
43 4 0.152616
46 4 0.373877
47 4 -0.212808
56 4 -0.249195
57 4 0.357532
58 4 -0.279806
59 4 0.149765
60 4 0.952412
61 4 -2.50342
62 4 1.00704
63 4 -0.391888
100 4 -0.0332094
101 4 0.0610274
102 4 -0.238533
103 4 0.0882843
114 4 0.831117
115 4 -2.20469
116 4 0.811157
117 4 -0.306824
118 4 -0.169695
119 4 0.294908
120 4 -0.256113
121 4 0.119181
0 5 -0.0857565
1 5 -0.0860634
5 5 3.00283
6 5 -0.129567
11 5 -0.0861657
12 5 -0.0864726
13 5 -0.130181
36 5 -0.0445478
37 5 -0.0444571
42 5 -0.0451558
43 5 -0.0456942
64 5 -0.627455
65 5 0.38578
66 5 -0.626345
67 5 0.384751
68 5 -0.0351448
69 5 -0.0355924
70 5 -0.624865
71 5 0.383377
72 5 -0.625975
73 5 0.384407
76 5 -0.0446594
77 5 -0.0451655
78 5 -0.0458058
79 5 -0.0458643
80 5 0.542886
81 5 -0.971895
82 5 -0.974115
83 5 0.544945
92 5 -0.0364125
93 5 -0.0359649
146 5 0.00320588
147 5 0.00367962
148 5 0.00184543
153 5 0.0015755
154 5 0.00103024
155 5 0.00286443
0 6 -0.0430397
3 6 -0.00205373
5 6 -0.129567
6 6 3.04639
7 6 -0.0431925
11 6 -0.129118
14 6 -0.127146
16 6 0.00344999
17 6 -0.029088
22 6 0.00582321
23 6 -0.0381454
28 6 -0.634697
29 6 0.357702
36 6 -0.606779
37 6 0.267832
52 6 0.0513936
53 6 0.00261249
54 6 0.0360373
55 6 -0.250427
64 6 -0.0450064
65 6 -0.0443934
72 6 -0.045118
73 6 -0.0451018
74 6 -0.933656
75 6 0.583061
76 6 -0.960232
77 6 0.551843
82 6 0.542542
83 6 -0.970353
88 6 -0.0675403
89 6 -0.0687341
90 6 -0.0519345
91 6 -0.05335
147 6 0.00271161
151 6 0.0104467
152 6 0.00477059
155 6 0.00189642
0 7 -0.0142203
3 7 -0.011436
6 7 -0.0431925
7 7 3.16012
14 7 0.00606628
16 7 -0.131756
17 7 0.0469155
22 7 0.189603
23 7 -0.769415
28 7 0.28965
29 7 -0.615471
36 7 -0.148898
37 7 0.0508392
44 7 -0.00105853
45 7 -0.00927699
52 7 -0.160266
53 7 0.435856
54 7 -1.21562
55 7 0.446547
74 7 -0.0318179
75 7 -0.0309631
88 7 0.089581
89 7 0.0721629
98 7 -0.584524
99 7 0.343574
110 7 -0.0499693
111 7 -0.0417066
112 7 0.0459461
113 7 -0.0603391
126 7 -1.30335
127 7 0.714542
128 7 -0.0304051
129 7 -0.0282755
151 7 0.00673921
159 7 0.0108152
170 7 0.0159494
1 8 0.0128721
4 8 -0.0256847
8 8 3.77512
12 8 -0.0576498
13 8 0.0371113
18 8 0.0770571
19 8 -0.0503624
26 8 0.31077
27 8 -1.29273
30 8 -0.304125
31 8 0.165501
42 8 -0.0485537
43 8 0.0638631
46 8 -0.285441
47 8 0.105386
60 8 0.593075
61 8 -0.348146
62 8 0.204393
63 8 -0.415149
78 8 -0.0300521
79 8 -0.0301399
94 8 0.282569
95 8 -0.39463
100 8 0.131236
101 8 -0.229513
118 8 -0.367632
119 8 0.973296
120 8 -2.62088
121 8 0.987564
134 8 -0.0490262
135 8 -0.0495705
136 8 -1.31834
137 8 0.706309
156 8 0.0021464
162 8 0.00122123
175 8 9.76481e-05
1 9 -0.0391666
2 9 0.0443911
4 9 -0.0468485
9 9 3.5288
15 9 -0.0670957
18 9 -0.263428
19 9 0.105776
24 9 0.399307
25 9 -1.48397
32 9 0.140992
33 9 -0.174511
40 9 -0.356301
41 9 0.129471
46 9 0.0434623
47 9 -0.0245757
56 9 -2.19106
57 9 0.817085
58 9 -0.333276
59 9 0.874441
84 9 -0.0319306
85 9 -0.0324114
96 9 -0.515502
97 9 0.33938
102 9 -0.142396
103 9 0.115532
114 9 0.0863267
115 9 -0.1785
116 9 0.131152
117 9 -0.0987432
138 9 0.493002
139 9 -0.856277
140 9 -0.0348025
141 9 -0.0323073
157 9 0.0143502
163 9 0.0115989
176 9 0.00439887
0 10 -0.00374013
2 10 -0.0647198
3 10 -0.0259334
10 10 3.79289
15 10 0.0837782
16 10 -0.0198114
17 10 0.00358825
20 10 0.262685
21 10 -1.01156
34 10 0.389212
35 10 -0.803401
38 10 0.0153943
39 10 -0.0698428
44 10 -0.122331
45 10 0.0468071
48 10 -0.0108803
49 10 0.0491573
50 10 -0.32111
51 10 0.0999244
84 10 -0.0297839
85 10 -0.0301128
86 10 -0.178351
87 10 0.708644
104 10 -0.739337
105 10 0.480354
106 10 -1.08015
107 10 0.377874
108 10 -0.148533
109 10 0.41473
122 10 -0.0247992
123 10 -0.0289468
124 10 1.05298
125 10 -1.96168
150 10 0.0106419
158 10 0.0167558
169 10 0.029726
5 11 -0.0861657
6 11 -0.129118
11 11 3.0828
12 11 -0.130206
14 11 -0.0553479
70 11 -0.0453598
71 11 -0.0457862
72 11 0.384321
73 11 -0.625841
74 11 -0.0464313
75 11 -0.045775
76 11 0.53912
77 11 -0.980395
82 11 -0.0358034
83 11 -0.0352811
90 11 0.2845
91 11 -0.393886
92 11 0.542714
93 11 -0.971668
130 11 -0.0270039
131 11 -0.0276436
132 11 -0.623565
133 11 0.389276
142 11 -0.962194
143 11 0.552365
144 11 -0.0458421
145 11 -0.045714
152 11 0.00618617
153 11 0.00153064
155 11 0.00284014
160 11 0.00627067
161 11 0.00112304
173 11 0.00361052
5 12 -0.0864726
8 12 -0.0576498
11 12 -0.130206
12 12 3.06431
13 12 -0.130291
30 12 -0.0494217
31 12 -0.0487351
70 12 0.385351
71 12 -0.627955
72 12 -0.0454144
73 12 -0.0453932
78 12 0.537521
79 12 -0.979641
80 12 -0.0364821
81 12 -0.0361091
92 12 -0.974892
93 12 0.544774
94 12 -0.390398
95 12 0.279865
134 12 -0.621741
135 12 0.386186
136 12 -0.0307761
137 12 -0.0307443
142 12 -0.045449
143 12 -0.0457686
144 12 -0.964215
145 12 0.553342
153 12 0.00236036
154 12 0.00183568
156 12 0.0010111
161 12 0.00195276
162 12 0.00017851
174 12 0.00118673
1 13 -0.0560933
4 13 -0.0482886
5 13 -0.130181
8 13 0.0371113
12 13 -0.130291
13 13 4.79496
18 13 0.172773
19 13 -0.468476
26 13 0.175229
27 13 -0.484469
30 13 0.126046
31 13 -0.323972
42 13 0.402028
43 13 -1.201
60 13 1.64064
61 13 -0.613553
62 13 1.62818
63 13 -4.35798
66 13 -0.0453666
67 13 -0.0452013
70 13 -0.0454782
71 13 -0.0459098
78 13 -0.963509
79 13 0.55282
80 13 -0.974582
81 13 0.544602
94 13 -0.0550641
95 13 -0.055663
148 13 0.00253687
154 13 0.00172167
156 13 0.000840101
6 14 -0.127146
7 14 0.00606628
11 14 -0.0553479
14 14 3.35562
28 14 -0.0319634
29 14 -0.0299149
74 14 0.516999
75 14 -0.990542
76 14 -0.0275028
77 14 -0.028262
88 14 0.0776558
89 14 0.0809827
90 14 -0.383609
91 14 0.277934
126 14 -0.0293569
127 14 -0.0284211
128 14 -1.30899
129 14 0.717289
130 14 -1.31065
131 14 0.704764
132 14 -0.0470227
133 14 -0.0462241
151 14 0.0089518
152 14 0.00358772
159 14 0.0130278
160 14 0.00357965
164 14 -0.93294
165 14 0.584136
171 14 0.0132708
172 14 0.00704153
2 15 -0.181609
9 15 -0.0670957
10 15 0.0837782
15 15 3.85641
32 15 -0.0319748
33 15 -0.0350752
34 15 -0.030604
35 15 -0.0262462
84 15 -1.44735
85 15 0.729968
86 15 0.679625
87 15 -0.159813
96 15 0.322901
97 15 -0.489707
122 15 1.06225
123 15 -1.98071
124 15 -0.0252905
125 15 -0.0254092
138 15 -0.0343659
139 15 -0.0354518
140 15 0.484763
141 15 -0.839362
150 15 0.0181093
157 15 0.00771242
158 15 0.0242233
163 15 0.00496115
166 15 0.816284
167 15 -1.3712
168 15 0.0206858
177 15 0.0124346
0 16 -0.0873751
2 16 0.0319048
3 16 0.262402
6 16 0.00344999
7 16 -0.131756
10 16 -0.0198114
16 16 5.98964
17 16 -1.38665
20 16 -0.245922
21 16 0.0373166
22 16 -1.09776
23 16 0.391527
28 16 0.0270828
29 16 -0.0900566
34 16 -0.0808613
35 16 -0.116747
36 16 -0.00547317
37 16 0.075315
38 16 0.31096
39 16 -0.107204
48 16 -0.403996
49 16 -2.4767
50 16 0.67702
51 16 0.195508
52 16 0.53205
53 16 -2.40465
54 16 0.642524
55 16 -0.205534
0 17 0.151857
2 17 -0.0880018
3 17 -0.141537
6 17 -0.029088
7 17 0.0469155
10 17 0.00358825
16 17 -1.38665
17 17 5.70437
20 17 0.0670122
21 17 -0.00455279
22 17 0.401117
23 17 -0.144036
28 17 -0.0800165
29 17 -0.111433
34 17 -0.107589
35 17 0.0185324
36 17 0.0657701
37 17 -0.335189
38 17 -0.837295
39 17 0.284516
48 17 -2.32156
49 17 0.503503
50 17 -0.173055
51 17 0.633599
52 17 -2.24646
53 17 -0.457814
54 17 0.229431
55 17 0.597283
1 18 -0.250242
2 18 -0.047848
4 18 0.319312
8 18 0.0770571
9 18 -0.263428
13 18 0.172773
18 18 10.0018
19 18 -2.57671
24 18 -2.41623
25 18 0.895356
26 18 0.426049
27 18 -0.319502
30 18 -0.184214
31 18 -0.429321
32 18 0.218845
33 18 -0.212755
40 18 0.184583
41 18 -0.330876
42 18 1.33287
43 18 -0.519244
56 18 1.15527
57 18 -4.28174
58 18 2.4629
59 18 -0.949776
60 18 1.2074
61 18 -4.30758
62 18 -2.41971
63 18 1.09536
1 19 0.345549
2 19 0.0928355
4 19 -0.134557
8 19 -0.0503624
9 19 0.105776
13 19 -0.468476
18 19 -2.57671
19 19 11.2899
24 19 0.96882
25 19 -0.365171
26 19 -0.314458
27 19 0.182812
30 19 0.258504
31 19 -0.196726
32 19 -0.224244
33 19 -0.325384
40 19 -0.395305
41 19 0.642221
42 19 -3.51915
43 19 1.359
56 19 1.00118
57 19 -2.27086
58 19 -4.6906
59 19 1.25374
60 19 -1.09296
61 19 2.60264
62 19 -4.76573
63 19 1.3493
0 20 -0.0573958
2 20 0.0428329
3 20 -0.903979
10 20 0.262685
16 20 -0.245922
17 20 0.0670122
20 20 5.04737
21 20 -2.28142
34 20 -0.125571
35 20 0.345388
38 20 0.127932
39 20 -0.181088
44 20 -1.1584
45 20 0.446623
48 20 -0.0939892
49 20 -0.0292132
50 20 -1.16917
51 20 0.456712
104 20 0.0208891
105 20 0.01511
106 20 -0.00804107
107 20 -0.0253143
108 20 -0.06421
109 20 -0.054872
0 21 0.0130088
2 21 -0.132239
3 21 0.23443
10 21 -1.01156
16 21 0.0373166
17 21 -0.00455279
20 21 -2.28142
21 21 5.06026
34 21 0.362552
35 21 -1.00114
38 21 -0.0806069
39 21 0.141259
44 21 0.41022
45 21 -0.160944
48 21 0.041929
49 21 -0.102708
50 21 0.0850818
51 21 -0.130193
104 21 -0.257034
105 21 0.036848
106 21 0.0927962
107 21 -1.28282
108 21 0.527852
109 21 -0.102848
0 22 -0.139015
3 22 -0.87493
6 22 0.00582321
7 22 0.189603
16 22 -1.09776
17 22 0.401117
22 22 5.08432
23 22 -2.16949
28 22 0.0167724
29 22 -0.0110288
36 22 -0.0471344
37 22 0.106234
44 22 -0.140952
45 22 -0.0159319
52 22 -0.0320086
53 22 -0.229158
54 22 0.152251
55 22 -0.0566607
98 22 0.475103
99 22 -0.187705
110 22 -1.37211
111 22 -0.233493
112 22 0.00355746
113 22 0.57413
0 23 0.0469035
3 23 0.223736
6 23 -0.0381454
7 23 -0.769415
16 23 0.391527
17 23 -0.144036
22 23 -2.16949
23 23 5.14791
28 23 0.0123939
29 23 -0.121122
36 23 0.0934409
37 23 -0.186762
44 23 -0.0267832
45 23 0.0368727
52 23 0.496878
53 23 -1.24937
54 23 -0.356993
55 23 0.00669168
98 23 -1.3128
99 23 0.510156
110 23 -0.367838
111 23 0.25785
112 23 -0.164066
113 23 0.0471455
1 24 -0.392646
2 24 -0.0263605
4 24 -1.38359
9 24 0.399307
18 24 -2.41623
19 24 0.96882
24 24 7.09018
25 24 -3.26147
32 24 0.136202
33 24 -0.229216
40 24 0.0471875
41 24 0.2044
46 24 0.236024
47 24 -0.145876
56 24 0.93133
57 24 -0.241987
58 24 0.0184975
59 24 -0.503809
102 24 0.744501
103 24 -0.283043
114 24 -0.130454
115 24 -0.0999271
116 24 -2.5299
117 24 1.00998
1 25 0.140929
2 25 0.00492819
4 25 0.35563
9 25 -1.48397
18 25 0.895356
19 25 -0.365171
24 25 -3.26147
25 25 6.8967
32 25 -0.215501
33 25 0.23966
40 25 0.217808
41 25 -0.502922
46 25 -0.19641
47 25 0.0964759
56 25 -0.0710672
57 25 -2.74942
58 25 1.14951
59 25 -0.0411571
102 25 -2.01422
103 25 0.75974
114 25 -0.288676
115 25 0.714705
116 25 0.0497348
117 25 -0.171771
1 26 0.0349575
4 26 -1.37824
8 26 0.31077
13 26 0.175229
18 26 0.426049
19 26 -0.314458
26 26 7.58757
27 26 -3.39089
30 26 1.09062
31 26 -0.449858
42 26 0.182379
43 26 -0.583654
46 26 -2.27794
47 26 0.860116
60 26 -3.11981
61 26 -0.576297
62 26 0.138686
63 26 1.3226
100 26 0.133839
101 26 -0.28064
118 26 -0.0554788
119 26 -0.38367
120 26 1.13004
121 26 -0.444369
1 27 -0.0411657
4 27 0.371122
8 27 -1.29273
13 27 -0.484469
18 27 -0.319502
19 27 0.182812
26 27 -3.39089
27 27 8.02692
30 27 -2.91797
31 27 1.18347
42 27 0.113229
43 27 0.168497
46 27 0.859227
47 27 -0.327172
60 27 -0.821738
61 27 1.41847
62 27 -0.732969
63 27 0.230556
100 27 -0.234508
101 27 0.435355
118 27 1.14428
119 27 -2.84043
120 27 -0.584274
121 27 -0.00472031
0 28 -0.104403
3 28 -0.00129092
6 28 -0.634697
7 28 0.28965
14 28 -0.0319634
16 28 0.0270828
17 28 -0.0800165
22 28 0.0167724
23 28 0.0123939
28 28 6.2169
29 28 -2.46515
36 28 -0.952624
37 28 0.334767
52 28 0.538242
53 28 -0.216178
54 28 0.598308
55 28 -2.01878
74 28 0.0597936
75 28 -0.0296785
88 28 0.302052
89 28 0.326331
151 28 -1.99698
0 29 0.0382894
3 29 -0.00971689
6 29 0.357702
7 29 -0.615471
14 29 -0.0299149
16 29 -0.0900566
17 29 -0.111433
22 29 -0.0110288
23 29 -0.121122
28 29 -2.46515
29 29 6.38298
36 29 0.35794
37 29 -0.127642
52 29 0.296473
53 29 0.584933
54 29 -2.187
55 29 -0.663111
74 29 -0.0301151
75 29 -0.0146486
88 29 -1.61623
89 29 0.301676
151 29 0.0514306
1 30 -0.063417
4 30 -0.319484
8 30 -0.304125
12 30 -0.0494217
13 30 0.126046
18 30 -0.184214
19 30 0.258504
26 30 1.09062
27 30 -2.91797
30 30 8.46572
31 30 -2.71158
42 30 0.253275
43 30 -0.486449
60 30 -4.30494
61 30 1.12078
62 30 -1.15306
63 30 2.99463
78 30 0.106908
79 30 0.110967
94 30 0.333766
95 30 -1.68001
156 30 -0.673972
1 31 0.124131
4 31 0.129487
8 31 0.165501
12 31 -0.0487351
13 31 -0.323972
18 31 -0.429321
19 31 -0.196726
26 31 -0.449858
27 31 1.18347
30 31 -2.71158
31 31 9.37134
42 31 -0.549854
43 31 0.990318
60 31 -3.14668
61 31 1.35666
62 31 1.25114
63 31 -4.88415
78 31 -0.551114
79 31 0.106706
94 31 0.334823
95 31 0.33374
156 31 -2.01593
1 32 -0.363798
2 32 -0.118994
4 32 -0.0380546
9 32 0.140992
15 32 -0.0319748
18 32 0.218845
19 32 -0.224244
24 32 0.136202
25 32 -0.215501
32 32 8.51972
33 32 -2.45047
40 32 -2.93981
41 32 1.11197
56 32 2.26188
57 32 -0.918356
58 32 1.32597
59 32 -4.76616
84 32 0.0993664
85 32 -0.621918
96 32 0.193254
97 32 0.206088
157 32 -1.29314
1 33 0.135123
2 33 0.090802
4 33 0.0566305
9 33 -0.174511
15 33 -0.0350752
18 33 -0.212755
19 33 -0.325384
24 33 -0.229216
25 33 0.23966
32 33 -2.45047
33 33 7.98132
40 33 1.11555
41 33 -0.425408
56 33 -4.41328
57 33 1.22377
58 33 0.854927
59 33 -1.85183
84 33 0.126913
85 33 0.100676
96 33 -1.0613
97 33 0.193043
157 33 -0.822886
0 34 -0.0389143
2 34 -0.807483
3 34 0.0396612
10 34 0.389212
15 34 -0.030604
16 34 -0.0808613
17 34 -0.107589
20 34 -0.125571
21 34 0.362552
34 34 7.63594
35 34 -3.15371
38 34 0.109609
39 34 -0.445706
48 34 0.687062
49 34 0.14515
50 34 -0.243784
51 34 -2.56597
84 34 -0.19423
85 34 0.811809
86 34 0.487662
87 34 0.439966
150 34 -2.98529
0 35 0.00830995
2 35 0.499734
3 35 -0.112531
10 35 -0.803401
15 35 -0.0262462
16 35 -0.116747
17 35 0.0185324
20 35 0.345388
21 35 -1.00114
34 35 -3.15371
35 35 7.82084
38 35 -0.0248246
39 35 0.12372
48 35 -0.166458
49 35 0.728689
50 35 -2.71378
51 35 0.464559
84 35 -0.166684
85 35 -0.195704
86 35 0.439572
87 35 -2.39829
150 35 0.945181
0 36 0.275646
3 36 0.00868669
5 36 -0.0445478
6 36 -0.606779
7 36 -0.148898
16 36 -0.00547317
17 36 0.0657701
22 36 -0.0471344
23 36 0.0934409
28 36 -0.952624
29 36 0.35794
36 36 5.35653
37 36 -2.06109
52 36 -0.0139082
53 36 -0.0313765
54 36 0.0892754
55 36 -0.515836
64 36 0.249066
65 36 0.24121
82 36 0.157298
83 36 -0.820618
147 36 -1.50398
0 37 -0.672942
3 37 -0.0520283
5 37 -0.0444571
6 37 0.267832
7 37 0.0508392
16 37 0.075315
17 37 -0.335189
22 37 0.106234
23 37 -0.186762
28 37 0.334767
29 37 -0.127642
36 37 -2.06109
37 37 5.33575
52 37 -0.398102
53 37 0.0520505
54 37 0.368158
55 37 -0.877209
64 37 0.241401
65 37 -1.24199
82 37 0.164537
83 37 0.15707
147 37 -0.996699
0 38 -0.68007
1 38 -0.0443329
2 38 0.296643
3 38 -0.137183
10 38 0.0153943
16 38 0.31096
17 38 -0.837295
20 38 0.127932
21 38 -0.0806069
34 38 0.109609
35 38 -0.0248246
38 38 5.33122
39 38 -2.12871
40 38 0.239426
41 38 0.248627
48 38 -0.212325
49 38 -0.00718333
50 38 0.0643889
51 38 -0.254057
68 38 -0.818074
69 38 0.156047
149 38 -1.50318
0 39 0.291794
1 39 -0.0440557
2 39 -0.745664
3 39 0.0454211
10 39 -0.0698428
16 39 -0.107204
17 39 0.284516
20 39 -0.181088
21 39 0.141259
34 39 -0.445706
35 39 0.12372
38 39 -2.12871
39 39 5.34262
40 39 -1.23839
41 39 0.23959
48 39 -0.816782
49 39 0.335113
50 39 -0.0415781
51 39 -0.10542
68 39 0.155778
69 39 0.163783
149 39 -0.993738
0 40 -0.0440011
1 40 0.413562
2 40 -1.20934
4 40 -0.0310316
9 40 -0.356301
18 40 0.184583
19 40 -0.395305
24 40 0.0471875
25 40 0.217808
32 40 -2.93981
33 40 1.11555
38 40 0.239426
39 40 -1.23839
40 40 7.46939
41 40 -3.19175
56 40 -0.146654
57 40 -0.593467
58 40 1.49649
59 40 -0.247393
68 40 0.16303
69 40 0.157121
149 40 -0.99341
0 41 -0.044726
1 41 -1.17354
2 41 0.429102
4 41 0.0248567
9 41 0.129471
18 41 -0.330876
19 41 0.642221
24 41 0.2044
25 41 -0.502922
32 41 1.11197
33 41 -0.425408
38 41 0.248627
39 41 0.23959
40 41 -3.19175
41 41 7.68417
56 41 1.50632
57 41 -0.0904114
58 41 -0.475324
59 41 -3.7424
68 41 0.157226
69 41 -0.820596
149 41 -1.50802
1 42 -1.2015
4 42 -0.408999
5 42 -0.0451558
8 42 -0.0485537
13 42 0.402028
18 42 1.33287
19 42 -3.51915
26 42 0.182379
27 42 0.113229
30 42 0.253275
31 42 -0.549854
42 42 8.22854
43 42 -3.44443
60 42 -0.86178
61 42 0.0181814
62 42 -0.944136
63 42 2.23172
66 42 0.245004
67 42 -1.24952
80 42 0.16218
81 42 0.16529
148 42 -1.00089
1 43 0.431851
4 43 0.152616
5 43 -0.0456942
8 43 0.0638631
13 43 -1.201
18 43 -0.519244
19 43 1.359
26 43 -0.583654
27 43 0.168497
30 43 -0.486449
31 43 0.990318
42 43 -3.44443
43 43 8.72578
60 43 0.099408
61 43 1.82515
62 43 -4.50482
63 43 -1.31352
66 43 0.250573
67 43 0.24514
80 43 -0.830674
81 43 0.162244
148 43 -1.51335
3 44 0.267157
7 44 -0.00105853
10 44 -0.122331
20 44 -1.1584
21 44 0.41022
22 44 -0.140952
23 44 -0.0267832
44 44 6.5865
45 44 -1.54477
98 44 -0.106927
99 44 -0.166084
104 44 -0.132038
105 44 0.068754
106 44 0.756326
107 44 -2.76589
108 44 0.958751
109 44 -0.35495
110 44 0.727273
111 44 -2.70187
112 44 -0.832243
113 44 0.396188
3 45 -0.1238
7 45 -0.00927699
10 45 0.0468071
20 45 0.446623
21 45 -0.160944
22 45 -0.0159319
23 45 0.0368727
44 45 -1.54477
45 45 7.03272
98 45 0.0806404
99 45 -0.117376
104 45 -0.12882
105 45 -0.141433
106 45 0.3561
107 45 -0.769113
108 45 -2.96314
109 45 0.809371
110 45 -0.397944
111 45 0.998355
112 45 -2.90651
113 45 0.785677
4 46 0.373877
8 46 -0.285441
9 46 0.0434623
24 46 0.236024
25 46 -0.19641
26 46 -2.27794
27 46 0.859227
46 46 8.4051
47 46 -1.86005
100 46 0.153416
101 46 -0.165
102 46 -0.194232
103 46 -0.201117
114 46 -1.32465
115 46 -3.73243
116 46 1.01879
117 46 0.597629
118 46 1.64654
119 46 -3.70926
120 46 1.02844
121 46 -0.671812
4 47 -0.212808
8 47 0.105386
9 47 -0.0245757
24 47 -0.145876
25 47 0.0964759
26 47 0.860116
27 47 -0.327172
46 47 -1.86005
47 47 7.69157
100 47 -0.153138
101 47 -0.256885
102 47 0.134461
103 47 -0.182883
114 47 -3.45755
115 47 1.57961
116 47 -0.601368
117 47 0.948028
118 47 -3.41669
119 47 -1.41191
120 47 0.65258
121 47 0.942839
0 48 -0.371098
2 48 0.25819
3 48 0.390946
10 48 -0.0108803
16 48 -0.403996
17 48 -2.32156
20 48 -0.0939892
21 48 0.041929
34 48 0.687062
35 48 -0.166458
38 48 -0.212325
39 48 -0.816782
48 48 9.85087
49 48 -2.84103
50 48 1.40866
51 48 -5.01684
0 49 0.0904315
2 49 -0.097292
3 49 -1.07366
10 49 0.0491573
16 49 -2.4767
17 49 0.503503
20 49 -0.0292132
21 49 -0.102708
34 49 0.14515
35 49 0.728689
38 49 -0.00718333
39 49 0.335113
48 49 -2.84103
49 49 10.2896
50 49 -5.27963
51 49 0.26676
0 50 -0.0182659
2 50 0.286652
3 50 0.375793
10 50 -0.32111
16 50 0.67702
17 50 -0.173055
20 50 -1.16917
21 50 0.0850818
34 50 -0.243784
35 50 -2.71378
38 50 0.0643889
39 50 -0.0415781
48 50 1.40866
49 50 -5.27963
50 50 10.4436
51 50 -2.7777
0 51 0.097387
2 51 -0.777101
3 51 -0.136777
10 51 0.0999244
16 51 0.195508
17 51 0.633599
20 51 0.456712
21 51 -0.130193
34 51 -2.56597
35 51 0.464559
38 51 -0.254057
39 51 -0.10542
48 51 -5.01684
49 51 0.26676
50 51 -2.7777
51 51 10.0074
0 52 -0.856709
3 52 0.0516784
6 52 0.0513936
7 52 -0.160266
16 52 0.53205
17 52 -2.24646
22 52 -0.0320086
23 52 0.496878
28 52 0.538242
29 52 0.296473
36 52 -0.0139082
37 52 -0.398102
52 52 9.6844
53 52 -2.98157
54 52 0.030818
55 52 -4.64923
0 53 0.319546
3 53 -0.208428
6 53 0.00261249
7 53 0.435856
16 53 -2.40465
17 53 -0.457814
22 53 -0.229158
23 53 -1.24937
28 53 -0.216178
29 53 0.584933
36 53 -0.0313765
37 53 0.0520505
52 53 -2.98157
53 53 10.1365
54 53 -4.92926
55 53 1.62054
0 54 -0.11351
3 54 0.00334849
6 54 0.0360373
7 54 -1.21562
16 54 0.642524
17 54 0.229431
22 54 0.152251
23 54 -0.356993
28 54 0.598308
29 54 -2.187
36 54 0.0892754
37 54 0.368158
52 54 0.030818
53 54 -4.92926
54 54 10.1159
55 54 -3.091
0 55 0.297463
3 55 0.00876407
6 55 -0.250427
7 55 0.446547
16 55 -0.205534
17 55 0.597283
22 55 -0.0566607
23 55 0.00669168
28 55 -2.01878
29 55 -0.663111
36 55 -0.515836
37 55 -0.877209
52 55 -4.64923
53 55 1.62054
54 55 -3.091
55 55 9.64857
1 56 -0.473094
2 56 -0.260359
4 56 -0.249195
9 56 -2.19106
18 56 1.15527
19 56 1.00118
24 56 0.93133
25 56 -0.0710672
32 56 2.26188
33 56 -4.41328
40 56 -0.146654
41 56 1.50632
56 56 15.9669
57 56 -8.51916
58 56 -1.65351
59 56 -4.72492
1 57 1.26698
2 57 0.168638
4 57 0.357532
9 57 0.817085
18 57 -4.28174
19 57 -2.27086
24 57 -0.241987
25 57 -2.74942
32 57 -0.918356
33 57 1.22377
40 57 -0.593467
41 57 -0.0904114
56 57 -8.51916
57 57 16.3558
58 57 -5.05205
59 57 4.59876
1 58 -3.34959
2 58 -0.369188
4 58 -0.279806
9 58 -0.333276
18 58 2.4629
19 58 -4.6906
24 58 0.0184975
25 58 1.14951
32 58 1.32597
33 58 0.854927
40 58 1.49649
41 58 -0.475324
56 58 -1.65351
57 58 -5.05205
58 58 18.4106
59 58 -9.40857
1 59 1.24716
2 59 0.489373
4 59 0.149765
9 59 0.874441
18 59 -0.949776
19 59 1.25374
24 59 -0.503809
25 59 -0.0411571
32 59 -4.76616
33 59 -1.85183
40 59 -0.247393
41 59 -3.7424
56 59 -4.72492
57 59 4.59876
58 59 -9.40857
59 59 17.7953
1 60 0.225751
4 60 0.952412
8 60 0.593075
13 60 1.64064
18 60 1.2074
19 60 -1.09296
26 60 -3.11981
27 60 -0.821738
30 60 -4.30494
31 60 -3.14668
42 60 -0.86178
43 60 0.099408
60 60 18.4736
61 60 -8.97062
62 60 5.60835
63 60 -6.45925
1 61 -0.370569
4 61 -2.50342
8 61 -0.348146
13 61 -0.613553
18 61 -4.30758
19 61 2.60264
26 61 -0.576297
27 61 1.41847
30 61 1.12078
31 61 1.35666
42 61 0.0181814
43 61 1.82515
60 61 -8.97062
61 61 17.4498
62 61 -5.81306
63 61 -2.241
1 62 0.741686
4 62 1.00704
8 62 0.204393
13 62 1.62818
18 62 -2.41971
19 62 -4.76573
26 62 0.138686
27 62 -0.732969
30 62 -1.15306
31 62 1.25114
42 62 -0.944136
43 62 -4.50482
60 62 5.60835
61 62 -5.81306
62 62 20.0812
63 62 -10.2526
1 63 -0.506223
4 63 -0.391888
8 63 -0.415149
13 63 -4.35798
18 63 1.09536
19 63 1.3493
26 63 1.3226
27 63 0.230556
30 63 2.99463
31 63 -4.88415
42 63 2.23172
43 63 -1.31352
60 63 -6.45925
61 63 -2.241
62 63 -10.2526
63 63 21.6368
0 64 0.382948
1 64 -0.0451184
5 64 -0.627455
6 64 -0.0450064
36 64 0.249066
37 64 0.241401
64 64 5.98539
65 64 -2.22361
66 64 -1.24678
67 64 0.243783
68 64 0.157612
69 64 0.16529
82 64 -0.823561
83 64 0.158674
146 64 -1.00343
147 64 -1.50964
0 65 -0.623021
1 65 -0.0445003
5 65 0.38578
6 65 -0.0443934
36 65 0.24121
37 65 -1.24199
64 65 -2.22361
65 65 5.99692
66 65 0.243619
67 65 0.248627
68 65 -0.821415
69 65 0.157553
82 65 0.158637
83 65 0.163658
146 65 -1.50252
147 65 -0.996317
0 66 -0.0450638
1 66 0.383978
5 66 -0.626345
13 66 -0.0453666
42 66 0.245004
43 66 0.250573
64 66 -1.24678
65 66 0.243619
66 66 5.97452
67 66 -2.21834
68 66 0.164537
69 66 0.158955
80 66 0.161261
81 66 -0.828572
146 66 -1.00311
148 66 -1.50931
0 67 -0.0448934
1 67 -0.625136
5 67 0.384751
13 67 -0.0452013
42 67 -1.24952
43 67 0.24514
64 67 0.243783
65 67 0.248627
66 67 -2.21834
67 67 5.97766
68 67 0.158733
69 67 -0.823937
80 67 0.165918
81 67 0.161061
146 67 -1.50737
148 67 -1.00116
0 68 -0.970329
1 68 0.544774
2 68 -0.0348682
5 68 -0.0351448
38 68 -0.818074
39 68 0.155778
40 68 0.16303
41 68 0.157226
64 68 0.157612
65 68 -0.821415
66 68 0.164537
67 68 0.158733
68 68 6.00126
69 68 -2.73191
146 68 -0.996388
149 68 -0.996388
0 69 0.542714
1 69 -0.973553
2 69 -0.0353159
5 69 -0.0355924
38 69 0.156047
39 69 0.163783
40 69 0.157121
41 69 -0.820596
64 69 0.16529
65 69 0.157553
66 69 0.158955
67 69 -0.823937
68 69 -2.73191
69 69 5.99288
146 69 -1.00156
149 69 -1.00156
5 70 -0.624865
11 70 -0.0453598
12 70 0.385351
13 70 -0.0454782
70 70 5.96002
71 70 -2.21131
72 70 -1.25123
73 70 0.245846
78 70 0.250573
79 70 0.247799
80 70 0.162266
81 70 -0.830799
92 70 0.162754
93 70 0.165541
153 70 -1.00267
154 70 -1.50887
5 71 0.383377
11 71 -0.0457862
12 71 -0.627955
13 71 -0.0459098
70 71 -2.21131
71 71 5.95199
72 71 0.24601
73 71 0.250636
78 71 0.247936
79 71 -1.25511
80 71 0.166922
81 71 0.162283
92 71 -0.831755
93 71 0.16275
153 71 -1.51383
154 71 -1.00763
5 72 -0.625975
6 72 -0.045118
11 72 0.384321
12 72 -0.0454144
70 72 -1.25123
71 72 0.24601
72 72 5.9709
73 72 -2.21658
76 72 0.249066
77 72 0.244196
82 72 -0.825788
83 72 0.159678
92 72 0.166294
93 72 0.161411
153 72 -1.003
155 72 -1.5092
5 73 0.384407
6 73 -0.0451018
11 73 -0.625841
12 73 -0.0453932
70 73 0.245846
71 73 0.250636
72 73 -2.21658
73 73 5.97124
76 73 0.244005
77 73 -1.24758
82 73 0.15986
83 73 0.164662
92 73 0.161571
93 73 -0.829233
153 73 -1.50898
155 73 -1.00278
6 74 -0.933656
7 74 -0.0318179
11 74 -0.0464313
14 74 0.516999
28 74 0.0597936
29 74 -0.0301151
74 74 6.6614
75 74 -2.88299
76 74 -0.526008
77 74 0.0945218
88 74 0.324322
89 74 0.305633
90 74 0.317281
91 74 0.331433
151 74 -1.99611
152 74 -2.00336
6 75 0.583061
7 75 -0.0309631
11 75 -0.045775
14 75 -0.990542
28 75 -0.0296785
29 75 -0.0146486
74 75 -2.88299
75 75 6.67579
76 75 0.0939861
77 75 0.105317
88 75 0.30482
89 75 -1.62295
90 75 -1.64733
91 75 0.317553
151 75 0.0385037
152 75 -0.645869
5 76 -0.0446594
6 76 -0.960232
11 76 0.53912
14 76 -0.0275028
72 76 0.249066
73 76 0.244005
74 76 -0.526008
75 76 0.0939861
76 76 6.15802
77 76 -2.76557
82 76 0.158303
83 76 -0.822845
90 76 0.160292
91 76 0.152778
152 76 -0.989784
155 76 -1.50354
5 77 -0.0451655
6 77 0.551843
11 77 -0.980395
14 77 -0.028262
72 77 0.244196
73 77 -1.24758
74 77 0.0945218
75 77 0.105317
76 77 -2.76557
77 77 6.14619
82 77 0.165541
83 77 0.158293
90 77 0.152514
91 77 -0.811541
152 77 -0.661086
155 77 -1.00316
5 78 -0.0458058
8 78 -0.0300521
12 78 0.537521
13 78 -0.963509
30 78 0.106908
31 78 -0.551114
70 78 0.250573
71 78 0.247936
78 78 6.09252
79 78 -2.74374
80 78 -0.832901
81 78 0.163249
94 78 0.163193
95 78 0.167072
154 78 -1.51291
156 78 -1.00384
5 79 -0.0458643
8 79 -0.0301399
12 79 -0.979641
13 79 0.55282
30 79 0.110967
31 79 0.106706
70 79 0.247799
71 79 -1.25511
78 79 -2.74374
79 79 6.09117
80 79 0.163403
81 79 0.166294
94 79 -0.832864
95 79 0.163421
154 79 -1.00736
156 79 -0.667375
1 80 -0.0362977
5 80 0.542886
12 80 -0.0364821
13 80 -0.974582
42 80 0.16218
43 80 -0.830674
66 80 0.161261
67 80 0.165918
70 80 0.162266
71 80 0.166922
78 80 -0.832901
79 80 0.163403
80 80 5.95466
81 80 -2.71829
148 80 -1.00697
154 80 -1.00697
1 81 -0.0359247
5 81 -0.971895
12 81 -0.0361091
13 81 0.544602
42 81 0.16529
43 81 0.162244
66 81 -0.828572
67 81 0.161061
70 81 -0.830799
71 81 0.162283
78 81 0.163249
79 81 0.166294
80 81 -2.71829
81 81 5.96164
148 81 -1.00266
154 81 -1.00266
0 82 -0.035619
5 82 -0.974115
6 82 0.542542
11 82 -0.0358034
36 82 0.157298
37 82 0.164537
64 82 -0.823561
65 82 0.158637
72 82 -0.825788
73 82 0.15986
76 82 0.158303
77 82 0.165541
82 82 5.98339
83 82 -2.72883
147 82 -1.00331
155 82 -1.00331
0 83 -0.0350967
5 83 0.544945
6 83 -0.970353
11 83 -0.0352811
36 83 -0.820618
37 83 0.15707
64 83 0.158674
65 83 0.163658
72 83 0.159678
73 83 0.164662
76 83 -0.822845
77 83 0.158293
82 83 -2.72883
83 83 5.99317
147 83 -0.997275
155 83 -0.997275
2 84 0.813386
9 84 -0.0319306
10 84 -0.0297839
15 84 -1.44735
32 84 0.0993664
33 84 0.126913
34 84 -0.19423
35 84 -0.166684
84 84 7.70061
85 84 -3.79147
86 84 -2.42099
87 84 0.450184
96 84 0.183609
97 84 -1.04112
150 84 0.901553
157 84 -0.784105
2 85 -1.36963
9 85 -0.0324114
10 85 -0.0301128
15 85 0.729968
32 85 -0.621918
33 85 0.100676
34 85 0.811809
35 85 -0.195704
84 85 -3.79147
85 85 7.69219
86 85 0.452053
87 85 0.480882
96 85 0.212115
97 85 0.182511
150 85 -2.98234
157 85 -1.29576
2 86 -0.102282
10 86 -0.178351
15 86 0.679625
34 86 0.487662
35 86 0.439572
84 86 -2.42099
85 86 0.452053
86 86 9.20169
87 86 -1.08506
122 86 0.442882
123 86 -2.40428
124 86 0.480128
125 86 0.432038
150 86 -2.98343
158 86 -2.98343
2 87 -0.0982527
10 87 0.708644
15 87 -0.159813
34 87 0.439966
35 87 -2.39829
84 87 0.450184
85 87 0.480882
86 87 -1.08506
87 87 9.27716
122 87 0.473348
123 87 0.442651
124 87 0.430795
125 87 -2.38158
150 87 -2.93686
158 87 -2.93686
6 88 -0.0675403
7 88 0.089581
14 88 0.0776558
28 88 0.302052
29 88 -1.61623
74 88 0.324322
75 88 0.30482
88 88 7.0551
89 88 -1.45373
126 88 -1.60509
127 88 0.295938
128 88 0.299798
129 88 0.319299
151 88 -1.97432
159 88 -1.97432
6 89 -0.0687341
7 89 0.0721629
14 89 0.0809827
28 89 0.326331
29 89 0.301676
74 89 0.305633
75 89 -1.62295
88 89 -1.45373
89 89 7.03274
126 89 0.296654
127 89 0.321308
128 89 -1.61182
129 89 0.299519
151 89 -1.98812
159 89 -1.98812
6 90 -0.0519345
11 90 0.2845
14 90 -0.383609
74 90 0.317281
75 90 -1.64733
76 90 0.160292
77 90 0.152514
90 90 6.34567
91 90 -1.96356
130 90 -0.803398
131 90 0.14844
132 90 0.321265
133 90 0.328985
152 90 -0.982825
160 90 -1.99512
6 91 -0.05335
11 91 -0.393886
14 91 0.277934
74 91 0.331433
75 91 0.317553
76 91 0.152778
77 91 -0.811541
90 91 -1.96356
91 91 6.31894
130 91 0.148708
131 91 0.162646
132 91 -1.65527
133 91 0.321504
152 91 -2.01161
160 91 -0.999321
5 92 -0.0364125
11 92 0.542714
12 92 -0.974892
70 92 0.162754
71 92 -0.831755
72 92 0.166294
73 92 0.161571
92 92 5.9527
93 92 -2.71785
142 92 0.162074
143 92 0.166797
144 92 -0.832868
145 92 0.163366
153 92 -1.00759
161 92 -1.00759
5 93 -0.0359649
11 93 -0.971668
12 93 0.544774
70 93 0.165541
71 93 0.16275
72 93 0.161411
73 93 -0.829233
92 93 -2.71785
93 93 5.96109
142 93 -0.830346
143 93 0.162023
144 93 0.163253
145 93 0.166043
153 93 -1.00241
161 93 -1.00241
8 94 0.282569
12 94 -0.390398
13 94 -0.0550641
30 94 0.333766
31 94 0.334823
78 94 0.163193
79 94 -0.832864
94 94 6.22481
95 94 -1.92401
134 94 -1.6791
135 94 0.333296
136 94 0.166051
137 94 0.167166
156 94 -2.01692
162 94 -1.00463
8 95 -0.39463
12 95 0.279865
13 95 -0.055663
30 95 -1.68001
31 95 0.33374
78 95 0.167072
79 95 0.163421
94 95 -1.92401
95 95 6.2138
134 95 0.333302
135 95 0.336895
136 95 -0.838576
137 95 0.166274
156 95 -1.01142
162 95 -2.02371
2 96 -0.0445207
9 96 -0.515502
15 96 0.322901
32 96 0.193254
33 96 -1.0613
84 96 0.183609
85 96 0.212115
96 96 6.15208
97 96 -2.12414
138 96 0.197381
139 96 -1.06881
140 96 0.215505
141 96 0.186999
157 96 -1.32956
163 96 -1.32956
2 97 -0.0409395
9 97 0.33938
15 97 -0.489707
32 97 0.206088
33 97 0.193043
84 97 -1.04112
85 97 0.182511
96 97 -2.12414
97 97 6.21916
138 97 0.209478
139 97 0.196433
140 97 0.186637
141 97 -1.04864
157 97 -1.28816
163 97 -1.28816
3 98 -0.14294
7 98 -0.584524
22 98 0.475103
23 98 -1.3128
44 98 -0.106927
45 98 0.0806404
98 98 6.75841
99 98 -2.592
110 98 -2.50741
111 98 0.671576
112 98 -0.414009
113 98 1.09635
126 98 0.0971771
127 98 -0.0482611
170 98 -1.97633
3 99 0.0549803
7 99 0.343574
22 99 -0.187705
23 99 0.510156
44 99 -0.166084
45 99 -0.117376
98 99 -2.592
99 99 7.03
110 99 -1.08409
111 99 0.480263
112 99 0.730761
113 99 -2.73192
126 99 -0.0489161
127 99 -0.0226843
170 99 0.0789878
4 100 -0.0332094
8 100 0.131236
26 100 0.133839
27 100 -0.234508
46 100 0.153416
47 100 -0.153138
100 100 6.97307
101 100 -2.17728
118 100 0.871124
119 100 -0.698543
120 100 1.81967
121 100 -3.25815
136 100 0.111452
137 100 0.112285
175 100 -0.675905
4 101 0.0610274
8 101 -0.229513
26 101 -0.28064
27 101 0.435355
46 101 -0.165
47 101 -0.256885
100 101 -2.17728
101 101 7.41289
118 101 0.783799
119 101 0.953656
120 101 -3.59242
121 101 -1.78999
136 101 -0.560326
137 101 0.111374
175 101 -2.02304
4 102 -0.238533
9 102 -0.142396
24 102 0.744501
25 102 -2.01422
46 102 -0.194232
47 102 0.134461
102 102 7.26143
103 102 -2.15205
114 102 -0.586457
115 102 1.08344
116 102 -3.92283
117 102 1.48364
138 102 0.121668
139 102 -0.666193
176 102 -1.32528
4 103 0.0882843
9 103 0.115532
24 103 -0.283043
25 103 0.75974
46 103 -0.201117
47 103 -0.182883
102 103 -2.15205
103 103 6.93687
114 103 1.01172
115 103 0.512222
116 103 -1.07016
117 103 -3.67093
138 103 0.133881
139 103 0.12265
176 103 -0.838207
3 104 -0.0115558
10 104 -0.739337
20 104 0.0208891
21 104 -0.257034
44 104 -0.132038
45 104 -0.12882
104 104 8.23619
105 104 -3.28127
106 104 -2.98625
107 104 0.804981
108 104 0.296793
109 104 -0.584128
124 104 -0.23367
125 104 0.891426
169 104 -2.94059
3 105 -0.00382393
10 105 0.480354
20 105 0.01511
21 105 0.036848
44 105 0.068754
45 105 -0.141433
104 105 -3.28127
105 105 8.50314
106 105 0.901585
107 105 -0.344982
108 105 0.856252
109 105 -3.1698
124 105 -0.183446
125 105 -0.235881
169 105 1.0067
3 106 0.00879004
10 106 -1.08015
20 106 -0.00804107
21 106 0.0927962
44 106 0.756326
45 106 0.3561
104 106 -2.98625
105 106 0.901585
106 106 11.3669
107 106 -5.79976
108 106 -0.185674
109 106 -3.02107
3 107 -0.179905
10 107 0.377874
20 107 -0.0253143
21 107 -1.28282
44 107 -2.76589
45 107 -0.769113
104 107 0.804981
105 107 -0.344982
106 107 -5.79976
107 107 11.2313
108 107 -3.10678
109 107 2.08885
3 108 0.00103539
10 108 -0.148533
20 108 -0.06421
21 108 0.527852
44 108 0.958751
45 108 -2.96314
104 108 0.296793
105 108 0.856252
106 108 -0.185674
107 108 -3.10678
108 108 11.9454
109 108 -6.17144
3 109 0.0220668
10 109 0.41473
20 109 -0.054872
21 109 -0.102848
44 109 -0.35495
45 109 0.809371
104 109 -0.584128
105 109 -3.1698
106 109 -3.02107
107 109 2.08885
108 109 -6.17144
109 109 12.0576
3 110 0.427324
7 110 -0.0499693
22 110 -1.37211
23 110 -0.367838
44 110 0.727273
45 110 -0.397944
98 110 -2.50741
99 110 -1.08409
110 110 11.1659
111 110 -5.50088
112 110 2.37657
113 110 -3.45448
3 111 -1.18467
7 111 -0.0417066
22 111 -0.233493
23 111 0.25785
44 111 -2.70187
45 111 0.998355
98 111 0.671576
99 111 0.480263
110 111 -5.50088
111 111 11.1336
112 111 -3.30038
113 111 -0.45807
3 112 0.458193
7 112 0.0459461
22 112 0.00355746
23 112 -0.164066
44 112 -0.832243
45 112 -2.90651
98 112 -0.414009
99 112 0.730761
110 112 2.37657
111 112 -3.30038
112 112 11.9096
113 112 -5.92312
3 113 -0.169197
7 113 -0.0603391
22 113 0.57413
23 113 0.0471455
44 113 0.396188
45 113 0.785677
98 113 1.09635
99 113 -2.73192
110 113 -3.45448
111 113 -0.45807
112 113 -5.92312
113 113 11.9971
4 114 0.831117
9 114 0.0863267
24 114 -0.130454
25 114 -0.288676
46 114 -1.32465
47 114 -3.45755
102 114 -0.586457
103 114 1.01172
114 114 12.6625
115 114 -3.66884
116 114 3.06441
117 114 -6.81557
4 115 -2.20469
9 115 -0.1785
24 115 -0.0999271
25 115 0.714705
46 115 -3.73243
47 115 1.57961
102 115 1.08344
103 115 0.512222
114 115 -3.66884
115 115 13.7982
116 115 -7.36257
117 115 -0.798337
4 116 0.811157
9 116 0.131152
24 116 -2.5299
25 116 0.0497348
46 116 1.01879
47 116 -0.601368
102 116 -3.92283
103 116 -1.07016
114 116 3.06441
115 116 -7.36257
116 116 13.6462
117 116 -3.50755
4 117 -0.306824
9 117 -0.0987432
24 117 1.00998
25 117 -0.171771
46 117 0.597629
47 117 0.948028
102 117 1.48364
103 117 -3.67093
114 117 -6.81557
115 117 -0.798337
116 117 -3.50755
117 117 12.5966
4 118 -0.169695
8 118 -0.367632
26 118 -0.0554788
27 118 1.14428
46 118 1.64654
47 118 -3.41669
100 118 0.871124
101 118 0.783799
118 118 12.9739
119 118 -4.02762
120 118 -1.15655
121 118 -6.73932
4 119 0.294908
8 119 0.973296
26 119 -0.38367
27 119 -2.84043
46 119 -3.70926
47 119 -1.41191
100 119 -0.698543
101 119 0.953656
118 119 -4.02762
119 119 14.3126
120 119 -7.42434
121 119 3.55104
4 120 -0.256113
8 120 -2.62088
26 120 1.13004
27 120 -0.584274
46 120 1.02844
47 120 0.65258
100 120 1.81967
101 120 -3.59242
118 120 -1.15655
119 120 -7.42434
120 120 14.8241
121 120 -4.31463
4 121 0.119181
8 121 0.987564
26 121 -0.444369
27 121 -0.00472031
46 121 -0.671812
47 121 0.942839
100 121 -3.25815
101 121 -1.78999
118 121 -6.73932
119 121 3.55104
120 121 -4.31463
121 121 13.3134
10 122 -0.0247992
15 122 1.06225
86 122 0.442882
87 122 0.473348
122 122 9.29287
123 122 -4.97046
124 122 0.853735
125 122 -0.216667
158 122 -2.93387
166 122 -0.169886
167 122 -0.201243
168 122 0.944207
10 123 -0.0289468
15 123 -1.98071
86 123 -2.40428
87 123 0.442651
122 123 -4.97046
123 123 9.21845
124 123 -0.215193
125 123 -0.166684
158 123 0.898278
166 123 -0.200506
167 123 0.823625
168 123 -2.97979
10 124 1.05298
15 124 -0.0252905
86 124 0.480128
87 124 0.430795
104 124 -0.23367
105 124 -0.183446
122 124 0.853735
123 124 -0.215193
124 124 9.39074
125 124 -5.01792
158 124 -2.93681
169 124 0.941259
10 125 -1.96168
15 125 -0.0254092
86 125 0.432038
87 125 -2.38158
104 125 0.891426
105 125 -0.235881
122 125 -0.216667
123 125 -0.166684
124 125 -5.01792
125 125 9.39179
158 125 0.941906
169 125 -2.93617
7 126 -1.30335
14 126 -0.0293569
88 126 -1.60509
89 126 0.296654
98 126 0.0971771
99 126 -0.0489161
126 126 7.11005
127 126 -3.50445
128 126 -0.0146486
129 126 -0.0440905
159 126 0.0492473
170 126 -1.97502
7 127 0.714542
14 127 -0.0284211
88 127 0.295938
89 127 0.321308
98 127 -0.0482611
99 127 -0.0226843
126 127 -3.50445
127 127 7.12682
128 127 -0.0436538
129 127 0.0877443
159 127 -1.96467
170 127 0.0595974
7 128 -0.0304051
14 128 -1.30899
88 128 0.299798
89 128 -1.61182
126 128 -0.0146486
127 128 -0.0436538
128 128 7.05869
129 128 -3.49039
159 128 0.0363204
164 128 0.0770879
165 128 -0.0384348
171 128 -1.98794
7 129 -0.0282755
14 129 0.717289
88 129 0.319299
89 129 0.299519
126 129 -0.0440905
127 129 0.0877443
128 129 -3.49039
129 129 7.09782
159 129 -1.96379
164 129 -0.0386531
165 129 -0.0186664
171 129 0.0604707
11 130 -0.0270039
14 130 -1.31065
90 130 -0.803398
91 130 0.148708
130 130 6.36628
131 130 -3.3232
132 130 0.105317
133 130 0.0938688
160 130 -0.645655
164 130 -0.51262
165 130 0.0872306
172 130 -0.983086
11 131 -0.0276436
14 131 0.704764
90 131 0.14844
91 131 0.162646
130 131 -3.3232
131 131 6.35422
132 131 0.094377
133 131 -0.525746
160 131 -0.990525
164 131 0.087889
165 131 0.102115
172 131 -0.653094
11 132 -0.623565
14 132 -0.0470227
90 132 0.321265
91 132 -1.65527
130 132 0.105317
131 132 0.094377
132 132 6.3037
133 132 -2.29358
142 132 -0.537259
143 132 0.100117
160 132 -0.661341
173 132 -2.01106
11 133 0.389276
14 133 -0.0462241
90 133 0.328985
91 133 0.321504
130 133 0.0938688
131 133 -0.525746
132 133 -2.29358
133 133 6.31838
142 133 0.0996424
143 133 0.1072
160 133 -2.00201
173 133 -0.652285
