108
30 30
0 0 12.6621
0 10 -2.22307
0 11 -1.86357
0 12 -2.03507
0 13 -3.12565
0 14 -0.156485
0 28 0.156683
0 29 -2.06165
1 1 4.81841
1 10 -1.27599
1 15 -0.911458
1 16 -0.328273
1 17 -0.546965
1 28 -1.5743
2 2 7.51589
2 11 -1.35218
2 15 -1.27604
2 18 -1.02031
2 19 -1.44614
2 20 -1.1658
2 29 -0.558379
3 3 1
4 4 1
5 5 1
6 6 1
7 7 1
8 8 1
9 9 1
10 0 -2.22307
10 1 -1.27599
10 10 8.40306
10 11 -1.64062
10 14 -2.35107
10 15 -0.828776
10 16 0.179032
10 28 0.132518
11 0 -1.86357
11 2 -1.35218
11 10 -1.64062
11 11 9.17077
11 12 -0.90868
11 15 -0.968099
11 20 -1.86018
11 29 0.388601
12 0 -2.03507
12 11 -0.90868
12 12 24.6019
12 13 1.79687
12 29 -4.84286
13 0 -3.12565
13 12 1.79687
13 13 10.0677
13 14 -0.53125
14 0 -0.156485
14 10 -2.35107
14 13 -0.53125
14 14 5.23495
14 28 -1.21824
15 1 -0.911458
15 2 -1.27604
15 10 -0.828776
15 11 -0.968099
15 15 5.4375
15 17 -0.488932
15 18 -0.589193
16 1 -0.328273
16 10 0.179032
16 16 1.36904
16 17 -0.135489
16 28 -0.570616
17 1 -0.546965
17 15 -0.488932
17 16 -0.135489
17 17 2.22479
17 18 -0.546875
18 2 -1.02031
18 15 -0.589193
18 17 -0.546875
18 18 3.25351
18 19 -0.317636
19 2 -1.44614
19 18 -0.317636
19 19 5.60985
19 20 0.104167
20 2 -1.1658
20 11 -1.86018
20 19 0.104167
20 20 13.6937
20 29 -3.44753
21 21 1
22 22 1
23 23 1
24 24 1
25 25 1
26 26 1
27 27 1
28 0 0.156683
28 1 -1.5743
28 10 0.132518
28 14 -1.21824
28 16 -0.570616
28 28 3.60087
29 0 -2.06165
29 2 -0.558379
29 11 0.388601
29 12 -4.84286
29 20 -3.44753
29 29 16.5321
-11.1994
-0.0665076
-4.9887
0
0
0
0
0
0
0
-1.25876
-7.19181
-37.2189
-16.57
-1.83919
-1.00436
0.0722932
-0.00898177
-0.715786
-5.82236
-19.0608
0
0
0
0
0
0
0
-0.0800832
-21.236
