2445
381 381
0 0 12.2325
0 106 -3.06597
0 107 -2.03997
0 114 -2.1081
0 115 -3.249
0 122 -0.496635
0 357 0.298789
0 377 -1.48305
1 1 5.3454
1 103 -1.20126
1 126 -0.795492
1 127 -0.406773
1 134 -0.7019
1 353 -2.22885
2 2 7.14782
2 110 -1.18271
2 123 -1.4506
2 138 -1.38729
2 142 -1.50024
2 146 -1.14719
2 365 -0.438671
3 3 1
4 4 1
5 5 1
6 6 1
7 7 1
8 8 1
9 9 1
10 10 9.18565
10 104 -1.86596
10 105 -2.13043
10 207 0.0887392
10 227 -1.474
10 229 -0.918826
10 354 0.354351
10 358 -3.21417
11 11 8.49391
11 108 -1.69934
11 109 -1.57542
11 219 0.0775196
11 228 -1.89514
11 231 -1.23181
11 368 -1.37367
11 380 -0.73867
12 12 23.6681
12 112 -3.66145
12 113 -3.24537
12 217 -5.61158
12 221 2.16858
12 223 -8.26943
12 376 -3.63388
12 378 -1.2125
13 13 8.46175
13 116 -2.36356
13 117 -1.96722
13 175 -0.735229
13 177 -1.05886
13 222 0.985718
13 225 -3.23179
14 14 4.61328
14 120 -0.150246
14 121 -0.216364
14 176 -0.503052
14 179 -0.68089
14 209 -1.51766
14 360 -1.48064
14 362 -0.0276947
15 15 5.26172
15 124 -1.16984
15 125 -1.07625
15 190 -0.71623
15 192 -0.686358
15 230 -0.778567
15 232 -0.811033
16 16 1.14988
16 128 -0.109808
16 129 -0.0639307
16 182 -0.233269
16 185 -0.0985949
16 205 -0.380327
16 350 -0.318227
16 356 0.0590061
17 17 2.21552
17 132 -0.405678
17 133 -0.497273
17 184 -0.258425
17 186 -0.191796
17 188 -0.491333
17 191 -0.359088
18 18 3.14278
18 136 -0.56095
18 137 -0.749994
18 187 -0.631714
18 189 -0.482465
18 194 -0.395262
18 197 -0.305275
19 19 4.93845
19 140 -0.905711
19 141 -1.08939
19 196 -1.07667
19 198 -0.398475
19 200 -1.43635
19 203 0.00406901
20 20 13.4737
20 144 -1.99655
20 145 -1.7646
20 202 -3.6753
20 204 0.00895182
20 213 -3.08737
20 366 -2.43196
20 372 -0.432104
21 21 1
22 22 1
23 23 1
24 24 1
25 25 1
26 26 1
27 27 1
28 28 3.05513
28 206 -0.769514
28 208 0.104254
28 210 -0.92991
28 212 0.0775588
28 351 0.0210858
28 355 -0.931253
28 359 0.0494025
28 363 -0.666947
29 29 15.3814
29 214 -4.09849
29 216 0.550326
29 218 -4.46038
29 220 0.404786
29 367 -0.76444
29 371 -3.28136
29 375 -0.877151
29 379 -2.74333
30 30 7.3049
30 103 -1.40235
30 104 -1.62359
30 297 -0.11163
30 340 -0.685061
30 341 -1.11135
30 353 0.347375
30 354 -2.70059
31 31 11.3225
31 105 -2.41795
31 106 -2.72948
31 301 0.362893
31 337 -1.88344
31 338 -1.18376
31 357 -3.77527
31 358 0.339279
32 32 9.26545
32 107 -1.93238
32 108 -1.81858
32 324 0.263762
32 337 -2.04722
32 339 -1.3409
32 377 -0.886702
32 380 -1.43825
33 33 7.55769
33 109 -1.44755
33 110 -1.31642
33 312 -0.0849573
33 343 -1.09155
33 344 -1.69627
33 365 -1.28466
33 368 -0.587467
34 34 31.236
34 111 -4.55247
34 112 -4.09675
34 320 -7.8254
34 328 -10.6538
34 329 2.81915
34 373 -5.39941
34 376 -1.2736
35 35 17.345
35 113 -2.84785
35 114 -2.4687
35 321 -3.87375
35 325 1.59686
35 326 -6.16555
35 377 -1.05832
35 378 -2.37236
36 36 11.2867
36 115 -3.00445
36 116 -2.7093
36 233 -0.986755
36 234 -1.49379
36 325 1.242
36 327 -4.2136
37 37 4.81986
37 117 -1.52028
37 118 -1.02274
37 236 -0.499652
37 237 -0.406311
37 331 -1.96946
37 332 0.650574
38 38 1.79022
38 119 -0.0423602
38 120 -0.0927412
38 239 -0.245954
38 240 -0.21283
38 305 -0.575141
38 361 -0.0280771
38 362 -0.57775
39 39 8.71836
39 121 -0.2935
39 122 -0.385229
39 233 -0.870667
39 235 -1.24009
39 304 -2.93076
39 357 -2.99486
39 360 0.0596098
40 40 6.13867
40 123 -1.35701
40 124 -1.26343
40 260 -0.833112
40 262 -0.80324
40 343 -0.943499
40 345 -0.911034
41 41 4.38477
41 125 -0.982666
41 126 -0.889079
41 263 -0.569476
41 265 -0.599347
41 340 -0.6461
41 342 -0.678566
42 42 2.89406
42 127 -0.270071
42 128 -0.175664
42 251 -0.209918
42 252 -0.537362
42 300 -0.95243
42 353 0.202376
42 356 -0.941144
43 43 0.270915
43 129 -0.032673
43 130 -0.0127519
43 245 -0.0539329
43 247 -0.0286944
43 293 -0.0935432
43 349 -0.0570864
43 350 0.00910343
44 44 1.21281
44 131 -0.187406
44 132 -0.302389
44 248 -0.12224
44 250 -0.106362
44 257 -0.269063
44 259 -0.218829
45 45 2.99367
45 133 -0.577176
45 134 -0.645385
45 251 -0.256518
45 253 -0.363482
45 263 -0.468178
45 264 -0.666809
46 46 1.45067
46 135 -0.217942
46 136 -0.383599
46 257 -0.29246
46 258 -0.2487
46 269 -0.157911
46 271 -0.142173
47 47 5.05946
47 137 -0.950731
47 138 -1.16316
47 260 -0.747398
47 261 -1.01776
47 275 -0.489087
47 276 -0.66374
48 48 2.78762
48 139 -0.46825
48 140 -0.698664
48 272 -0.507468
48 274 -0.219841
48 281 -0.875315
48 283 0.00268555
49 49 6.60841
49 141 -1.24971
49 142 -1.38666
49 275 -0.535687
49 277 -1.52111
49 287 0.00512695
49 288 -1.87271
50 50 18.0153
50 143 -2.51345
50 144 -2.245
50 284 -4.73504
50 286 0.0116374
50 316 -4.4486
50 369 -0.278519
50 372 -3.68927
51 51 9.78969
51 145 -1.54672
51 146 -1.34125
51 287 0.0065918
51 289 -2.74024
51 309 -2.06282
51 365 -1.55864
51 366 -0.472981
52 52 1
53 53 1
54 54 1
55 55 1
56 56 1
57 57 1
58 58 1
59 59 1
60 60 1
61 61 1
62 62 1
63 63 1
64 64 1
65 65 1
66 66 5.28516
66 175 -0.657837
66 176 -0.580444
66 234 -1.15206
66 235 -1.08476
66 242 -0.898359
66 244 -0.841387
67 67 2.9729
67 177 -0.71712
67 178 -0.406451
67 237 -0.367615
67 238 -0.432355
67 242 -0.68089
67 243 -0.328918
68 68 2.31226
68 179 -0.525556
68 180 -0.339155
68 240 -0.251526
68 241 -0.31325
68 243 -0.290222
68 244 -0.561785
69 69 0.577139
69 181 -0.124108
69 182 -0.186486
69 246 -0.0522023
69 247 -0.0442279
69 254 -0.0597613
69 256 -0.106676
70 70 0.921988
70 183 -0.0872212
70 184 -0.165041
70 249 -0.194283
70 250 -0.0908282
70 254 -0.0752948
70 255 -0.303445
71 71 1.61169
71 185 -0.129662
71 186 -0.160729
71 252 -0.474984
71 253 -0.262316
71 255 -0.397012
71 256 -0.176714
72 72 2.63086
72 187 -0.58492
72 188 -0.538127
72 258 -0.334414
72 259 -0.320127
72 266 -0.429217
72 268 -0.412336
73 73 4.27515
73 189 -0.568179
73 190 -0.6461
73 261 -0.947571
73 262 -0.670774
73 266 -0.546099
73 267 -0.87738
74 74 3.61743
74 191 -0.460386
74 192 -0.569476
74 264 -0.737
74 265 -0.544802
74 267 -0.80719
74 268 -0.482465
75 75 1.8368
75 193 -0.19293
75 194 -0.301878
75 270 -0.367118
75 271 -0.157707
75 278 -0.17324
75 280 -0.632224
76 76 2.18165
76 195 -0.437293
76 196 -0.749183
76 273 -0.227949
76 274 -0.204307
76 278 -0.188774
76 279 -0.360243
77 77 3.90589
77 197 -0.336342
77 198 -0.367408
77 276 -0.578138
77 277 -1.20922
77 279 -0.476973
77 280 -0.912925
78 78 8.28223
78 199 -2.2779
78 200 -1.84154
78 282 -1.92986
78 283 0.00447591
78 290 0.00626628
78 292 -2.17921
79 79 13.8037
79 201 -3.33245
79 202 -3.51946
79 285 -3.68049
79 286 0.00984701
79 290 0.00805664
79 291 -3.18179
80 80 10.0391
80 203 0.00569661
80 204 0.00732422
80 288 -2.2779
80 289 -2.5844
80 291 -2.71426
80 292 -2.39739
81 81 2.16963
81 205 -0.495791
81 206 -0.62516
81 294 0.0206525
81 299 0.0212723
81 350 0.0271996
81 351 -0.486293
81 355 0.0611905
81 356 -0.686897
82 82 6.67338
82 207 0.122758
82 208 0.122811
82 298 -1.64216
82 302 -1.92157
82 354 -2.07535
82 355 0.118269
82 358 0.207356
82 359 -1.58944
83 83 4.0653
83 209 -1.30296
83 210 -1.10738
83 303 0.227955
83 306 0.164743
83 359 -1.1946
83 360 0.0218532
83 362 -0.863051
83 363 0.00329472
84 84 1.01309
84 211 0.0251045
84 212 0.0497018
84 295 -0.254102
84 307 -0.3219
84 351 -0.320967
84 352 -0.0032018
84 363 -0.0031791
84 364 -0.180381
85 85 13.8337
85 213 -3.41143
85 214 -3.74864
85 310 0.112659
85 315 0.203497
85 366 -0.559825
85 367 -2.59501
85 371 -0.644566
85 372 -3.09877
86 86 21.0795
86 215 0.881047
86 216 0.71046
86 314 -5.77262
86 318 -6.25556
86 370 -4.87448
86 371 -0.724938
86 374 -0.797841
86 375 -4.11563
87 87 16.9617
87 217 -5.21764
87 218 -4.83366
87 319 0.939042
87 322 0.733384
87 375 -3.45844
87 376 -1.12683
87 378 -2.88228
87 379 -0.983155
88 88 11.0244
88 219 0.167267
88 220 0.276571
88 311 -2.81182
88 323 -3.07265
88 367 -2.15867
88 368 -0.712553
88 379 -0.844638
88 380 -1.77629
89 89 19.4629
89 221 1.77429
89 222 1.38
89 326 -5.8149
89 327 -5.12528
89 334 -6.10709
89 336 -5.39413
90 90 26.7615
90 223 -7.91879
90 224 -7.49801
90 329 2.38544
90 330 -8.28111
90 334 -7.15903
90 335 1.95172
91 91 16.0569
91 225 -4.14347
91 226 -5.12528
91 332 1.08429
91 333 -4.34219
91 335 1.51801
91 336 -4.90322
92 92 7.89258
92 227 -1.61438
92 228 -1.75476
92 338 -1.1448
92 339 -1.19285
92 346 -1.05259
92 348 -1.09805
93 93 6.02905
93 229 -0.879865
93 230 -0.833112
93 341 -1.22833
93 342 -0.795448
93 346 -0.920123
93 347 -1.34532
94 94 7.12524
94 231 -1.08376
94 232 -0.943499
94 344 -1.57928
94 345 -0.981163
94 347 -1.4623
94 348 -1.0435
95 95 0.631345
95 293 -0.140429
95 294 0.0142369
95 295 -0.19378
95 296 0.006814
95 349 0.00123944
95 350 -0.207905
95 351 0.00689968
95 352 -0.116184
96 96 5.1668
96 297 -0.0298997
96 298 -1.38861
96 299 0.00838583
96 300 -1.15927
96 353 -1.66731
96 354 0.214465
96 355 -1.25439
96 356 0.119753
97 97 8.37976
97 301 0.338484
97 302 -2.22843
97 303 0.28901
97 304 -2.56431
97 357 0.178562
97 358 -2.51597
97 359 0.0989672
97 360 -1.95186
98 98 1.45471
98 305 -0.481923
98 306 0.105772
98 307 -0.397675
98 308 0.0551487
98 361 -0.250598
98 362 -0.0222369
98 363 -0.443696
98 364 -0.0127409
99 99 9.84327
99 309 -2.30595
99 310 0.0330763
99 311 -2.55593
99 312 -0.0331556
99 365 -0.544154
99 366 -2.02879
99 367 -0.652982
99 368 -1.67959
100 100 19.1209
100 313 0.403931
100 314 -5.31035
100 315 0.302234
100 316 -4.86895
100 369 -4.63089
100 370 -0.524548
100 371 -3.90254
100 372 -0.483611
101 101 23.1669
101 317 1.41199
101 318 -6.75887
101 319 1.16641
101 320 -7.28226
101 373 -1.09691
101 374 -5.12984
101 375 -0.988975
101 376 -4.33275
102 102 12.1585
102 321 -3.60476
102 322 0.55166
102 323 -3.33733
102 324 0.395027
102 377 -1.85455
102 378 -1.04361
102 379 -2.27172
102 380 -0.88551
103 1 -1.20126
103 30 -1.40235
103 103 6.45499
103 126 -0.579867
103 127 0.336607
103 297 -2.45991
103 340 -0.947571
103 353 -0.186158
104 10 -1.86596
104 30 -1.62359
104 104 8.21435
104 207 -2.95176
104 229 -1.28682
104 297 0.353416
104 341 -0.798047
104 354 -0.020256
105 10 -2.13043
105 31 -2.41795
105 105 10.221
105 207 0.349777
105 227 -1.0474
105 301 -3.48847
105 338 -1.67287
105 358 0.216174
106 0 -3.06597
106 31 -2.72948
106 106 12.4923
106 107 -2.10571
106 122 -4.07514
106 301 0.322428
106 337 -1.32791
106 357 0.529764
107 0 -2.03997
107 32 -1.93238
107 106 -2.10571
107 107 9.58889
107 114 -0.957924
107 324 -1.46292
107 337 -1.38376
107 377 0.362498
108 11 -1.69934
108 32 -1.81858
108 108 8.90032
108 219 -1.40867
108 228 -1.29025
108 324 -0.81341
108 339 -1.97703
108 380 0.168343
109 11 -1.57542
109 33 -1.44755
109 109 8.0464
109 219 -0.66313
109 231 -1.80155
109 312 -1.33261
109 344 -1.16558
109 368 -0.00737886
110 2 -1.18271
110 33 -1.31642
110 110 7.02736
110 123 -1.00973
110 146 -1.22879
110 312 -0.512396
110 343 -1.57928
110 365 -0.153743
111 34 -4.55247
111 111 35.5613
111 320 -1.25571
111 328 3.17401
111 373 -9.13936
112 12 -3.66145
112 34 -4.09675
112 112 27.2829
112 217 -1.25724
112 223 2.48401
112 320 -4.44368
112 329 -9.42657
112 376 -6.6536
113 12 -3.24537
113 35 -2.84785
113 113 20.3634
113 217 -2.94932
113 221 -7.18243
113 321 -1.14461
113 326 1.87286
113 378 -4.68828
114 0 -2.1081
114 35 -2.4687
114 107 -0.957924
114 114 14.5933
114 115 1.34058
114 321 -1.88792
114 325 -5.2188
114 377 -3.15897
115 0 -3.249
115 36 -3.00445
115 114 1.34058
115 115 12.3929
115 122 -1.0835
115 233 -1.66466
115 325 -4.59931
116 13 -2.36356
116 36 -2.7093
116 116 9.97636
116 175 -1.29186
116 222 -3.75776
116 234 -0.870667
116 327 1.12372
117 13 -1.96722
117 37 -1.52028
117 117 6.74292
117 177 -0.580444
117 225 0.828003
117 237 -0.794787
117 332 -2.63569
118 37 -1.02274
118 118 2.69259
118 236 -0.21283
118 331 0.45343
119 38 -0.0423602
119 119 0.765971
119 239 -0.0967407
119 305 -0.288232
119 361 -0.247704
120 14 -0.150246
120 38 -0.0927412
120 120 3.06232
120 179 -0.348267
120 209 -0.967663
120 240 -0.447889
120 305 -0.0354899
120 362 -0.9946
121 14 -0.216364
121 39 -0.2935
121 121 6.48216
121 176 -0.944959
121 209 0.00156226
121 235 -0.677185
121 304 -2.14472
121 360 -2.15776
122 0 -0.496635
122 39 -0.385229
122 106 -4.07514
122 115 -1.0835
122 122 11.3848
122 233 -1.5663
122 304 0.155169
122 357 -3.85562
123 2 -1.4506
123 40 -1.35701
123 110 -1.00973
123 123 6.57715
123 138 -0.891553
123 260 -0.861682
123 343 -0.977267
124 15 -1.16984
124 40 -1.26343
124 124 5.7002
124 190 -0.744799
124 232 -0.8448
124 262 -0.774671
124 345 -0.877266
125 15 -1.07625
125 41 -0.982666
125 125 4.82324
125 192 -0.657789
125 230 -0.744799
125 265 -0.627917
125 342 -0.712334
126 1 -0.795492
126 41 -0.889079
126 103 -0.579867
126 126 3.94629
126 134 -0.511035
126 263 -0.540906
126 340 -0.612333
127 1 -0.406773
127 42 -0.270071
127 103 0.336607
127 127 4.23461
127 134 -0.281113
127 251 -0.736192
127 300 -1.4732
127 353 -1.39094
128 16 -0.109808
128 42 -0.175664
128 128 1.89035
128 185 -0.369721
128 205 -0.5704
128 252 -0.149079
128 300 0.114425
128 356 -0.623005
129 16 -0.0639307
129 43 -0.032673
129 129 0.621963
129 182 -0.0584669
129 205 0.0263217
129 247 -0.128007
129 293 -0.154412
129 350 -0.207998
130 43 -0.0127519
130 130 0.0712602
130 245 -0.00927763
130 293 0.00176224
130 349 -0.0271607
131 44 -0.187406
131 131 0.627236
131 135 -0.140381
131 248 -0.055878
131 257 -0.137011
132 17 -0.405678
132 44 -0.302389
132 132 1.74224
132 184 -0.151668
132 188 -0.292854
132 250 -0.194223
132 259 -0.386047
133 17 -0.497273
133 45 -0.577176
133 133 2.63267
133 186 -0.314844
133 191 -0.58492
133 253 -0.226746
133 264 -0.417529
134 1 -0.7019
134 45 -0.645385
134 126 -0.511035
134 127 -0.281113
134 134 3.29853
134 251 -0.404337
134 263 -0.737
135 46 -0.217942
135 131 -0.140381
135 135 0.688831
135 257 -0.143506
135 269 -0.0683896
136 18 -0.56095
136 46 -0.383599
136 136 2.26866
136 187 -0.361687
136 194 -0.221135
136 258 -0.456238
136 271 -0.272695
137 18 -0.749994
137 47 -0.950731
137 137 4.07305
137 189 -0.818888
137 197 -0.52561
137 261 -0.611036
137 276 -0.394592
138 2 -1.38729
138 47 -1.16316
138 123 -0.891553
138 138 6.10201
138 142 -0.58876
138 260 -1.22833
138 275 -0.809652
139 48 -0.46825
139 139 1.53187
139 272 -0.11499
139 281 0.00187174
140 19 -0.905711
140 48 -0.698664
140 140 3.92314
140 196 -0.314336
140 200 0.00341797
140 274 -0.807662
140 283 -1.17142
141 19 -1.08939
141 49 -1.24971
141 141 5.83354
141 198 -1.31448
141 203 -1.67012
141 277 -0.472259
141 288 0.00463867
142 2 -1.50024
142 49 -1.38666
142 138 -0.58876
142 142 7.26306
142 146 0.00553385
142 275 -1.69655
142 287 -2.04414
143 50 -2.51345
143 143 20.6874
143 284 0.0131022
143 316 -4.51236
143 369 -5.28375
144 20 -1.99655
144 50 -2.245
144 144 15.6232
144 202 0.0102539
144 213 -3.00359
144 286 -4.18959
144 316 -0.372231
144 372 -3.72072
145 20 -1.7646
145 51 -1.54672
145 145 11.5371
145 204 -3.19219
145 213 -0.464022
145 289 0.00773112
145 309 -1.95546
145 366 -2.53781
146 2 -1.14719
146 51 -1.34125
146 110 -1.22879
146 142 0.00553385
146 146 8.21251
146 287 -2.31947
146 309 -0.463281
146 365 -1.65442
147 147 1
148 148 1
149 149 1
150 150 1
151 151 1
152 152 1
153 153 1
154 154 1
155 155 1
156 156 1
157 157 1
158 158 1
159 159 1
160 160 1
161 161 1
162 162 1
163 163 1
164 164 1
165 165 1
166 166 1
167 167 1
168 168 1
169 169 1
170 170 1
171 171 1
172 172 1
173 173 1
174 174 1
175 13 -0.735229
175 66 -0.657837
175 116 -1.29186
175 175 5.9458
175 177 -1.00709
175 234 -1.22456
175 242 -0.950122
176 14 -0.503052
176 66 -0.580444
176 121 -0.944959
176 176 4.62451
176 179 -0.732653
176 235 -1.01226
176 244 -0.789625
177 13 -1.05886
177 67 -0.71712
177 117 -0.580444
177 175 -1.00709
177 177 4.70709
177 237 -0.758558
177 242 -0.5224
178 67 -0.406451
178 178 1.40387
178 180 -0.154785
178 238 -0.174133
178 243 -0.385755
179 14 -0.68089
179 68 -0.525556
179 120 -0.348267
179 176 -0.732653
179 179 3.22064
179 240 -0.484118
179 244 -0.406311
180 68 -0.339155
180 178 -0.154785
180 180 1.23871
180 241 -0.135437
180 243 -0.359851
181 69 -0.124108
181 181 0.318503
181 183 -0.0325778
181 246 -0.0248111
181 254 -0.0697118
182 16 -0.233269
182 69 -0.186486
182 129 -0.0584669
182 182 0.778301
182 185 -0.135859
182 247 -0.0774937
182 256 -0.081767
183 70 -0.0872212
183 181 -0.0325778
183 183 0.404715
183 249 -0.0403445
183 254 -0.159196
184 17 -0.258425
184 70 -0.165041
184 132 -0.151668
184 184 1.55421
184 186 -0.478883
184 250 -0.361924
184 255 -0.128367
185 16 -0.0985949
185 71 -0.129662
185 128 -0.369721
185 182 -0.135859
185 185 1.26684
185 252 -0.209787
185 256 -0.31514
186 17 -0.191796
186 71 -0.160729
186 133 -0.314844
186 184 -0.478883
186 186 1.95653
186 253 -0.580247
186 255 -0.217569
187 18 -0.631714
187 72 -0.58492
187 136 -0.361687
187 187 2.8501
187 189 -0.464282
187 258 -0.347399
187 266 -0.4474
188 17 -0.491333
188 72 -0.538127
188 132 -0.292854
188 188 2.41162
188 191 -0.377271
188 259 -0.307142
188 268 -0.394152
189 18 -0.482465
189 73 -0.568179
189 137 -0.818888
189 187 -0.464282
189 189 3.69965
189 261 -0.588956
189 266 -0.760396
190 15 -0.71623
190 73 -0.6461
190 124 -0.744799
190 190 4.79584
190 192 -0.982666
190 262 -1.06455
190 267 -0.620125
191 17 -0.359088
191 74 -0.460386
191 133 -0.58492
191 188 -0.377271
191 191 2.8775
191 264 -0.439608
191 268 -0.643412
192 15 -0.686358
192 74 -0.569476
192 125 -0.657789
192 190 -0.982666
192 192 4.41217
192 265 -0.900777
192 267 -0.595451
193 75 -0.19293
193 193 0.97468
193 195 -0.0916898
193 270 -0.0839231
193 278 -0.402206
194 18 -0.395262
194 75 -0.301878
194 136 -0.221135
194 194 2.58397
194 197 -0.831054
194 271 -0.573745
194 280 -0.244435
195 76 -0.437293
195 193 -0.0916898
195 195 1.06089
195 273 -0.0994565
195 278 -0.21044
196 19 -1.07667
196 76 -0.749183
196 140 -0.314336
196 196 3.35988
196 198 -0.517828
196 274 -0.389425
196 279 -0.291036
197 18 -0.305275
197 77 -0.336342
197 137 -0.52561
197 194 -0.831054
197 197 3.56104
197 276 -1.10396
197 280 -0.436117
198 19 -0.398475
198 77 -0.367408
198 141 -1.31448
198 196 -0.517828
198 198 4.25074
198 277 -0.630667
198 279 -0.994796
199 78 -2.2779
199 199 10.1018
199 201 0.00748698
199 282 0.00561523
199 290 -2.63115
200 19 -1.43635
200 78 -1.84154
200 140 0.00341797
200 200 6.58813
200 203 -1.75843
200 283 -1.50908
200 292 0.00512695
201 79 -3.33245
201 199 0.00748698
201 201 12.988
201 285 0.00935872
201 290 -2.9792
202 20 -3.6753
202 79 -3.51946
202 144 0.0102539
202 202 14.4939
202 204 -3.35322
202 286 -3.85192
202 291 0.00854492
203 19 0.00406901
203 80 0.00569661
203 141 -1.67012
203 200 -1.75843
203 203 7.5293
203 288 -1.97661
203 292 -2.07531
204 20 0.00895182
204 80 0.00732422
204 145 -3.19219
204 202 -3.35322
204 204 12.5488
204 289 -2.88569
204 291 -3.03635
205 16 -0.380327
205 81 -0.495791
205 128 -0.5704
205 129 0.0263217
205 205 1.76704
205 294 -0.400891
205 299 0.0617428
205 350 0.0026268
205 356 -0.00607598
206 28 -0.769514
206 81 -0.62516
206 206 2.59807
206 208 0.0571498
206 212 -0.574854
206 294 0.0255112
206 299 -0.806968
206 351 0.04551
206 355 0.0579056
207 10 0.0887392
207 82 0.122758
207 104 -2.95176
207 105 0.349777
207 207 9.3459
207 298 0.213456
207 302 -2.2912
207 354 -2.25508
207 358 -2.60346
208 28 0.104254
208 82 0.122811
208 206 0.0571498
208 208 4.62075
208 210 -1.0603
208 298 -1.4188
208 302 0.110979
208 355 -1.15366
208 359 -1.37026
209 14 -1.51766
209 83 -1.30296
209 120 -0.967663
209 121 0.00156226
209 209 4.62319
209 303 -1.33458
209 306 -0.0104521
209 360 0.306285
209 362 0.220662
210 28 -0.92991
210 83 -1.10738
210 208 -1.0603
210 210 3.54339
210 212 0.0137429
210 303 0.0377173
210 306 -0.762909
210 359 0.160777
210 363 0.117174
211 84 0.0251045
211 211 0.405154
211 295 -0.147585
211 307 -0.00729071
211 352 -0.099541
211 364 -0.130555
212 28 0.0775588
212 84 0.0497018
212 206 -0.574854
212 210 0.0137429
212 212 1.87748
212 295 0.0029124
212 307 -0.381015
212 351 -0.473915
212 363 -0.584757
213 20 -3.08737
213 85 -3.41143
213 144 -3.00359
213 145 -0.464022
213 213 13.0697
213 310 -2.51576
213 315 -0.535611
213 366 -0.0173733
213 372 0.047722
214 29 -4.09849
214 85 -3.74864
214 214 14.6038
214 216 -0.758543
214 220 -2.67062
214 310 -0.660136
214 315 -3.19107
214 367 0.253709
214 371 0.371304
215 86 0.881047
215 215 24.5821
215 314 -0.657886
215 318 -5.00051
215 370 -6.78278
215 374 -7.3338
216 29 0.550326
216 86 0.71046
216 214 -0.758543
216 216 18.0357
216 218 -3.37031
216 314 -4.0088
216 318 -0.854258
216 371 -4.88195
216 375 -5.30183
217 12 -5.61158
217 87 -5.21764
217 112 -1.25724
217 113 -2.94932
217 217 17.7649
217 319 -3.54619
217 322 -1.0967
217 376 1.14737
217 378 0.909217
218 29 -4.46038
218 87 -4.83366
218 216 -3.37031
218 218 16.1672
218 220 -0.872261
218 319 -1.00003
218 322 -2.81374
218 375 0.739806
218 379 0.564966
219 11 0.0775196
219 88 0.167267
219 108 -1.40867
219 109 -0.66313
219 219 9.23732
219 311 -1.73054
219 323 -0.798767
219 368 -2.29093
219 380 -2.50841
220 29 0.404786
220 88 0.276571
220 214 -2.67062
220 218 -0.872261
220 220 13.0597
220 311 -0.747636
220 323 -2.21697
220 367 -3.41157
220 379 -3.72048
221 12 2.16858
221 89 1.77429
221 113 -7.18243
221 221 24.3286
221 223 -7.54475
221 326 -6.49281
221 334 -6.83178
222 13 0.985718
222 89 1.38
222 116 -3.75776
222 222 14.5972
222 225 -3.95647
222 327 -4.44738
222 336 -4.66944
223 12 -8.26943
223 90 -7.91879
223 112 2.48401
223 221 -7.54475
223 223 28.0995
223 329 -8.66682
223 334 2.07001
224 90 -7.49801
224 224 25.1801
224 226 1.81372
224 330 2.26715
224 335 -6.70319
225 13 -3.23179
225 91 -4.14347
225 117 0.828003
225 222 -3.95647
225 225 12.7725
225 332 -3.39544
225 336 1.242
226 91 -5.12528
226 224 1.81372
226 226 19.5845
226 333 1.36029
226 335 -5.9201
227 10 -1.474
227 92 -1.61438
227 105 -1.0474
227 227 7.23486
227 229 -0.96298
227 338 -1.09545
227 346 -1.00844
228 11 -1.89514
228 92 -1.75476
228 108 -1.29025
228 228 8.55029
228 231 -1.18766
228 339 -1.2422
228 348 -1.1422
229 10 -0.918826
229 93 -0.879865
229 104 -1.28682
229 227 -0.96298
229 229 6.33051
229 341 -0.838305
229 346 -1.41551
230 15 -0.778567
230 93 -0.833112
230 125 -0.744799
230 230 5.67279
230 232 -1.26343
230 342 -1.15814
230 347 -0.869474
231 11 -1.23181
231 94 -1.08376
231 109 -1.80155
231 228 -1.18766
231 231 8.13922
231 344 -1.12532
231 348 -1.67287
232 15 -0.811033
232 94 -0.943499
232 124 -0.8448
232 230 -1.26343
232 232 6.16608
232 345 -1.36871
232 347 -0.907138
233 36 -0.986755
233 39 -0.870667
233 115 -1.66466
233 122 -1.5663
233 233 7.92773
233 234 -1.41096
233 235 -1.32292
234 36 -1.49379
234 66 -1.15206
234 116 -0.870667
234 175 -1.22456
234 233 -1.41096
234 234 7.01935
234 235 -0.773926
235 39 -1.24009
235 66 -1.08476
235 121 -0.677185
235 176 -1.01226
235 233 -1.32292
235 234 -0.773926
235 235 6.19354
236 37 -0.499652
236 118 -0.21283
236 236 1.73419
236 237 -0.478956
236 238 -0.193481
237 37 -0.406311
237 67 -0.367615
237 117 -0.794787
237 177 -0.758558
237 236 -0.478956
237 237 3.30322
237 238 -0.453051
238 67 -0.432355
238 178 -0.174133
238 236 -0.193481
238 237 -0.453051
238 238 1.56903
239 38 -0.245954
239 119 -0.0967407
239 239 0.908386
239 240 -0.26665
239 241 -0.116089
240 38 -0.21283
240 68 -0.251526
240 120 -0.447889
240 179 -0.484118
240 239 -0.26665
240 240 1.98193
240 241 -0.292554
241 68 -0.31325
241 180 -0.135437
241 239 -0.116089
241 240 -0.292554
241 241 1.07355
242 66 -0.898359
242 67 -0.68089
242 175 -0.950122
242 177 -0.5224
242 242 4.21161
242 243 -0.639453
242 244 -0.464355
243 67 -0.328918
243 68 -0.290222
243 178 -0.385755
243 180 -0.359851
243 242 -0.639453
243 243 2.64258
243 244 -0.603223
244 66 -0.841387
244 68 -0.561785
244 176 -0.789625
244 179 -0.406311
244 242 -0.464355
244 243 -0.603223
244 244 3.71613
245 43 -0.0539329
245 130 -0.00927763
245 245 0.146078
245 246 -0.0170443
245 247 -0.0346928
246 69 -0.0522023
246 181 -0.0248111
246 245 -0.0170443
246 246 0.23229
246 247 -0.0890205
247 43 -0.0286944
247 69 -0.0442279
247 129 -0.128007
247 182 -0.0774937
247 245 -0.0346928
247 246 -0.0890205
247 247 0.404715
248 44 -0.12224
248 131 -0.055878
248 248 0.577139
248 249 -0.0481112
248 250 -0.229371
249 70 -0.194283
249 183 -0.0403445
249 248 -0.0481112
249 249 0.490927
249 250 -0.104731
250 44 -0.106362
250 70 -0.0908282
250 132 -0.194223
250 184 -0.361924
250 248 -0.229371
250 249 -0.104731
250 250 1.09441
251 42 -0.209918
251 45 -0.256518
251 127 -0.736192
251 134 -0.404337
251 251 2.58876
251 252 -0.29928
251 253 -0.666016
252 42 -0.537362
252 71 -0.474984
252 128 -0.149079
252 185 -0.209787
252 251 -0.29928
252 252 1.87032
252 253 -0.187912
253 45 -0.363482
253 71 -0.262316
253 133 -0.226746
253 186 -0.580247
253 251 -0.666016
253 252 -0.187912
253 253 2.30138
254 69 -0.0597613
254 70 -0.0752948
254 181 -0.0697118
254 183 -0.159196
254 254 0.749563
254 255 -0.135859
254 256 -0.244965
255 70 -0.303445
255 71 -0.397012
255 184 -0.128367
255 186 -0.217569
255 254 -0.135859
255 255 1.29557
255 256 -0.105067
256 69 -0.106676
256 71 -0.176714
256 182 -0.081767
256 185 -0.31514
256 254 -0.244965
256 255 -0.105067
256 256 1.03694
257 44 -0.269063
257 46 -0.29246
257 131 -0.137011
257 135 -0.143506
257 257 1.31543
257 258 -0.238309
257 259 -0.22922
258 46 -0.2487
258 72 -0.334414
258 136 -0.456238
258 187 -0.347399
258 257 -0.238309
258 258 2.05536
258 259 -0.421143
259 44 -0.218829
259 72 -0.320127
259 132 -0.386047
259 188 -0.307142
259 257 -0.22922
259 258 -0.421143
259 259 1.89093
260 40 -0.833112
260 47 -0.747398
260 123 -0.861682
260 138 -1.22833
260 260 5.56317
260 261 -0.721423
260 262 -1.14644
261 47 -1.01776
261 73 -0.947571
261 137 -0.611036
261 189 -0.588956
261 260 -0.721423
261 261 4.604
261 262 -0.696749
262 40 -0.80324
262 73 -0.670774
262 124 -0.774671
262 190 -1.06455
262 260 -1.14644
262 261 -0.696749
262 262 5.1795
263 41 -0.569476
263 45 -0.468178
263 126 -0.540906
263 134 -0.737
263 263 3.64484
263 264 -0.494153
263 265 -0.818888
264 45 -0.666809
264 74 -0.737
264 133 -0.417529
264 191 -0.439608
264 263 -0.494153
264 264 3.28857
264 265 -0.518827
265 41 -0.599347
265 74 -0.544802
265 125 -0.627917
265 192 -0.900777
265 263 -0.818888
265 264 -0.518827
265 265 4.0285
266 72 -0.429217
266 73 -0.546099
266 187 -0.4474
266 189 -0.760396
266 266 3.4256
266 267 -0.525322
266 268 -0.701904
267 73 -0.87738
267 74 -0.80719
267 190 -0.620125
267 192 -0.595451
267 266 -0.525322
267 267 3.94629
267 268 -0.503242
268 72 -0.412336
268 74 -0.482465
268 188 -0.394152
268 191 -0.643412
268 266 -0.701904
268 267 -0.503242
268 268 3.15155
269 46 -0.157911
269 135 -0.0683896
269 269 0.802255
269 270 -0.0761563
269 271 -0.332031
270 75 -0.367118
270 193 -0.0839231
270 269 -0.0761563
270 270 0.888468
270 271 -0.175421
271 46 -0.142173
271 75 -0.157707
271 136 -0.272695
271 194 -0.573745
271 269 -0.332031
271 270 -0.175421
271 271 1.66438
272 48 -0.507468
272 139 -0.11499
272 272 1.23332
272 273 -0.107223
272 274 -0.245459
273 76 -0.227949
273 195 -0.0994565
273 272 -0.107223
273 273 1.1471
273 274 -0.472381
274 48 -0.219841
274 76 -0.204307
274 140 -0.807662
274 196 -0.389425
274 272 -0.245459
274 273 -0.472381
274 274 2.35407
275 47 -0.489087
275 49 -0.535687
275 138 -0.809652
275 142 -1.69655
275 275 5.68761
275 276 -1.39246
275 277 -0.727941
276 47 -0.66374
276 77 -0.578138
276 137 -0.394592
276 197 -1.10396
276 275 -1.39246
276 276 4.59559
276 277 -0.433426
277 49 -1.52111
277 77 -1.20922
277 141 -0.472259
277 198 -0.630667
277 275 -0.727941
277 276 -0.433426
277 277 5.02665
278 75 -0.17324
278 76 -0.188774
278 193 -0.402206
278 195 -0.21044
278 278 2.00923
278 279 -0.690704
278 280 -0.33106
279 76 -0.360243
279 77 -0.476973
279 196 -0.291036
279 198 -0.994796
279 278 -0.690704
279 279 3.10125
279 280 -0.267736
280 75 -0.632224
280 77 -0.912925
280 194 -0.244435
280 197 -0.436117
280 278 -0.33106
280 279 -0.267736
280 280 2.84261
281 48 -0.875315
281 139 0.00187174
281 281 4.32935
281 282 0.00374349
281 283 -1.22857
282 78 -1.92986
282 199 0.00561523
282 281 0.00374349
282 282 7.21558
282 283 -1.57661
283 48 0.00268555
283 78 0.00447591
283 140 -1.17142
283 200 -1.50908
283 281 -1.22857
283 282 -1.57661
283 283 5.52148
284 50 -4.73504
284 143 0.0131022
284 284 18.7605
284 285 0.0112305
284 286 -4.38179
285 79 -3.68049
285 201 0.00935872
285 284 0.0112305
285 285 15.8743
285 286 -4.03374
286 50 0.0116374
286 79 0.00984701
286 144 -4.18959
286 202 -3.85192
286 284 -4.38179
286 285 -4.03374
286 286 16.5645
287 49 0.00512695
287 51 0.0065918
287 142 -2.04414
287 146 -2.31947
287 287 9.03516
287 288 -2.16363
287 289 -2.44933
288 49 -1.87271
288 80 -2.2779
288 141 0.00463867
288 203 -1.97661
288 287 -2.16363
288 288 8.34497
288 289 0.0061849
289 51 -2.74024
289 80 -2.5844
289 145 0.00773112
289 204 -2.88569
289 287 -2.44933
289 288 0.0061849
289 289 10.7292
290 78 0.00626628
290 79 0.00805664
290 199 -2.63115
290 201 -2.9792
290 290 11.043
290 291 -2.84933
290 292 -2.51167
291 79 -3.18179
291 80 -2.71426
291 202 0.00854492
291 204 -3.03635
291 290 -2.84933
291 291 11.8586
291 292 0.00683594
292 78 -2.17921
292 80 -2.39739
292 200 0.00512695
292 203 -2.07531
292 290 -2.51167
292 291 0.00683594
292 292 9.22339
293 43 -0.0935432
293 95 -0.140429
293 129 -0.154412
293 130 0.00176224
293 293 0.460085
293 294 0.00891934
293 296 -0.0860588
293 349 0.00163961
293 350 0.00353419
294 81 0.0206525
294 95 0.0142369
294 205 -0.400891
294 206 0.0255112
294 293 0.00891934
294 294 1.25982
294 295 -0.26334
294 350 -0.286315
294 351 -0.374692
295 84 -0.254102
295 95 -0.19378
295 211 -0.147585
295 212 0.0029124
295 294 -0.26334
295 295 0.815292
295 296 -0.000387069
295 351 0.0295348
295 352 0.0145779
296 95 0.006814
296 293 -0.0860588
296 295 -0.000387069
296 296 0.228144
296 349 -0.0480907
296 352 -0.072135
297 30 -0.11163
297 96 -0.0298997
297 103 -2.45991
297 104 0.353416
297 297 7.50585
297 298 -1.86767
297 300 0.210684
297 353 -1.65076
297 354 -1.93815
298 82 -1.64216
298 96 -1.38861
298 207 0.213456
298 208 -1.4188
298 297 -1.86767
298 298 5.89717
298 299 0.121109
298 354 0.0388705
298 355 0.059401
299 81 0.0212723
299 96 0.00838583
299 205 0.0617428
299 206 -0.806968
299 298 0.121109
299 299 3.437
299 300 -1.09547
299 355 -0.957824
299 356 -0.781405
300 42 -0.95243
300 96 -1.15927
300 127 -1.4732
300 128 0.114425
300 297 0.210684
300 299 -1.09547
300 300 4.47764
300 353 -0.0841316
300 356 -0.0307276
301 31 0.362893
301 97 0.338484
301 105 -3.48847
301 106 0.322428
301 301 11.4349
301 302 0.19584
301 304 -2.75033
301 357 -3.40194
301 358 -2.98514
302 82 -1.92157
302 97 -2.22843
302 207 -2.2912
302 208 0.110979
302 301 0.19584
302 302 7.49962
302 303 -1.76693
302 358 0.222403
302 359 0.199157
303 83 0.227955
303 97 0.28901
303 209 -1.33458
303 210 0.0377173
303 302 -1.76693
303 303 5.96452
303 304 0.0819435
303 359 -1.60895
303 360 -1.87103
304 39 -2.93076
304 97 -2.56431
304 121 -2.14472
304 122 0.155169
304 301 -2.75033
304 303 0.0819435
304 304 9.31746
304 357 0.471709
304 360 0.392966
305 38 -0.575141
305 98 -0.481923
305 119 -0.288232
305 120 -0.0354899
305 305 1.70071
305 306 -0.50921
305 308 -0.0196402
305 361 0.0750216
305 362 0.142251
306 83 0.164743
306 98 0.105772
306 209 -0.0104521
306 210 -0.762909
306 305 -0.50921
306 306 2.58671
306 307 -0.0115147
306 362 -0.844345
306 363 -0.707981
307 84 -0.3219
307 98 -0.397675
307 211 -0.00729071
307 212 -0.381015
307 306 -0.0115147
307 307 1.22587
307 308 -0.214682
307 363 0.0750187
307 364 0.0385691
308 98 0.0551487
308 305 -0.0196402
308 307 -0.214682
308 308 0.611506
308 361 -0.204391
308 364 -0.165423
309 51 -2.06282
309 99 -2.30595
309 145 -1.95546
309 146 -0.463281
309 309 9.23344
309 310 -0.561231
309 312 -1.62263
309 365 -0.119964
309 366 -0.0740652
310 85 0.112659
310 99 0.0330763
310 213 -2.51576
310 214 -0.660136
310 309 -0.561231
310 310 11.7019
310 311 -2.0962
310 366 -2.81948
310 367 -3.11097
311 88 -2.81182
311 99 -2.55593
311 219 -1.73054
311 220 -0.747636
311 310 -2.0962
311 311 10.4399
311 312 -0.62747
311 367 0.15034
311 368 0.0630263
312 33 -0.0849573
312 99 -0.0331556
312 109 -1.33261
312 110 -0.512396
312 309 -1.62263
312 311 -0.62747
312 312 8.21896
312 365 -1.86277
312 368 -2.07531
313 100 0.403931
313 313 22.4098
313 314 -4.75142
313 316 -0.39802
313 369 -5.75769
313 370 -6.25738
314 86 -5.77262
314 100 -5.31035
314 215 -0.657886
314 216 -4.0088
314 313 -4.75142
314 314 20.0845
314 315 -0.60129
314 370 0.635578
314 371 0.500099
315 85 0.203497
315 100 0.302234
315 213 -0.535611
315 214 -3.19107
315 314 -0.60129
315 315 16.2869
315 316 -3.79628
315 371 -4.47822
315 372 -4.09103
316 50 -4.4486
316 100 -4.86895
316 143 -4.51236
316 144 -0.372231
316 313 -0.39802
316 315 -3.79628
316 316 18.1876
316 369 0.186521
316 372 0.117494
317 101 1.41199
317 317 26.9406
317 318 -0.944235
317 320 -5.26274
317 373 -8.51223
317 374 -7.91033
318 86 -6.25556
318 101 -6.75887
318 215 -5.00051
318 216 -0.854258
318 317 -0.944235
318 318 22.1068
318 319 -4.22349
318 374 1.13996
318 375 0.932741
319 87 0.939042
319 101 1.16641
319 217 -3.54619
319 218 -1.00003
319 318 -4.22349
319 319 19.8627
319 320 -1.12883
319 375 -5.7374
319 376 -6.18817
320 34 -7.8254
320 101 -7.28226
320 111 -1.25571
320 112 -4.44368
320 317 -5.26274
320 319 -1.12883
320 320 24.2601
320 373 1.6968
320 376 1.41098
321 35 -3.87375
321 102 -3.60476
321 113 -1.14461
321 114 -1.88792
321 321 12.7076
321 322 -2.3234
321 324 -0.972211
321 377 0.516242
321 378 0.698518
322 87 0.733384
322 102 0.55166
322 217 -1.0967
322 218 -2.81374
322 321 -2.3234
322 322 14.4088
322 323 -0.943462
322 378 -4.35976
322 379 -4.03685
323 88 -3.07265
323 102 -3.33733
323 219 -0.798767
323 220 -2.21697
323 322 -0.943462
323 323 11.5973
323 324 -1.81746
323 379 0.410686
323 380 0.278327
324 32 0.263762
324 102 0.395027
324 107 -1.46292
324 108 -0.81341
324 321 -0.972211
324 323 -1.81746
324 324 10.1729
324 377 -2.94379
324 380 -2.72647
325 35 1.59686
325 36 1.242
325 114 -5.2188
325 115 -4.59931
325 325 17.5166
325 326 -5.51099
325 327 -4.86816
326 35 -6.16555
326 89 -5.8149
326 113 1.87286
326 221 -6.49281
326 325 -5.51099
326 326 20.801
326 327 1.49829
327 36 -4.2136
327 89 -5.12528
327 116 1.12372
327 222 -4.44738
327 325 -4.86816
327 326 1.49829
327 327 16.1785
328 34 -10.6538
328 111 3.17401
328 328 36.3713
328 329 -9.85902
328 330 2.72058
329 34 2.81915
329 90 2.38544
329 112 -9.42657
329 223 -8.66682
329 328 -9.85902
329 329 32.1138
329 330 -9.07592
330 90 -8.28111
330 224 2.26715
330 328 2.72058
330 329 -9.07592
330 330 30.7757
331 37 -1.96946
331 118 0.45343
331 331 8.39337
331 332 -2.76427
331 333 0.90686
332 37 0.650574
332 91 1.08429
332 117 -2.63569
332 225 -3.39544
332 331 -2.76427
332 332 10.7046
332 333 -3.54737
333 91 -4.34219
333 226 1.36029
333 331 0.90686
333 332 -3.54737
333 333 13.989
334 89 -6.10709
334 90 -7.15903
334 221 -6.83178
334 223 2.07001
334 334 22.9905
334 335 -6.411
334 336 1.65601
335 90 1.95172
335 91 1.51801
335 224 -6.70319
335 226 -5.9201
335 334 -6.411
335 335 21.4092
335 336 -5.65125
336 89 -5.39413
336 91 -4.90322
336 222 -4.66944
336 225 1.242
336 334 1.65601
336 335 -5.65125
336 336 17.8815
337 31 -1.88344
337 32 -2.04722
337 106 -1.32791
337 107 -1.38376
337 337 9.20801
337 338 -1.23571
337 339 -1.28895
338 31 -1.18376
338 92 -1.1448
338 105 -1.67287
338 227 -1.09545
338 337 -1.23571
338 338 8.19403
338 339 -1.82495
339 32 -1.3409
339 92 -1.19285
339 108 -1.97703
339 228 -1.2422
339 337 -1.28895
339 338 -1.82495
339 339 8.90656
340 30 -0.685061
340 41 -0.6461
340 103 -0.947571
340 126 -0.612333
340 340 4.68622
340 341 -0.721423
340 342 -1.05286
341 30 -1.11135
341 93 -1.22833
341 104 -0.798047
341 229 -0.838305
341 340 -0.721423
341 341 5.48096
341 342 -0.759087
342 41 -0.678566
342 93 -0.795448
342 125 -0.712334
342 230 -1.15814
342 340 -1.05286
342 341 -0.759087
342 342 5.1795
343 33 -1.09155
343 40 -0.943499
343 110 -1.57928
343 123 -0.977267
343 343 7.15265
343 344 -1.05519
343 345 -1.474
344 33 -1.69627
344 94 -1.57928
344 109 -1.16558
344 231 -1.12532
344 343 -1.05519
344 344 7.67334
344 345 -1.01752
345 40 -0.911034
345 94 -0.981163
345 124 -0.877266
345 232 -1.36871
345 343 -1.474
345 344 -1.01752
345 345 6.65936
346 92 -1.05259
346 93 -0.920123
346 227 -1.00844
346 229 -1.41551
346 346 6.93341
346 347 -0.961683
346 348 -1.54419
347 93 -1.34532
347 94 -1.4623
347 230 -0.869474
347 232 -0.907138
347 346 -0.961683
347 347 6.57715
347 348 -1.00194
348 92 -1.09805
348 94 -1.0435
348 228 -1.1422
348 231 -1.67287
348 346 -1.54419
348 347 -1.00194
348 348 7.53632
349 43 -0.0570864
349 95 0.00123944
349 130 -0.0271607
349 293 0.00163961
349 296 -0.0480907
349 349 0.149311
350 16 -0.318227
350 43 0.00910343
350 81 0.0271996
350 95 -0.207905
350 129 -0.207998
350 205 0.0026268
350 293 0.00353419
350 294 -0.286315
350 350 0.98074
351 28 0.0210858
351 81 -0.486293
351 84 -0.320967
351 95 0.00689968
351 206 0.04551
351 212 -0.473915
351 294 -0.374692
351 295 0.0295348
351 351 1.5581
352 84 -0.0032018
352 95 -0.116184
352 211 -0.099541
352 295 0.0145779
352 296 -0.072135
352 352 0.313245
353 1 -2.22885
353 30 0.347375
353 42 0.202376
353 96 -1.66731
353 103 -0.186158
353 127 -1.39094
353 297 -1.65076
353 300 -0.0841316
353 353 6.66751
354 10 0.354351
354 30 -2.70059
354 82 -2.07535
354 96 0.214465
354 104 -0.020256
354 207 -2.25508
354 297 -1.93815
354 298 0.0388705
354 354 8.39698
355 28 -0.931253
355 81 0.0611905
355 82 0.118269
355 96 -1.25439
355 206 0.0579056
355 208 -1.15366
355 298 0.059401
355 299 -0.957824
355 355 4.01055
356 16 0.0590061
356 42 -0.941144
356 81 -0.686897
356 96 0.119753
356 128 -0.623005
356 205 -0.00607598
356 299 -0.781405
356 300 -0.0307276
356 356 2.89636
357 0 0.298789
357 31 -3.77527
357 39 -2.99486
357 97 0.178562
357 106 0.529764
357 122 -3.85562
357 301 -3.40194
357 304 0.471709
357 357 12.5833
358 10 -3.21417
358 31 0.339279
358 82 0.207356
358 97 -2.51597
358 105 0.216174
358 207 -2.60346
358 301 -2.98514
358 302 0.222403
358 358 10.3571
359 28 0.0494025
359 82 -1.58944
359 83 -1.1946
359 97 0.0989672
359 208 -1.37026
359 210 0.160777
359 302 0.199157
359 303 -1.60895
359 359 5.27101
360 14 -1.48064
360 39 0.0596098
360 83 0.0218532
360 97 -1.95186
360 121 -2.15776
360 209 0.306285
360 303 -1.87103
360 304 0.392966
360 360 6.70431
361 38 -0.0280771
361 98 -0.250598
361 119 -0.247704
361 305 0.0750216
361 308 -0.204391
361 361 0.726988
362 14 -0.0276947
362 38 -0.57775
362 83 -0.863051
362 98 -0.0222369
362 120 -0.9946
362 209 0.220662
362 305 0.142251
362 306 -0.844345
362 362 2.97998
363 28 -0.666947
363 83 0.00329472
363 84 -0.0031791
363 98 -0.443696
363 210 0.117174
363 212 -0.584757
363 306 -0.707981
363 307 0.0750187
363 363 2.21977
364 84 -0.180381
364 98 -0.0127409
364 211 -0.130555
364 307 0.0385691
364 308 -0.165423
364 364 0.5044
365 2 -0.438671
365 33 -1.28466
365 51 -1.55864
365 99 -0.544154
365 110 -0.153743
365 146 -1.65442
365 309 -0.119964
365 312 -1.86277
365 365 7.67768
366 20 -2.43196
366 51 -0.472981
366 85 -0.559825
366 99 -2.02879
366 145 -2.53781
366 213 -0.0173733
366 309 -0.0740652
366 310 -2.81948
366 366 11.0176
367 29 -0.76444
367 85 -2.59501
367 88 -2.15867
367 99 -0.652982
367 214 0.253709
367 220 -3.41157
367 310 -3.11097
367 311 0.15034
367 367 12.3822
368 11 -1.37367
368 33 -0.587467
368 88 -0.712553
368 99 -1.67959
368 109 -0.00737886
368 219 -2.29093
368 311 0.0630263
368 312 -2.07531
368 368 8.73855
369 50 -0.278519
369 100 -4.63089
369 143 -5.28375
369 313 -5.75769
369 316 0.186521
369 369 21.3919
370 86 -4.87448
370 100 -0.524548
370 215 -6.78278
370 313 -6.25738
370 314 0.635578
370 370 23.4729
371 29 -3.28136
371 85 -0.644566
371 86 -0.724938
371 100 -3.90254
371 214 0.371304
371 216 -4.88195
371 314 0.500099
371 315 -4.47822
371 371 17.1519
372 20 -0.432104
372 50 -3.68927
372 85 -3.09877
372 100 -0.483611
372 144 -3.72072
372 213 0.047722
372 315 -4.09103
372 316 0.117494
372 372 15.4392
373 34 -5.39941
373 101 -1.09691
373 111 -9.13936
373 317 -8.51223
373 320 1.6968
373 373 28.1906
374 86 -0.797841
374 101 -5.12984
374 215 -7.3338
374 317 -7.91033
374 318 1.13996
374 374 25.7378
375 29 -0.877151
375 86 -4.11563
375 87 -3.45844
375 101 -0.988975
375 216 -5.30183
375 218 0.739806
375 318 0.932741
375 319 -5.7374
375 375 18.9391
376 12 -3.63388
376 34 -1.2736
376 87 -1.12683
376 101 -4.33275
376 112 -6.6536
376 217 1.14737
376 319 -6.18817
376 320 1.41098
376 376 20.8067
377 0 -1.48305
