13891
835 835
0 0 2.60068
4 0 -0.0231363
5 0 0.111322
10 0 -0.014253
15 0 -0.0309074
17 0 0.10111
23 0 -0.0039017
24 0 -0.00447105
26 0 -0.0114107
75 0 0.248534
76 0 -0.129432
77 0 -0.895679
78 0 0.232819
79 0 0.254505
80 0 -0.125452
81 0 -0.912734
82 0 0.239899
115 0 0.0389291
116 0 -0.106711
117 0 -0.0312946
118 0 0.00737617
119 0 0.0488498
120 0 -0.146745
121 0 -0.0630227
122 0 0.0138597
177 0 0.0334461
178 0 -0.0958792
179 0 -0.0323492
180 0 0.00629404
187 0 0.0163373
188 0 -0.0689965
189 0 -0.125257
190 0 0.0403672
211 0 0.110928
212 0 -0.365785
213 0 0.0777237
214 0 -0.0194417
215 0 0.325638
216 0 -0.943493
217 0 0.350653
218 0 -0.122923
219 0 0.0797275
220 0 -0.353877
221 0 0.0894217
222 0 -0.0136409
223 0 0.325227
224 0 -0.901741
225 0 0.306357
226 0 -0.110634
1 1 2.56362
4 1 -0.01511
6 1 0.0942414
10 1 -0.00214874
12 1 -0.0067619
16 1 0.0837565
20 1 -0.0161458
24 1 -0.0127237
55 1 -0.00264714
87 1 0.109056
88 1 -0.0850677
89 1 -0.7625
90 1 0.1925
91 1 0.11378
92 1 -0.079823
93 1 -0.748066
94 1 0.188046
115 1 0.00142688
116 1 -0.0222572
117 1 -0.110877
118 1 0.0391646
125 1 0.00678079
126 1 -0.0439139
127 1 -0.156278
128 1 0.0538568
159 1 0.00215224
160 1 -0.0204533
161 1 -0.125461
162 1 0.0461939
183 1 0.00917157
184 1 -0.0500249
185 1 -0.132349
186 1 0.044197
243 1 0.364048
244 1 -0.998648
245 1 0.350219
246 1 -0.128154
247 1 0.0343068
248 1 -0.235229
249 1 0.0371161
250 1 0.00654752
251 1 0.374601
252 1 -1.0495
253 1 0.393819
254 1 -0.142912
255 1 0.0588614
256 1 -0.245648
257 1 0.0296312
258 1 0.00147074
2 2 4.55071
7 2 0.176641
8 2 -0.0417718
11 2 0.00761484
14 2 -0.0528691
18 2 0.195222
22 2 -0.0335402
25 2 -0.0444232
26 2 0.00936287
97 2 -1.58485
98 2 0.41096
99 2 0.453507
100 2 -0.241061
101 2 -1.58285
102 2 0.419059
103 2 0.421321
104 2 -0.198669
131 2 -0.0238987
132 2 0.00484458
133 2 -0.332367
134 2 0.118564
135 2 -0.0407594
136 2 0.0739154
137 2 -0.328927
138 2 0.129188
171 2 -0.0436782
172 2 0.0718763
173 2 -0.286612
174 2 0.108048
191 2 -0.0319089
192 2 0.0220033
193 2 -0.407732
194 2 0.149007
267 2 0.957016
268 2 -2.58131
269 2 0.986798
270 2 -0.368544
271 2 -0.235756
272 2 0.398855
273 2 -0.304143
274 2 0.148122
275 2 1.08365
276 2 -2.74822
277 2 1.03483
278 2 -0.414824
279 2 -0.302308
280 2 0.435311
281 2 -0.297417
282 2 0.165909
3 3 5.12961
8 3 -0.029152
9 3 0.166581
11 3 -0.0391164
13 3 -0.0141709
19 3 0.190125
21 3 0.0115017
25 3 0.0135053
72 3 -0.0564491
105 3 -1.52076
106 3 0.396738
107 3 0.245848
108 3 -0.191658
109 3 -1.50509
110 3 0.370601
111 3 0.190793
112 3 -0.125763
135 3 0.129594
136 3 -0.345001
137 3 0.0949907
138 3 -0.0568061
139 3 0.137639
140 3 -0.380788
141 3 0.0356954
142 3 -0.0384187
167 3 -0.054488
168 3 0.100525
169 3 -0.417576
170 3 0.164675
195 3 -0.0486268
196 3 0.0585815
197 3 -0.491693
198 3 0.18351
283 3 -0.42401
284 3 0.640464
285 3 -0.34668
286 3 0.201161
287 3 1.17132
288 3 -3.06655
289 3 1.14775
290 3 -0.441242
291 3 -0.427752
292 3 0.682111
293 3 -0.411445
294 3 0.221519
295 3 1.27316
296 3 -3.32725
297 3 1.31878
298 3 -0.513387
0 4 -0.0231363
1 4 -0.01511
4 4 2.57271
5 4 -0.00305749
6 4 -0.0150814
10 4 0.102627
16 4 -0.0035941
17 4 -0.0119872
24 4 0.0922998
75 4 -0.10265
76 4 0.0360325
77 4 0.216066
78 4 -0.8365
79 4 -0.0275028
80 4 0.00397959
87 4 -0.026114
88 4 0.0049006
89 4 0.210146
90 4 -0.820603
91 4 -0.115131
92 4 0.042193
115 4 -0.102895
116 4 0.185384
117 4 0.179937
118 4 -0.107408
119 4 -0.0536961
120 4 0.0104479
125 4 -0.150584
126 4 0.0509924
185 4 0.0128819
186 4 -0.0597216
187 4 -0.128051
188 4 0.0420026
211 4 -0.11847
212 4 0.325891
213 4 -0.943903
214 4 0.342227
215 4 -0.296442
216 4 0.0579836
217 4 -0.00404642
218 4 0.0643284
243 4 -0.00951305
244 4 0.0547848
245 4 -0.307663
246 4 0.0859069
247 4 -0.989619
248 4 0.347403
249 4 -0.131834
250 4 0.369535
0 5 0.111322
4 5 -0.00305749
5 5 2.74624
10 5 -0.0291951
15 5 -0.0136095
23 5 -0.0370954
27 5 0.122181
31 5 -0.0169756
59 5 -0.00236756
77 5 -0.0604163
78 5 0.0118542
79 5 -0.150412
80 5 0.303741
81 5 -0.146177
82 5 0.0483106
83 5 -0.143491
84 5 0.306776
115 5 -0.0180554
116 5 0.00174485
119 5 0.25899
120 5 -0.986636
121 5 -1.00311
122 5 0.265483
123 5 -0.12603
124 5 0.0470339
143 5 -0.0535181
144 5 0.00887709
145 5 -0.171612
146 5 0.0583475
179 5 0.0406348
180 5 -0.113518
181 5 -0.0189921
182 5 0.000408379
215 5 -0.000889893
216 5 0.0712499
217 5 -0.273997
218 5 0.0340822
219 5 -0.136214
220 5 0.390277
221 5 -1.06272
222 5 0.369274
227 5 0.00613864
228 5 0.0463525
229 5 -0.25957
230 5 0.0353486
231 5 -1.11279
232 5 0.420666
233 5 -0.150752
234 5 0.39221
1 6 0.0942414
4 6 -0.0150814
6 6 2.73239
10 6 -0.0209948
12 6 -0.00115773
20 6 -0.0124087
28 6 0.105547
31 6 -0.000523195
56 6 -0.0192247
85 6 -0.0968819
86 6 0.162687
89 6 -0.154809
90 6 0.0527086
91 6 -0.105878
92 6 0.1617
93 6 -0.041003
94 6 0.0044166
115 6 -0.130168
116 6 0.0469527
123 6 -0.00840007
124 6 -0.00477561
125 6 0.218364
126 6 -0.855557
127 6 -0.842201
128 6 0.214997
147 6 -0.183877
148 6 0.0644248
149 6 -0.0337521
150 6 0.00143265
161 6 -0.00379232
162 6 -0.00663337
163 6 -0.147323
164 6 0.0553157
235 6 -0.173652
236 6 0.470996
237 6 -1.23653
238 6 0.448228
239 6 -0.136051
240 6 -0.00890055
241 6 0.0276762
242 6 -0.0125111
247 6 -0.155818
248 6 0.434599
249 6 -1.17432
250 6 0.418698
251 6 0.0212138
252 6 0.0169873
253 6 -0.149311
254 6 -0.0166693
2 7 0.176641
7 7 3.96636
8 7 -0.0359135
11 7 -0.0430135
14 7 0.00617216
22 7 -0.052804
29 7 0.160675
32 7 0.00473047
58 7 -0.0277594
95 7 -0.225687
96 7 0.449496
97 7 0.000998208
98 7 -0.0204266
99 7 -0.195372
100 7 0.42926
101 7 -0.336613
102 7 0.121595
129 7 0.0500928
130 7 -0.0292546
131 7 0.380573
132 7 -1.43392
133 7 -1.44183
134 7 0.378455
135 7 -0.265646
136 7 0.103813
151 7 -0.0127928
152 7 -0.0139935
153 7 -0.278553
154 7 0.0983276
173 7 -0.0318352
174 7 0.0487674
175 7 -0.234759
176 7 0.0881933
259 7 0.106629
260 7 -0.152007
261 7 0.219906
262 7 -0.211338
263 7 -0.300726
264 7 0.811848
265 7 -2.13086
266 7 0.783446
267 7 0.121305
268 7 -0.201734
269 7 0.25
270 7 -0.210967
271 7 -2.25588
272 7 0.885225
273 7 -0.335593
274 7 0.841165
2 8 -0.0417718
3 8 -0.029152
7 8 -0.0359135
8 8 4.77842
9 8 0.00934271
11 8 0.170882
18 8 0.0111999
19 8 -0.0493142
25 8 0.191448
99 8 -0.311616
100 8 0.11729
101 8 0.390187
102 8 -1.53807
103 8 0.0821765
104 8 -0.049439
107 8 0.0855674
108 8 -0.0467339
109 8 0.405319
110 8 -1.54299
111 8 -0.3658
112 8 0.143891
131 8 -0.352473
132 8 0.126595
135 8 -0.216876
136 8 0.356478
137 8 0.315165
138 8 -0.165147
139 8 0.0190683
140 8 -0.0304028
193 8 -0.039309
194 8 0.0385308
195 8 -0.441932
196 8 0.163126
271 8 -0.399459
272 8 1.03792
273 8 -2.78552
274 8 1.06464
275 8 0.190222
276 8 -0.35068
277 8 0.546035
278 8 -0.354767
287 8 0.171335
288 8 -0.35664
289 8 0.507354
290 8 -0.285269
291 8 -0.455979
292 8 1.13457
293 8 -2.98971
294 8 1.1816
3 9 0.166581
8 9 0.00934271
9 9 4.29464
11 9 -0.0322554
13 9 -0.043581
21 9 -0.0200802
30 9 0.147683
32 9 -0.031636
57 9 0.00777124
105 9 -0.389412
106 9 0.143657
107 9 -0.134165
108 9 0.23567
109 9 0.0303826
110 9 -0.0331984
113 9 -0.178246
114 9 0.269383
129 9 -0.2758
130 9 0.103415
135 9 0.0666518
136 9 -0.0416252
139 9 0.335424
140 9 -1.33369
141 9 -1.33661
142 9 0.348537
155 9 -0.310371
156 9 0.111289
157 9 0.0132525
158 9 -0.0255177
165 9 -0.039481
166 9 0.0701828
167 9 -0.324993
168 9 0.127382
283 9 -0.401604
284 9 1.04129
285 9 -2.64096
286 9 1.00149
287 9 0.444783
288 9 -0.300091
289 9 0.162514
290 9 -0.294433
299 9 -0.351219
300 9 0.937613
301 9 -2.45936
302 9 0.915
303 9 0.146533
304 9 -0.239085
305 9 0.412053
306 9 -0.301676
0 10 -0.014253
1 10 -0.00214874
4 10 0.102627
5 10 -0.0291951
6 10 -0.0209948
10 10 2.72812
27 10 -0.0014842
28 10 -0.0179548
31 10 0.113676
77 10 0.0501855
78 10 -0.14962
79 10 0.0434756
80 10 -0.120991
83 10 -0.00204156
84 10 -0.0139322
85 10 0.0507277
86 10 -0.135525
89 10 0.00828469
90 10 -0.0509558
91 10 -0.000862413
92 10 -0.0126301
115 10 0.234061
116 10 -0.12832
119 10 -0.928013
120 10 0.24177
123 10 0.236223
124 10 -0.120515
125 10 -0.912905
126 10 0.236643
145 10 0.00530898
146 10 -0.0439109
149 10 0.0609449
150 10 -0.176614
215 10 0.409608
216 10 -0.144933
217 10 0.391168
218 10 -1.11111
231 10 0.0125643
232 10 0.0163094
233 10 0.0200015
234 10 -0.20006
239 10 0.416966
240 10 -0.160898
241 10 0.442591
242 10 -1.16644
247 10 0.0453038
248 10 0.00954031
249 10 0.0100216
250 10 -0.213952
2 11 0.00761484
3 11 -0.0391164
7 11 -0.0430135
8 11 0.170882
9 11 -0.0322554
11 11 4.09224
29 11 -0.0294269
30 11 0.00611652
32 11 0.153709
95 11 0.0948203
96 11 -0.252599
99 11 -0.0362333
100 11 0.05692
101 11 -0.0262339
102 11 0.0146359
107 11 0.113826
108 11 -0.290918
109 11 0.130814
110 11 -0.358464
113 11 -0.0338201
114 11 0.059132
129 11 0.363742
130 11 -0.202346
131 11 -1.38342
132 11 0.356528
135 11 0.337965
136 11 -0.166389
139 11 -1.3799
140 11 0.363092
151 11 0.103834
152 11 -0.291818
155 11 -0.0192795
156 11 -0.000535803
259 11 0.86561
260 11 -0.322521
261 11 0.840083
262 11 -2.27091
271 11 -0.248825
272 11 0.139769
273 11 -0.246183
274 11 0.339558
287 11 0.909553
288 11 -0.363729
289 11 0.951398
290 11 -2.41911
299 11 -0.19178
300 11 0.124523
301 11 -0.251948
302 11 0.30831
1 12 -0.0067619
6 12 -0.00115773
12 12 2.98137
16 12 -0.0136608
20 12 -0.0447288
37 12 -0.174795
44 12 0.000204613
55 12 -0.0499214
87 12 -0.120939
88 12 0.0429828
91 12 -0.0165065
92 12 -0.00142838
93 12 0.169263
94 12 -0.691332
127 12 0.00278721
128 12 -0.0335474
159 12 0.306759
160 12 -0.657806
161 12 -0.618471
162 12 0.347273
183 12 -0.13854
184 12 0.0470941
251 12 -0.169208
252 12 0.00817959
253 12 0.0184146
254 12 0.00719301
255 12 -0.140173
256 12 0.380613
257 12 -1.06934
258 12 0.391971
345 12 0.7125
346 12 -1.31217
347 12 -0.0372489
348 12 -0.0372489
349 12 0.0753348
350 12 0.075
423 12 -0.0747489
424 12 -0.0747489
467 12 -0.0372489
468 12 -0.0372489
663 12 0.000334821
664 12 0.000334821
666 12 0.000334821
3 13 -0.0141709
9 13 -0.043581
13 13 4.31928
19 13 0.0165693
21 13 0.035307
42 13 -0.174847
46 13 -0.0581799
72 13 0.0474282
105 13 0.352642
106 13 -1.4938
107 13 -0.391337
108 13 0.146615
111 13 0.111748
112 13 -0.0667336
141 13 0.153326
142 13 -0.421799
167 13 0.130502
168 13 -0.257932
169 13 -0.321264
170 13 0.147935
197 13 -0.0610877
198 13 0.0844686
283 13 -3.46854
284 13 1.30299
285 13 -0.500011
286 13 1.32328
295 13 0.85878
296 13 -0.491768
297 13 0.264075
298 13 -0.52635
387 13 -0.0498117
388 13 -0.0498117
389 13 0.70625
390 13 -1.3185
391 13 0.28125
392 13 -0.393499
453 13 -0.0560617
454 13 -0.0560617
479 13 -0.0310617
480 13 -0.0310617
696 13 0.000251116
698 13 0.000251116
699 13 0.000251116
2 14 -0.0528691
7 14 0.00617216
14 14 3.72169
18 14 -0.040904
22 14 0.0348399
26 14 0.043944
43 14 -0.11636
49 14 -0.0726097
97 14 0.435939
98 14 -1.63424
99 14 0.0644146
100 14 -0.0359521
103 14 -0.301534
104 14 0.11831
133 14 -0.0184059
134 14 -0.00775352
171 14 0.124153
172 14 -0.170242
173 14 -0.147988
174 14 0.115156
191 14 -0.383418
192 14 0.138828
267 14 0.306754
268 14 -0.261399
269 14 0.129295
270 14 -0.194257
279 14 -2.56985
280 14 0.960446
281 14 -0.38418
282 14 1.01128
397 14 0.490625
398 14 -0.858873
399 14 -0.0402483
400 14 -0.0402483
401 14 -0.511998
402 14 0.33125
463 14 -0.0496233
464 14 -0.0496233
497 14 -0.0402483
498 14 -0.0402483
707 14 0.000502232
708 14 0.000502232
710 14 0.000502232
0 15 -0.0309074
5 15 -0.0136095
15 15 3.52592
17 15 -0.00529205
23 15 -0.0707418
26 15 -0.0759
36 15 -0.262193
49 15 0.0732236
75 15 -0.0360936
76 15 0.00963437
79 15 -0.0997988
80 15 0.0362465
81 15 0.255938
82 15 -0.972776
121 15 0.0472764
122 15 -0.144372
177 15 0.414849
178 15 -0.870043
179 15 -0.79496
180 15 0.488576
189 15 0.0195882
190 15 -0.077932
219 15 -0.908328
220 15 0.308194
221 15 -0.115733
222 15 0.336069
223 15 -0.0285266
224 15 0.0988987
225 15 -0.420794
226 15 0.134323
335 15 -0.0402483
336 15 -0.0402483
337 15 1.05313
338 15 -1.98387
339 15 -0.16875
340 15 0.675502
421 15 -0.112123
422 15 -0.112123
497 15 -0.0402483
498 15 -0.0402483
656 15 0.000502232
658 15 0.000502232
659 15 0.000502232
1 16 0.0837565
4 16 -0.0035941
12 16 -0.0136608
16 16 2.71769
24 16 -0.0479471
33 16 -0.131148
48 16 -0.0873977
55 16 -0.0437842
87 16 -0.0612683
88 16 0.0584117
89 16 -0.0528446
90 16 0.0114279
93 16 -0.133547
94 16 0.0451618
117 16 0.00697595
118 16 -0.0350365
159 16 -0.108224
160 16 0.0388765
183 16 0.269043
184 16 -0.65031
185 16 -0.648489
186 16 0.28093
243 16 -0.324496
244 16 0.0774695
245 16 -0.0118804
246 16 0.0759572
255 16 -0.89724
256 16 0.330397
257 16 -0.117645
258 16 0.314588
313 16 -0.0467494
314 16 -0.0467494
315 16 0.54375
316 16 -0.974833
317 16 0.384375
318 16 -0.627958
405 16 -0.0467494
406 16 -0.0467494
491 16 -0.0373744
492 16 -0.0373744
639 16 0.000167411
641 16 0.000167411
642 16 0.000167411
0 17 0.10111
4 17 -0.0119872
15 17 -0.00529205
17 17 2.74149
18 17 -0.131148
24 17 -0.0519568
26 17 -0.055844
35 17 -0.0873977
75 17 -0.10628
76 17 0.197112
77 17 -0.125683
78 17 0.0408097
81 17 -0.0715546
82 17 0.0182858
117 17 0.0322308
118 17 -0.0910141
177 17 -0.0448344
178 17 0.0116546
187 17 0.291822
188 17 -0.725491
189 17 -0.724817
190 17 0.304877
191 17 -0.0467494
192 17 -0.0467494
211 17 -0.801843
212 17 0.29154
213 17 -0.0994129
214 17 0.26986
223 17 -0.440245
224 17 0.127997
225 17 -0.0312614
226 17 0.119939
325 17 0.384375
326 17 -0.627958
327 17 -0.0467494
328 17 -0.0467494
329 17 -0.974833
330 17 0.54375
411 17 -0.0373744
412 17 -0.0373744
647 17 0.000167411
648 17 0.000167411
650 17 0.000167411
2 18 0.195222
8 18 0.0111999
14 18 -0.040904
17 18 -0.131148
18 18 4.10202
25 18 -0.0644411
26 18 -0.070484
35 18 -0.0873977
97 18 -0.401068
98 18 0.144332
101 18 0.0266625
102 18 -0.0363462
103 18 -0.254163
104 18 0.433799
137 18 -0.0551004
138 18 0.102913
171 18 -0.353926
172 18 0.133596
189 18 -0.0467494
190 18 -0.0467494
191 18 0.422018
192 18 -1.18757
193 18 -1.20055
194 18 0.420904
275 18 0.619034
276 18 -0.339988
277 18 0.200513
278 18 -0.42074
279 18 -0.455738
280 18 1.2125
281 18 -3.16604
282 18 1.18167
325 18 -0.0467494
326 18 -0.0467494
327 18 0.384375
328 18 -0.627958
329 18 0.54375
330 18 -0.974833
413 18 -0.0373744
414 18 -0.0373744
647 18 0.000167411
649 18 0.000167411
650 18 0.000167411
3 19 0.190125
8 19 -0.0493142
13 19 0.0165693
19 19 4.56669
25 19 -0.0574368
34 19 -0.131148
47 19 -0.0873977
72 19 -0.048923
105 19 0.0657319
106 19 -0.0560531
109 19 -0.477548
110 19 0.173707
111 19 -0.201735
112 19 0.179012
137 19 0.165776
138 19 -0.441548
169 19 -0.075017
170 19 0.141134
195 19 0.406698
196 19 -1.17734
197 19 -1.20566
198 19 0.4206
291 19 -3.91952
292 19 1.49737
293 19 -0.566215
294 19 1.4734
295 19 0.276477
296 19 -0.491855
297 19 0.946465
298 19 -0.59276
319 19 -0.0467494
320 19 -0.0467494
321 19 0.54375
322 19 -0.974833
323 19 0.384375
324 19 -0.627958
409 19 -0.0467494
410 19 -0.0467494
485 19 -0.0373744
486 19 -0.0373744
643 19 0.000167411
645 19 0.000167411
646 19 0.000167411
1 20 -0.0161458
6 20 -0.0124087
12 20 -0.0447288
20 20 3.07183
28 20 0.000538922
37 20 0.000204613
56 20 -0.0391184
62 20 -0.174795
85 20 -0.00787806
86 20 -0.00225801
91 20 0.0512458
92 20 -0.141533
93 20 0.0560628
94 20 -0.162241
127 20 0.195341
128 20 -0.786509
147 20 -0.0028466
148 20 -0.0228698
161 20 0.296758
162 20 -0.633307
163 20 -0.596142
164 20 0.339402
235 20 -0.0411396
236 20 0.0405999
237 20 -0.0405511
238 20 -0.0661934
251 20 0.466901
252 20 -0.169495
253 20 0.453509
254 20 -1.25669
343 20 -0.0372489
344 20 -0.0372489
345 20 -0.0372489
346 20 -0.0372489
423 20 0.0753348
424 20 0.075
427 20 -1.31217
428 20 0.7125
507 20 -0.0747489
508 20 -0.0747489
662 20 0.000334821
664 20 0.000334821
667 20 0.000334821
3 21 0.0115017
9 21 -0.0200802
13 21 0.035307
21 21 3.81477
30 21 -0.034626
42 21 -0.0581799
57 21 0.0257015
67 21 -0.174847
105 21 -0.0419277
106 21 0.0493718
107 21 -0.0485022
108 21 0.0787171
113 21 0.114876
114 21 -0.30683
141 21 0.315426
142 21 -1.29683
157 21 0.12158
158 21 -0.336652
165 21 0.13396
166 21 -0.228214
167 21 -0.275953
168 21 0.136072
283 21 -0.368427
284 21 0.191712
285 21 -0.351543
286 21 0.573524
303 21 1.03659
304 21 -0.390085
305 21 1.01694
306 21 -2.71955
383 21 -0.0498117
384 21 -0.0498117
389 21 -0.0310617
390 21 -0.0310617
453 21 0.28125
454 21 -0.393499
457 21 -1.3185
458 21 0.70625
523 21 -0.0560617
524 21 -0.0560617
694 21 0.000251116
698 21 0.000251116
701 21 0.000251116
2 22 -0.0335402
7 22 -0.052804
14 22 0.0348399
22 22 3.45848
29 22 0.00353153
43 22 -0.0726097
58 22 0.0269341
68 22 -0.11636
95 22 -0.0254468
96 22 0.0424366
97 22 0.114807
98 22 -0.320907
99 22 0.0961748
100 22 -0.246326
133 22 0.399966
134 22 -1.49535
153 22 -0.00937639
154 22 -0.0239654
173 22 0.127935
174 22 -0.173274
175 22 -0.155822
176 22 0.123905
263 22 -0.11755
264 22 0.0916074
265 22 -0.177032
266 22 0.142236
267 22 0.835386
268 22 -0.314122
269 22 0.789
270 22 -2.13325
393 22 -0.0402483
394 22 -0.0402483
397 22 -0.0402483
398 22 -0.0402483
459 22 0.490625
460 22 -0.858873
463 22 -0.511998
464 22 0.33125
527 22 -0.0496233
528 22 -0.0496233
703 22 0.000502232
705 22 0.000502232
708 22 0.000502232
0 23 -0.0039017
5 23 -0.0370954
15 23 -0.0707418
23 23 3.59663
27 23 -0.0162191
36 23 0.0732236
59 23 -0.0652659
61 23 -0.262193
79 23 0.00409979
80 23 -0.0230351
81 23 0.0151887
82 23 -0.0694878
83 23 0.0440308
84 23 -0.118319
121 23 0.281871
122 23 -1.06273
143 23 0.0564317
144 23 -0.168362
179 23 0.404143
180 23 -0.841542
181 23 -0.767788
182 23 0.479221
219 23 0.0953258
220 23 -0.010344
221 23 0.0560871
222 23 -0.330431
227 23 0.403799
228 23 -0.142637
229 23 0.372529
230 23 -1.07199
333 23 -0.0402483
334 23 -0.0402483
337 23 -0.0402483
338 23 -0.0402483
417 23 1.05313
418 23 -1.98387
421 23 -0.16875
422 23 0.675502
503 23 -0.112123
504 23 -0.112123
653 23 0.000502232
655 23 0.000502232
658 23 0.000502232
0 24 -0.00447105
1 24 -0.0127237
4 24 0.0922998
16 24 -0.0479471
17 24 -0.0519568
24 24 2.72535
33 24 -0.0873977
35 24 -0.131148
75 24 0.00941927
76 24 -0.0401108
77 24 0.0149672
78 24 -0.0623961
87 24 0.0352366
88 24 -0.098794
89 24 0.0426771
90 24 -0.12882
117 24 -0.0839873
118 24 0.128838
185 24 0.280318
186 24 -0.687369
187 24 -0.686183
188 24 0.292853
211 24 0.0987958
212 24 -0.0220059
213 24 0.103651
214 24 -0.384021
243 24 0.289861
244 24 -0.10759
245 24 0.308623
246 24 -0.843548
307 24 -0.0467494
308 24 -0.0467494
315 24 -0.0373744
316 24 -0.0373744
325 24 -0.0467494
326 24 -0.0467494
405 24 0.384375
406 24 -0.627958
411 24 -0.974833
412 24 0.54375
636 24 0.000167411
641 24 0.000167411
648 24 0.000167411
2 25 -0.0444232
3 25 0.0135053
8 25 0.191448
18 25 -0.0644411
19 25 -0.0574368
25 25 4.2851
34 25 -0.0873977
35 25 -0.131148
101 25 0.156496
102 25 -0.432406
103 25 0.14711
104 25 -0.390655
109 25 -0.0448892
110 25 0.0441469
111 25 -0.0634708
112 25 0.119035
137 25 -0.228681
138 25 0.318076
193 25 0.413566
194 25 -1.17584
195 25 -1.19456
196 25 0.418064
275 25 1.3027
276 25 -0.5017
277 25 1.3302
278 25 -3.47664
291 25 -0.493441
292 25 0.232686
293 25 -0.405698
294 25 0.761222
311 25 -0.0467494
312 25 -0.0467494
321 25 -0.0373744
322 25 -0.0373744
327 25 -0.0467494
328 25 -0.0467494
409 25 0.384375
410 25 -0.627958
413 25 0.54375
414 25 -0.974833
638 25 0.000167411
645 25 0.000167411
649 25 0.000167411
0 26 -0.0114107
2 26 0.00936287
14 26 0.043944
15 26 -0.0759
17 26 -0.055844
18 26 -0.070484
26 26 3.36202
49 26 -0.189276
75 26 0.0297339
76 26 -0.0845607
81 26 0.0394376
82 26 -0.123824
97 26 -0.029446
98 26 0.0117893
103 26 -0.048669
104 26 0.0904027
171 26 -0.148897
172 26 0.107065
177 26 -0.824373
178 26 0.498404
189 26 0.303508
190 26 -0.764475
191 26 -1.21684
192 26 0.426753
223 26 0.253679
224 26 -0.0927511
225 26 0.278249
226 26 -0.769842
279 26 -0.287228
280 26 0.175547
281 26 -0.364293
282 26 0.503731
329 26 -0.0373744
330 26 -0.0373744
339 26 -0.112123
340 26 -0.112123
401 26 -0.0496233
402 26 -0.0496233
497 26 0.8125
498 26 -1.38075
650 26 0.000167411
659 26 0.000502232
710 26 0.000502232
5 27 0.122181
10 27 -0.0014842
23 27 -0.0162191
27 27 2.93963
31 27 -0.0344846
59 27 -0.0425966
83 27 0.35328
84 27 -0.170712
119 27 0.00677563
120 27 -0.0508304
121 27 -0.170803
122 27 0.0576453
123 27 -0.00451799
124 27 -0.00368878
143 27 -1.09931
144 27 0.291901
145 27 -1.0838
146 27 0.28637
181 27 0.0492579
182 27 -0.135017
199 27 0.35261
200 27 -0.160078
207 27 -0.149931
208 27 0.0569218
227 27 0.444476
228 27 -1.25571
229 27 0.467525
230 27 -0.166506
231 27 0.0267034
232 27 -0.172704
233 27 -0.0148344
234 27 0.0201572
537 27 -0.00455097
538 27 -0.00613219
539 27 0.504382
540 27 -1.31679
541 27 0.472351
542 27 -0.184023
543 27 -0.014221
544 27 -0.155339
545 27 -0.00235951
546 27 0.0286185
6 28 0.105547
10 28 -0.0179548
20 28 0.000538922
28 28 2.96322
31 28 -0.0260036
56 28 -0.0170366
85 28 0.207069
86 28 -0.125868
123 28 0.0565579
124 28 -0.154361
125 28 0.0629806
126 28 -0.181972
127 28 -0.030694
128 28 -0.00110569
147 28 -0.944478
148 28 0.243621
149 28 -0.956108
150 28 0.245249
163 28 -0.0105619
164 28 0.00866885
201 28 0.203131
202 28 -0.111923
207 28 0.00684837
208 28 -0.011825
235 28 -0.0698747
236 28 -0.0406572
237 28 -0.0311402
238 28 0.0441936
239 28 0.520788
240 28 -1.39115
241 28 0.502932
242 28 -0.189504
531 28 -0.175297
532 28 0.0668309
547 28 -0.062326
548 28 -0.0239885
549 28 -0.0660137
550 28 0.0523195
551 28 0.539693
552 28 -1.46901
553 28 0.5662
554 28 -0.211585
7 29 0.160675
11 29 -0.0294269
22 29 0.00353153
29 29 3.52732
32 29 -0.0417813
58 29 -0.0507514
95 29 0.416994
96 29 -0.186859
129 29 0.0843731
130 29 -0.217376
131 29 0.100343
132 29 -0.281302
133 29 -0.0161351
134 29 -0.0111184
151 29 -1.30442
152 29 0.346456
153 29 -1.31605
154 29 0.348081
175 29 -0.0219537
176 29 0.0288442
203 29 0.428715
204 29 -0.208595
209 29 0.0298306
210 29 -0.0197133
259 29 0.690186
260 29 -1.87158
261 29 0.729945
262 29 -0.273729
263 29 -0.135028
264 29 0.0948112
265 29 -0.123667
266 29 0.0849334
535 29 -0.19397
536 29 0.0724235
555 29 -0.0827173
556 29 0.0698082
557 29 -0.13499
558 29 0.0727446
559 29 0.672838
560 29 -1.7753
561 29 0.646054
562 29 -0.246673
9 30 0.147683
11 30 0.00611652
21 30 -0.034626
30 30 3.7043
32 30 -0.0321521
57 30 -0.0215987
113 30 0.24541
114 30 -0.132287
129 30 -0.0297164
130 30 0.043528
139 30 -0.0215293
140 30 0.00897241
141 30 -0.315911
142 30 0.115202
155 30 -1.19058
156 30 0.303306
157 30 -1.18614
158 30 0.308947
165 30 -0.259622
166 30 0.101046
205 30 0.265387
206 30 -0.162423
209 30 -0.224322
210 30 0.0837432
299 30 -0.202838
300 30 0.258135
301 30 -0.202905
302 30 0.117455
303 30 0.804084
304 30 -2.14063
305 30 0.838955
306 30 -0.320494
533 30 -0.0278511
534 30 0.0460525
563 30 0.762739
564 30 -2.00827
565 30 0.741466
566 30 -0.283579
567 30 -0.155301
568 30 0.232095
569 30 -0.20771
570 30 0.10475
5 31 -0.0169756
6 31 -0.000523195
10 31 0.113676
27 31 -0.0344846
28 31 -0.0260036
31 31 2.9375
83 31 -0.143646
84 31 0.05252
85 31 0.00213332
86 31 -0.00734005
119 31 -0.175328
120 31 0.0599205
123 31 -0.14849
124 31 0.28182
125 31 -0.0410621
126 31 0.0030177
145 31 0.268392
146 31 -1.02608
149 31 0.264544
150 31 -1.01224
199 31 0.000855921
200 31 -0.00880086
201 31 -0.161152
202 31 0.0613051
207 31 0.279754
208 31 -0.136443
231 31 -0.176678
232 31 0.470236
233 31 -1.3143
234 31 0.490679
239 31 0.0314086
240 31 -0.040717
241 31 -0.109522
242 31 -0.000767493
539 31 0.0397174
540 31 -0.038694
541 31 -0.0924739
542 31 -0.0307286
547 31 -0.196154
548 31 0.501933
549 31 -1.38259
550 31 0.531207
7 32 0.00473047
9 32 -0.031636
11 32 0.153709
29 32 -0.0417813
30 32 -0.0321521
32 32 3.59024
95 32 0.0356537
96 32 -0.0255044
113 32 -0.235665
114 32 0.0915818
129 32 -0.160551
130 32 0.334796
131 32 -0.00426407
132 32 -0.015947
139 32 -0.295713
140 32 0.106629
151 32 0.325395
152 32 -1.25038
155 32 0.326788
156 32 -1.24174
203 32 -0.207308
204 32 0.0774054
205 32 0.0372775
206 32 -0.0234168
209 32 0.349979
210 32 -0.185802
259 32 0.17126
260 32 -0.16633
261 32 0.0997803
262 32 -0.160197
299 32 -1.98677
300 32 0.739408
301 32 -0.293946
302 32 0.77669
555 32 -0.26277
556 32 0.687553
557 32 -1.87539
558 32 0.711586
563 32 0.0873624
564 32 -0.168324
565 32 0.145796
566 32 -0.116441
16 33 -0.131148
24 33 -0.0873977
33 33 2.97712
34 33 -0.131148
35 33 -0.0873977
48 33 -0.0873977
53 33 -0.0873977
185 33 -0.0467494
186 33 -0.0467494
307 33 -0.627958
308 33 0.384375
309 33 -0.974833
310 33 0.54375
311 33 -0.0467494
312 33 -0.0467494
313 33 -0.627958
314 33 0.384375
315 33 -0.974833
316 33 0.54375
317 33 -0.0467494
318 33 -0.0467494
403 33 0.384375
404 33 -0.627958
405 33 -0.627958
406 33 0.384375
407 33 -0.0467494
408 33 -0.0467494
411 33 -0.0373744
412 33 -0.0373744
489 33 -0.0373744
490 33 -0.0373744
635 33 0.000167411
636 33 0.000167411
637 33 0.000167411
639 33 0.000167411
640 33 0.000167411
641 33 0.000167411
19 34 -0.131148
25 34 -0.0873977
33 34 -0.131148
34 34 2.97712
35 34 -0.0873977
47 34 -0.0873977
53 34 -0.0873977
195 34 -0.0467494
196 34 -0.0467494
307 34 -0.0467494
308 34 -0.0467494
309 34 0.54375
310 34 -0.974833
311 34 0.384375
312 34 -0.627958
319 34 -0.627958
320 34 0.384375
321 34 -0.974833
322 34 0.54375
323 34 -0.0467494
324 34 -0.0467494
403 34 -0.0467494
404 34 -0.0467494
407 34 0.384375
408 34 -0.627958
409 34 -0.627958
410 34 0.384375
413 34 -0.0373744
414 34 -0.0373744
487 34 -0.0373744
488 34 -0.0373744
635 34 0.000167411
637 34 0.000167411
638 34 0.000167411
643 34 0.000167411
644 34 0.000167411
645 34 0.000167411
17 35 -0.0873977
18 35 -0.0873977
24 35 -0.131148
25 35 -0.131148
33 35 -0.0873977
34 35 -0.0873977
35 35 2.97712
187 35 -0.0467494
188 35 -0.0467494
193 35 -0.0467494
194 35 -0.0467494
307 35 0.384375
308 35 -0.627958
309 35 -0.0373744
310 35 -0.0373744
311 35 -0.627958
312 35 0.384375
325 35 -0.627958
326 35 0.384375
327 35 -0.627958
328 35 0.384375
329 35 -0.0373744
330 35 -0.0373744
405 35 -0.0467494
406 35 -0.0467494
409 35 -0.0467494
410 35 -0.0467494
411 35 0.54375
412 35 -0.974833
413 35 -0.974833
414 35 0.54375
635 35 0.000167411
636 35 0.000167411
638 35 0.000167411
647 35 0.000167411
648 35 0.000167411
649 35 0.000167411
15 36 -0.262193
23 36 0.0732236
36 36 4.39803
49 36 -0.262193
54 36 0.0732236
60 36 -0.262193
61 36 -0.262193
179 36 -0.0402483
180 36 -0.0402483
331 36 1.05312
332 36 -1.98387
333 36 -1.98387
334 36 1.05312
335 36 -1.98387
336 36 1.05312
337 36 -1.98387
338 36 1.05313
339 36 -0.112123
340 36 -0.112123
415 36 -0.0402483
416 36 -0.0402483
417 36 -0.0402483
418 36 -0.0402483
419 36 -0.16875
420 36 0.675502
421 36 0.675502
422 36 -0.16875
495 36 -0.0402483
496 36 -0.0402483
499 36 -0.112123
500 36 -0.112123
651 36 0.000502232
652 36 0.000502232
653 36 0.000502232
656 36 0.000502232
657 36 0.000502232
658 36 0.000502232
12 37 -0.174795
20 37 0.000204613
37 37 3.40424
44 37 -0.174795
50 37 0.000204613
62 37 -0.174795
63 37 -0.174795
161 37 -0.0372489
162 37 -0.0372489
341 37 -1.31217
342 37 0.7125
343 37 -1.31217
344 37 0.7125
345 37 -1.31217
346 37 0.7125
347 37 -1.31217
348 37 0.7125
349 37 -0.0747489
350 37 -0.0747489
423 37 0.075
424 37 0.0753348
425 37 0.0753348
426 37 0.075
427 37 -0.0372489
428 37 -0.0372489
429 37 -0.0372489
430 37 -0.0372489
469 37 -0.0372489
470 37 -0.0372489
505 37 -0.0747489
506 37 -0.0747489
660 37 0.000334821
661 37 0.000334821
662 37 0.000334821
663 37 0.000334821
664 37 0.000334821
665 37 0.000334821
38 38 3.11985
44 38 -0.174847
45 38 -0.0873465
50 38 -0.0581799
51 38 -0.0581799
64 38 -0.0873465
65 38 -0.174847
351 38 -1.3185
352 38 0.70625
353 38 -0.624749
354 38 0.3875
355 38 -1.3185
356 38 0.70625
357 38 -0.624749
358 38 0.3875
359 38 -0.0560617
360 38 -0.0560617
431 38 0.28125
432 38 -0.393499
433 38 -0.393499
434 38 0.28125
435 38 -0.0310617
436 38 -0.0310617
437 38 -0.0498117
438 38 -0.0498117
469 38 -0.0498117
470 38 -0.0498117
475 38 -0.0310617
476 38 -0.0310617
511 38 -0.0560617
512 38 -0.0560617
669 38 0.000251116
670 38 0.000251116
671 38 0.000251116
672 38 0.000251116
673 38 0.000251116
674 38 0.000251116
39 39 2.97712
40 39 -0.131148
41 39 -0.0873977
46 39 -0.131148
47 39 -0.0873977
52 39 -0.0873977
53 39 -0.0873977
361 39 -0.627958
362 39 0.384375
363 39 -0.974833
364 39 0.54375
365 39 -0.0467494
366 39 -0.0467494
367 39 -0.627958
368 39 0.384375
369 39 -0.974833
370 39 0.54375
371 39 -0.0467494
372 39 -0.0467494
439 39 0.384375
440 39 -0.627958
441 39 -0.627958
442 39 0.384375
443 39 -0.0467494
444 39 -0.0467494
447 39 -0.0373744
448 39 -0.0373744
481 39 -0.0467494
482 39 -0.0467494
487 39 -0.0373744
488 39 -0.0373744
678 39 0.000167411
679 39 0.000167411
680 39 0.000167411
682 39 0.000167411
683 39 0.000167411
684 39 0.000167411
39 40 -0.131148
40 40 2.97712
41 40 -0.0873977
45 40 -0.131148
48 40 -0.0873977
51 40 -0.0873977
53 40 -0.0873977
361 40 -0.0467494
362 40 -0.0467494
363 40 0.54375
364 40 -0.974833
365 40 0.384375
366 40 -0.627958
373 40 -0.627958
374 40 0.384375
375 40 -0.974833
376 40 0.54375
377 40 -0.0467494
378 40 -0.0467494
439 40 -0.0467494
440 40 -0.0467494
443 40 0.384375
444 40 -0.627958
445 40 -0.627958
446 40 0.384375
449 40 -0.0373744
450 40 -0.0373744
475 40 -0.0467494
476 40 -0.0467494
489 40 -0.0373744
490 40 -0.0373744
678 40 0.000167411
680 40 0.000167411
681 40 0.000167411
686 40 0.000167411
687 40 0.000167411
688 40 0.000167411
39 41 -0.0873977
40 41 -0.0873977
41 41 2.97712
51 41 -0.131148
52 41 -0.131148
70 41 -0.0873977
71 41 -0.0873977
361 41 0.384375
362 41 -0.627958
363 41 -0.0373744
364 41 -0.0373744
365 41 -0.627958
366 41 0.384375
379 41 -0.627958
380 41 0.384375
381 41 -0.627958
382 41 0.384375
441 41 -0.0467494
442 41 -0.0467494
445 41 -0.0467494
446 41 -0.0467494
447 41 0.54375
448 41 -0.974833
449 41 -0.974833
450 41 0.54375
477 41 -0.0467494
478 41 -0.0467494
483 41 -0.0467494
484 41 -0.0467494
517 41 -0.0373744
518 41 -0.0373744
678 41 0.000167411
679 41 0.000167411
681 41 0.000167411
690 41 0.000167411
691 41 0.000167411
692 41 0.000167411
13 42 -0.174847
21 42 -0.0581799
42 42 3.11985
46 42 -0.0873465
52 42 -0.0581799
66 42 -0.174847
67 42 -0.0873465
167 42 -0.0498117
168 42 -0.0498117
383 42 -0.624749
384 42 0.3875
385 42 -1.3185
386 42 0.70625
387 42 -0.624749
388 42 0.3875
389 42 -1.3185
390 42 0.70625
391 42 -0.0560617
392 42 -0.0560617
451 42 0.28125
452 42 -0.393499
453 42 -0.393499
454 42 0.28125
455 42 -0.0498117
456 42 -0.0498117
457 42 -0.0310617
458 42 -0.0310617
481 42 -0.0310617
482 42 -0.0310617
519 42 -0.0560617
520 42 -0.0560617
693 42 0.000251116
694 42 0.000251116
695 42 0.000251116
696 42 0.000251116
697 42 0.000251116
698 42 0.000251116
14 43 -0.11636
22 43 -0.0726097
43 43 2.98136
49 43 -0.11636
54 43 -0.0726097
68 43 -0.11636
69 43 -0.11636
173 43 -0.0402483
174 43 -0.0402483
393 43 0.490625
394 43 -0.858873
395 43 -0.858873
396 43 0.490625
397 43 -0.858873
398 43 0.490625
399 43 -0.858873
400 43 0.490625
401 43 -0.0496233
402 43 -0.0496233
459 43 -0.0402483
460 43 -0.0402483
461 43 -0.0402483
462 43 -0.0402483
463 43 0.33125
464 43 -0.511998
465 43 -0.511998
466 43 0.33125
495 43 -0.0402483
496 43 -0.0402483
525 43 -0.0496233
526 43 -0.0496233
702 43 0.000502232
703 43 0.000502232
704 43 0.000502232
707 43 0.000502232
708 43 0.000502232
709 43 0.000502232
12 44 0.000204613
37 44 -0.174795
38 44 -0.174847
44 44 3.26204
45 44 -0.0581799
50 44 -0.131071
55 44 -0.131071
159 44 -0.0372489
160 44 -0.0372489
345 44 -0.0372489
346 44 -0.0372489
347 44 0.7125
348 44 -1.31217
349 44 0.075
350 44 0.0753348
355 44 0.70625
356 44 -1.3185
357 44 -0.0498117
358 44 -0.0498117
359 44 -0.393499
360 44 0.28125
425 44 -0.0747489
426 44 -0.0747489
431 44 -0.0560617
432 44 -0.0560617
467 44 0.51875
468 44 -0.999707
469 44 -0.937207
470 44 0.58125
473 44 -0.0310617
474 44 -0.0310617
663 44 0.000334821
665 44 0.000334821
666 44 0.000334821
672 44 0.000251116
673 44 0.000251116
675 44 0.000251116
38 45 -0.0873465
40 45 -0.131148
44 45 -0.0581799
45 45 3.04848
48 45 -0.0873977
51 45 -0.131122
55 45 -0.131122
355 45 -0.0310617
356 45 -0.0310617
357 45 0.3875
358 45 -0.624749
359 45 0.28125
360 45 -0.393499
373 45 -0.0467494
374 45 -0.0467494
375 45 0.54375
376 45 -0.974833
377 45 0.384375
378 45 -0.627958
433 45 -0.0560617
434 45 -0.0560617
445 45 -0.0467494
446 45 -0.0467494
467 45 -0.0498117
468 45 -0.0498117
473 45 0.5375
474 45 -0.981041
475 45 -0.965416
476 45 0.553125
491 45 -0.0373744
492 45 -0.0373744
672 45 0.000251116
674 45 0.000251116
675 45 0.000251116
686 45 0.000167411
688 45 0.000167411
689 45 0.000167411
13 46 -0.0581799
39 46 -0.131148
42 46 -0.0873465
46 46 3.04848
47 46 -0.0873977
52 46 -0.131122
72 46 -0.131122
169 46 -0.0498117
170 46 -0.0498117
367 46 -0.0467494
368 46 -0.0467494
369 46 0.54375
370 46 -0.974833
371 46 0.384375
372 46 -0.627958
387 46 0.3875
388 46 -0.624749
389 46 -0.0310617
390 46 -0.0310617
391 46 -0.393499
392 46 0.28125
441 46 -0.0467494
442 46 -0.0467494
451 46 -0.0560617
452 46 -0.0560617
479 46 0.5375
480 46 -0.981041
481 46 -0.965416
482 46 0.553125
485 46 -0.0373744
486 46 -0.0373744
682 46 0.000167411
684 46 0.000167411
685 46 0.000167411
696 46 0.000251116
697 46 0.000251116
699 46 0.000251116
19 47 -0.0873977
34 47 -0.0873977
39 47 -0.0873977
46 47 -0.0873977
47 47 2.97712
53 47 -0.131148
72 47 -0.131148
197 47 -0.0467494
198 47 -0.0467494
319 47 0.384375
320 47 -0.627958
321 47 -0.0373744
322 47 -0.0373744
323 47 -0.627958
324 47 0.384375
367 47 0.384375
368 47 -0.627958
369 47 -0.0373744
370 47 -0.0373744
371 47 -0.627958
372 47 0.384375
407 47 -0.0467494
408 47 -0.0467494
439 47 -0.0467494
440 47 -0.0467494
479 47 -0.0467494
480 47 -0.0467494
485 47 0.54375
486 47 -0.974833
487 47 -0.974833
488 47 0.54375
643 47 0.000167411
644 47 0.000167411
646 47 0.000167411
682 47 0.000167411
683 47 0.000167411
685 47 0.000167411
16 48 -0.0873977
33 48 -0.0873977
40 48 -0.0873977
45 48 -0.0873977
48 48 2.97712
53 48 -0.131148
55 48 -0.131148
183 48 -0.0467494
184 48 -0.0467494
313 48 0.384375
314 48 -0.627958
315 48 -0.0373744
316 48 -0.0373744
317 48 -0.627958
318 48 0.384375
373 48 0.384375
374 48 -0.627958
375 48 -0.0373744
376 48 -0.0373744
377 48 -0.627958
378 48 0.384375
403 48 -0.0467494
404 48 -0.0467494
443 48 -0.0467494
444 48 -0.0467494
473 48 -0.0467494
474 48 -0.0467494
489 48 0.54375
490 48 -0.974833
491 48 -0.974833
492 48 0.54375
639 48 0.000167411
640 48 0.000167411
642 48 0.000167411
686 48 0.000167411
687 48 0.000167411
689 48 0.000167411
14 49 -0.0726097
15 49 0.0732236
26 49 -0.189276
36 49 -0.262193
43 49 -0.11636
49 49 3.68969
54 49 -0.189276
171 49 -0.0402483
172 49 -0.0402483
177 49 -0.0402483
178 49 -0.0402483
335 49 1.05312
336 49 -1.98387
337 49 -0.0402483
338 49 -0.0402483
339 49 0.675502
340 49 -0.16875
397 49 -0.0402483
398 49 -0.0402483
399 49 0.490625
400 49 -0.858873
401 49 0.33125
402 49 -0.511998
419 49 -0.112123
420 49 -0.112123
465 49 -0.0496233
466 49 -0.0496233
495 49 0.8125
496 49 -1.38075
497 49 -1.462
498 49 0.73125
656 49 0.000502232
657 49 0.000502232
659 49 0.000502232
707 49 0.000502232
709 49 0.000502232
710 49 0.000502232
37 50 0.000204613
38 50 -0.0581799
44 50 -0.131071
50 50 3.26204
63 50 -0.174795
64 50 -0.174847
73 50 -0.131071
341 50 -0.0372489
342 50 -0.0372489
347 50 -0.0372489
348 50 -0.0372489
353 50 -0.0498117
354 50 -0.0498117
355 50 -0.0310617
356 50 -0.0310617
425 50 0.075
426 50 0.0753348
429 50 -1.31217
430 50 0.7125
431 50 -0.393499
432 50 0.28125
435 50 -1.3185
436 50 0.70625
469 50 0.51875
470 50 -0.999707
471 50 -0.937207
472 50 0.58125
509 50 -0.0747489
510 50 -0.0747489
513 50 -0.0560617
514 50 -0.0560617
661 50 0.000334821
665 50 0.000334821
668 50 0.000334821
671 50 0.000251116
673 50 0.000251116
676 50 0.000251116
38 51 -0.0581799
40 51 -0.0873977
41 51 -0.131148
45 51 -0.131122
51 51 3.04848
65 51 -0.0873465
70 51 -0.131122
351 51 -0.0310617
352 51 -0.0310617
357 51 -0.0498117
358 51 -0.0498117
365 51 -0.0467494
366 51 -0.0467494
375 51 -0.0373744
376 51 -0.0373744
381 51 -0.0467494
382 51 -0.0467494
433 51 0.28125
434 51 -0.393499
437 51 -0.624749
438 51 0.3875
445 51 0.384375
446 51 -0.627958
449 51 0.54375
450 51 -0.974833
475 51 0.5375
476 51 -0.981041
477 51 -0.965416
478 51 0.553125
515 51 -0.0560617
516 51 -0.0560617
670 51 0.000251116
674 51 0.000251116
677 51 0.000251116
681 51 0.000167411
688 51 0.000167411
692 51 0.000167411
39 52 -0.0873977
41 52 -0.131148
42 52 -0.0581799
46 52 -0.131122
52 52 3.04848
66 52 -0.0873465
71 52 -0.131122
361 52 -0.0467494
362 52 -0.0467494
369 52 -0.0373744
370 52 -0.0373744
379 52 -0.0467494
380 52 -0.0467494
385 52 -0.0310617
386 52 -0.0310617
387 52 -0.0498117
388 52 -0.0498117
441 52 0.384375
442 52 -0.627958
447 52 -0.974833
448 52 0.54375
451 52 -0.393499
452 52 0.28125
455 52 -0.624749
456 52 0.3875
481 52 0.5375
482 52 -0.981041
483 52 -0.965416
484 52 0.553125
521 52 -0.0560617
522 52 -0.0560617
679 52 0.000167411
684 52 0.000167411
691 52 0.000167411
695 52 0.000251116
697 52 0.000251116
700 52 0.000251116
33 53 -0.0873977
34 53 -0.0873977
39 53 -0.0873977
40 53 -0.0873977
47 53 -0.131148
48 53 -0.131148
53 53 2.97712
309 53 -0.0373744
310 53 -0.0373744
313 53 -0.0467494
314 53 -0.0467494
319 53 -0.0467494
320 53 -0.0467494
363 53 -0.0373744
364 53 -0.0373744
367 53 -0.0467494
368 53 -0.0467494
373 53 -0.0467494
374 53 -0.0467494
403 53 -0.627958
404 53 0.384375
407 53 -0.627958
408 53 0.384375
439 53 -0.627958
440 53 0.384375
443 53 -0.627958
444 53 0.384375
487 53 0.54375
488 53 -0.974833
489 53 -0.974833
490 53 0.54375
637 53 0.000167411
640 53 0.000167411
644 53 0.000167411
680 53 0.000167411
683 53 0.000167411
687 53 0.000167411
36 54 0.0732236
43 54 -0.0726097
49 54 -0.189276
54 54 3.68969
60 54 -0.262193
69 54 -0.11636
74 54 -0.189276
331 54 -0.0402483
332 54 -0.0402483
335 54 -0.0402483
336 54 -0.0402483
395 54 -0.0402483
396 54 -0.0402483
399 54 -0.0402483
400 54 -0.0402483
415 54 1.05313
416 54 -1.98387
419 54 0.675502
420 54 -0.16875
461 54 0.490625
462 54 -0.858873
465 54 0.33125
466 54 -0.511998
493 54 0.8125
494 54 -1.38075
495 54 -1.462
496 54 0.73125
501 54 -0.112123
502 54 -0.112123
529 54 -0.0496233
530 54 -0.0496233
652 54 0.000502232
654 54 0.000502232
657 54 0.000502232
704 54 0.000502232
706 54 0.000502232
709 54 0.000502232
1 55 -0.00264714
12 55 -0.0499214
16 55 -0.0437842
44 55 -0.131071
45 55 -0.131122
48 55 -0.131148
55 55 2.99733
87 55 0.00427313
88 55 -0.0295259
93 55 0.00761167
94 55 -0.0427989
159 55 -0.644721
160 55 0.356097
183 55 -0.611959
184 55 0.269128
255 55 0.0510064
256 55 -0.00066697
257 55 0.0489844
258 55 -0.260846
317 55 -0.0467494
318 55 -0.0467494
349 55 -0.0747489
350 55 -0.0747489
359 55 -0.0560617
360 55 -0.0560617
377 55 -0.0467494
378 55 -0.0467494
467 55 -0.937207
468 55 0.58125
473 55 -0.965416
474 55 0.553125
491 55 0.54375
492 55 -0.974833
642 55 0.000167411
666 55 0.000334821
675 55 0.000251116
689 55 0.000167411
6 56 -0.0192247
20 56 -0.0391184
28 56 -0.0170366
56 56 3.19747
62 56 0.000204613
85 56 -0.167816
86 56 0.0616133
127 56 0.0670702
128 56 -0.191398
147 56 0.222569
148 56 -0.890447
163 56 0.287338
164 56 -0.613337
201 56 0.0136154
202 56 -0.0153219
235 56 -1.49218
236 56 0.544807
237 56 -0.205838
238 56 0.5601
427 56 -0.0372489
428 56 -0.0372489
507 56 0.075
508 56 0.0753348
531 56 -0.579111
532 56 0.332864
551 56 0.0519922
552 56 -0.0971076
553 56 0.0669291
554 56 -0.0982612
579 56 -0.0372489
580 56 -0.0372489
581 56 -1.31217
582 56 0.7125
667 56 0.000334821
715 56 0.000334821
736 56 0.000334821
9 57 0.00777124
21 57 0.0257015
30 57 -0.0215987
57 57 3.47109
67 57 -0.0581799
113 57 0.0529054
114 57 -0.0348697
141 57 -0.0282014
142 57 0.0241955
157 57 0.282004
158 57 -1.13909
165 57 -0.258181
166 57 0.132872
205 57 -0.246477
206 57 0.0919726
303 57 0.359911
304 57 -0.246721
305 57 0.139182
306 57 -0.254552
457 57 -0.0310617
458 57 -0.0310617
523 57 0.28125
524 57 -0.393499
533 57 0.139906
534 57 -0.219768
567 57 -0.311019
568 57 0.812911
569 57 -2.18756
570 57 0.831413
599 57 -0.0498117
600 57 -0.0498117
601 57 -1.3185
602 57 0.70625
701 57 0.000251116
723 57 0.000251116
746 57 0.000251116
7 58 -0.0277594
22 58 0.0269341
29 58 -0.0507514
58 58 3.25691
68 58 -0.0726097
