3028
220 220
0 0 2.74014
1 0 -0.130841
2 0 -0.0534837
3 0 0.0979002
5 0 -0.0870908
6 0 -0.0453947
7 0 -0.0145061
10 0 -0.00413034
16 0 -0.0817648
17 0 0.134352
20 0 -0.059126
21 0 0.0135971
22 0 -0.140697
23 0 0.0475419
28 0 -0.105559
29 0 0.0386643
34 0 -0.0404559
35 0 0.00880354
36 0 0.279259
37 0 -0.683672
38 0 -0.690582
39 0 0.294738
40 0 -0.0463728
41 0 -0.0463728
48 0 -0.377936
49 0 0.0926207
50 0 -0.0190105
51 0 0.0997124
52 0 -0.863372
53 0 0.321682
54 0 -0.114312
55 0 0.299974
64 0 0.384375
65 0 -0.627455
66 0 -0.0463728
67 0 -0.0463728
68 0 -0.97433
69 0 0.54375
82 0 -0.0369978
83 0 -0.0369978
146 0 0.000669643
147 0 0.000669643
149 0 0.000669643
0 1 -0.130841
1 1 4.22647
2 1 -0.0690538
4 1 0.181022
5 1 -0.0870908
8 1 0.0128521
9 1 -0.0392451
13 1 -0.0567337
18 1 -0.24833
19 1 0.340955
24 1 -0.392865
25 1 0.140983
26 1 0.0347643
27 1 -0.041083
30 1 -0.0633302
31 1 0.123929
32 1 -0.364385
33 1 0.135361
38 1 -0.0463728
39 1 -0.0463728
40 1 0.413354
41 1 -1.17588
42 1 -1.20518
43 1 0.433331
56 1 -0.473309
57 1 1.26775
58 1 -3.35143
59 1 1.24767
60 1 0.225464
61 1 -0.369872
62 1 0.740017
63 1 -0.50553
64 1 -0.0463728
65 1 -0.0463728
66 1 0.384375
67 1 -0.627455
68 1 0.54375
69 1 -0.97433
80 1 -0.0369978
81 1 -0.0369978
146 1 0.000669643
148 1 0.000669643
149 1 0.000669643
0 2 -0.0534837
1 2 -0.0690538
2 2 3.37507
3 2 -0.0128763
4 2 0.00866221
9 2 0.0414584
10 2 -0.0724251
15 2 -0.188356
16 2 0.0323984
17 2 -0.0895434
18 2 -0.0476104
19 2 0.0922488
20 2 0.0437237
21 2 -0.134575
24 2 -0.0261171
25 2 0.00433059
32 2 -0.132567
33 2 0.0960651
34 2 -0.820637
35 2 0.499238
38 2 0.301804
39 2 -0.760331
40 2 -1.2174
41 2 0.432114
48 2 0.261708
49 2 -0.0984186
50 2 0.289605
51 2 -0.786325
56 2 -0.25865
57 2 0.167952
58 2 -0.367468
59 2 0.485105
68 2 -0.0369978
69 2 -0.0369978
84 2 0.8125
85 2 -1.37924
86 2 -0.110993
87 2 -0.110993
96 2 -0.0484933
97 2 -0.0484933
149 2 0.000669643
150 2 0.00200893
157 2 0.00200893
0 3 0.0979002
2 3 -0.0128763
3 3 2.73729
6 3 -0.00233955
7 3 -0.0162281
10 3 -0.0325887
16 3 0.233826
17 3 -0.130391
20 3 -0.933464
21 3 0.244449
22 3 -0.90355
23 3 0.234645
28 3 -0.000582799
29 3 -0.0115394
34 3 0.0406464
35 3 -0.115056
36 3 0.00932503
37 3 -0.0537105
38 3 -0.138914
39 3 0.0460093
44 3 0.237482
45 3 -0.113688
48 3 0.395314
49 3 -1.08485
50 3 0.379598
51 3 -0.138261
52 3 0.0559169
53 3 -0.219296
54 3 0.00748912
55 3 0.00714733
98 3 -0.144828
99 3 0.0556278
104 3 -0.0141804
105 3 -0.00293326
106 3 0.0127405
107 3 -0.191532
108 3 0.00499471
109 3 0.0207193
110 3 0.431626
111 3 -1.19596
112 3 0.462039
113 3 -0.170661
1 4 0.181022
2 4 0.00866221
4 4 4.10636
8 4 -0.0256761
9 4 -0.0474036
13 4 -0.0483086
18 4 0.318251
19 4 -0.134412
24 4 -1.38457
25 4 0.355729
26 4 -1.37897
27 4 0.371496
30 4 -0.31949
31 4 0.129475
32 4 -0.0379949
33 4 0.0563995
40 4 -0.0309772
41 4 0.0246373
42 4 -0.409192
43 4 0.152699
46 4 0.373179
47 4 -0.212366
56 4 -0.249135
57 4 0.357088
58 4 -0.27974
59 4 0.149774
60 4 0.952581
61 4 -2.50377
62 4 1.00707
63 4 -0.391914
100 4 -0.0332043
101 4 0.0610418
102 4 -0.238728
103 4 0.0883742
114 4 0.831301
115 4 -2.20499
116 4 0.811171
117 4 -0.306853
118 4 -0.169549
119 4 0.294699
120 4 -0.255997
121 4 0.119111
0 5 -0.0870908
1 5 -0.0870908
5 5 2.98348
6 5 -0.130841
11 5 -0.0870908
12 5 -0.0870908
13 5 -0.130841
36 5 -0.0463728
37 5 -0.0463728
42 5 -0.0463728
43 5 -0.0463728
64 5 -0.627455
65 5 0.384375
66 5 -0.627455
67 5 0.384375
68 5 -0.0369978
69 5 -0.0369978
70 5 -0.627455
71 5 0.384375
72 5 -0.627455
73 5 0.384375
76 5 -0.0463728
77 5 -0.0463728
78 5 -0.0463728
79 5 -0.0463728
80 5 0.54375
81 5 -0.97433
82 5 -0.97433
83 5 0.54375
92 5 -0.0369978
93 5 -0.0369978
146 5 0.000669643
147 5 0.000669643
148 5 0.000669643
153 5 0.000669643
154 5 0.000669643
155 5 0.000669643
0 6 -0.0453947
3 6 -0.00233955
5 6 -0.130841
6 6 3.00569
7 6 -0.0472204
11 6 -0.130738
14 6 -0.130534
16 6 0.00382491
17 6 -0.0302442
22 6 0.00626826
23 6 -0.0394411
28 6 -0.642076
29 6 0.357765
36 6 -0.615458
37 6 0.270374
52 6 0.0532646
53 6 0.00199344
54 6 0.0378072
55 6 -0.255809
64 6 -0.0463728
65 6 -0.0463728
72 6 -0.0463728
73 6 -0.0463728
74 6 -0.936328
75 6 0.58125
76 6 -0.964788
77 6 0.553125
82 6 0.54375
83 6 -0.97433
88 6 -0.0739955
89 6 -0.0739955
90 6 -0.0554967
91 6 -0.0554967
147 6 0.000669643
151 6 0.00133929
152 6 0.00100446
155 6 0.000669643
0 7 -0.0145061
3 7 -0.0162281
6 7 -0.0472204
7 7 3.06958
14 7 0.000818452
16 7 -0.133578
17 7 0.0476236
22 7 0.196857
23 7 -0.790725
28 7 0.29629
29 7 -0.633956
36 7 -0.150194
37 7 0.0512843
44 7 -0.00294591
45 7 -0.00862947
52 7 -0.161333
53 7 0.438623
54 7 -1.22375
55 7 0.449686
74 7 -0.0364955
75 7 -0.0364955
88 7 0.0763393
89 7 0.075
98 7 -0.597635
99 7 0.344528
110 7 -0.0583501
111 7 -0.0388556
112 7 0.0449557
113 7 -0.0574391
126 7 -1.31116
127 7 0.7125
128 7 -0.0364955
129 7 -0.0364955
151 7 0.00133929
159 7 0.00133929
170 7 0.00133929
1 8 0.0128521
4 8 -0.0256761
8 8 3.77871
12 8 -0.0577195
13 8 0.0370152
18 8 0.077051
19 8 -0.0503736
26 8 0.310366
27 8 -1.2919
30 8 -0.302619
31 8 0.164495
42 8 -0.0485605
43 8 0.0638488
46 8 -0.285427
47 8 0.105391
60 8 0.593359
61 8 -0.348291
62 8 0.204461
63 8 -0.415302
78 8 -0.0304967
79 8 -0.0304967
94 8 0.28125
95 8 -0.392746
100 8 0.131382
101 8 -0.229091
118 8 -0.367581
119 8 0.973126
120 8 -2.62052
121 8 0.987469
134 8 -0.0492467
135 8 -0.0492467
136 8 -1.31775
137 8 0.70625
156 8 0.00100446
162 8 0.00100446
175 8 0.00100446
1 9 -0.0392451
2 9 0.0414584
4 9 -0.0474036
9 9 3.49465
15 9 -0.071689
18 9 -0.263659
19 9 0.105836
24 9 0.401316
25 9 -1.48877
32 9 0.137684
33 9 -0.174041
40 9 -0.356899
41 9 0.129715
46 9 0.0432669
47 9 -0.0244858
56 9 -2.19302
57 9 0.817903
58 9 -0.333512
59 9 0.874996
84 9 -0.0391183
85 9 -0.0391183
96 9 -0.510491
97 9 0.33125
102 9 -0.147578
103 9 0.11795
114 9 0.0860143
115 9 -0.177771
116 9 0.129419
117 9 -0.0979919
138 9 0.490625
139 9 -0.857366
140 9 -0.0391183
141 9 -0.0391183
157 9 0.00200893
163 9 0.00200893
176 9 0.00200893
0 10 -0.00413034
2 10 -0.0724251
3 10 -0.0325887
10 10 3.6176
15 10 0.0741443
16 10 -0.0223361
17 10 0.00457338
20 10 0.277891
21 10 -1.05142
34 10 0.402787
35 10 -0.840341
38 10 0.0162851
39 10 -0.0721782
44 10 -0.124956
45 10 0.0476977
48 10 -0.0131298
49 10 0.0549218
50 10 -0.336222
51 10 0.105822
84 10 -0.0391183
85 10 -0.0391183
86 10 -0.16875
87 10 0.677009
104 10 -0.764898
105 10 0.481618
106 10 -1.09587
107 10 0.383872
108 10 -0.150561
109 10 0.420051
122 10 -0.0391183
123 10 -0.0391183
124 10 1.05313
125 10 -1.98237
150 10 0.00200893
158 10 0.00200893
169 10 0.00200893
5 11 -0.0870908
6 11 -0.130738
11 11 3.05644
12 11 -0.130841
14 11 -0.0577195
70 11 -0.0463728
71 11 -0.0463728
72 11 0.384375
73 11 -0.627455
74 11 -0.0492467
75 11 -0.0492467
76 11 0.5375
77 11 -0.980413
82 11 -0.0369978
83 11 -0.0369978
90 11 0.28125
91 11 -0.392746
92 11 0.54375
93 11 -0.97433
130 11 -0.0304967
131 11 -0.0304967
132 11 -0.623996
133 11 0.3875
142 11 -0.964788
143 11 0.553125
144 11 -0.0463728
145 11 -0.0463728
152 11 0.00100446
153 11 0.000669643
155 11 0.000669643
160 11 0.00100446
161 11 0.000669643
173 11 0.00100446
5 12 -0.0870908
8 12 -0.0577195
11 12 -0.130841
12 12 3.05644
13 12 -0.130738
30 12 -0.0492467
31 12 -0.0492467
70 12 0.384375
71 12 -0.627455
72 12 -0.0463728
73 12 -0.0463728
78 12 0.5375
79 12 -0.980413
80 12 -0.0369978
81 12 -0.0369978
92 12 -0.97433
93 12 0.54375
94 12 -0.392746
95 12 0.28125
134 12 -0.623996
135 12 0.3875
136 12 -0.0304967
137 12 -0.0304967
142 12 -0.0463728
143 12 -0.0463728
144 12 -0.964788
145 12 0.553125
153 12 0.000669643
154 12 0.000669643
156 12 0.00100446
161 12 0.000669643
162 12 0.00100446
174 12 0.00100446
1 13 -0.0567337
4 13 -0.0483086
5 13 -0.130841
8 13 0.0370152
12 13 -0.130738
13 13 4.78924
18 13 0.17286
19 13 -0.468678
26 13 0.175222
27 13 -0.484484
30 13 0.127073
31 13 -0.325845
42 13 0.401479
43 13 -1.20117
60 13 1.64084
61 13 -0.613595
62 13 1.62825
63 13 -4.35841
66 13 -0.0463728
67 13 -0.0463728
70 13 -0.0463728
71 13 -0.0463728
78 13 -0.964788
79 13 0.553125
80 13 -0.97433
81 13 0.54375
94 13 -0.0554967
95 13 -0.0554967
148 13 0.000669643
154 13 0.000669643
156 13 0.00100446
6 14 -0.130534
7 14 0.000818452
11 14 -0.0577195
14 14 3.27318
28 14 -0.0364955
29 14 -0.0364955
74 14 0.51875
75 14 -0.998828
76 14 -0.0304967
77 14 -0.0304967
88 14 0.075
89 14 0.0763393
90 14 -0.392746
91 14 0.28125
126 14 -0.0364955
127 14 -0.0364955
128 14 -1.31116
129 14 0.7125
130 14 -1.31775
131 14 0.70625
132 14 -0.0492467
133 14 -0.0492467
151 14 0.00133929
152 14 0.00100446
159 14 0.00133929
160 14 0.00100446
164 14 -0.936328
165 14 0.58125
171 14 0.00133929
172 14 0.00100446
2 15 -0.188356
9 15 -0.071689
10 15 0.0741443
15 15 3.70878
32 15 -0.0391183
33 15 -0.0391183
34 15 -0.0391183
35 15 -0.0391183
84 15 -1.46049
85 15 0.73125
86 15 0.677009
87 15 -0.16875
96 15 0.33125
97 15 -0.510491
122 15 1.05312
123 15 -1.98237
124 15 -0.0391183
125 15 -0.0391183
138 15 -0.0391183
139 15 -0.0391183
140 15 0.490625
141 15 -0.857366
150 15 0.00200893
157 15 0.00200893
158 15 0.00200893
163 15 0.00200893
166 15 0.8125
167 15 -1.37924
168 15 0.00200893
177 15 0.00200893
0 16 -0.0817648
2 16 0.0323984
3 16 0.233826
6 16 0.00382491
7 16 -0.133578
10 16 -0.0223361
16 16 5.82375
17 16 -1.3678
20 16 -0.257115
21 16 0.0411215
22 16 -1.10863
23 16 0.395668
28 16 0.0283016
29 16 -0.100725
34 16 -0.0791981
35 16 -0.131372
36 16 -0.00627539
37 16 0.0774511
38 16 0.313149
39 16 -0.107949
48 16 -0.39662
49 16 -2.54164
50 16 0.699109
51 16 0.193
52 16 0.539223
53 16 -2.46776
54 16 0.666509
55 16 -0.208255
0 17 0.134352
2 17 -0.0895434
3 17 -0.130391
6 17 -0.0302442
7 17 0.0476236
10 17 0.00457338
16 17 -1.3678
17 17 5.56848
20 17 0.0713794
21 17 -0.0060372
22 17 0.405356
23 17 -0.145653
28 17 -0.0888785
29 17 -0.110214
34 17 -0.119551
35 17 0.0201956
36 17 0.0682817
37 17 -0.341852
38 17 -0.844132
39 17 0.286841
48 17 -2.37469
49 17 0.51088
50 17 -0.175563
51 17 0.65168
52 17 -2.29817
53 17 -0.450641
54 17 0.22671
55 17 0.616854
1 18 -0.24833
2 18 -0.0476104
4 18 0.318251
8 18 0.077051
9 18 -0.263659
13 18 0.17286
18 18 9.98808
19 18 -2.57439
24 18 -2.41667
25 18 0.895415
26 18 0.425704
27 18 -0.319332
30 18 -0.184634
31 18 -0.429236
32 18 0.21918
33 18 -0.214947
40 18 0.184368
41 18 -0.33011
42 18 1.33357
43 18 -0.519532
56 18 1.15653
57 18 -4.28735
58 18 2.46384
59 18 -0.950008
60 18 1.20951
61 18 -4.3124
62 18 -2.41888
63 18 1.095
1 19 0.340955
2 19 0.0922488
4 19 -0.134412
8 19 -0.0503736
9 19 0.105836
13 19 -0.468678
18 19 -2.57439
19 19 11.2665
24 19 0.968886
25 19 -0.365163
26 19 -0.314423
27 19 0.182786
30 19 0.258589
31 19 -0.197682
32 19 -0.227405
33 19 -0.32505
40 19 -0.394799
41 19 0.640378
42 19 -3.52082
43 19 1.3597
56 19 1.00095
57 19 -2.26992
58 19 -4.70003
59 19 1.25622
60 19 -1.09331
61 19 2.60346
62 19 -4.77417
63 19 1.35284
0 20 -0.059126
2 20 0.0437237
3 20 -0.933464
10 20 0.277891
16 20 -0.257115
17 20 0.0713794
20 20 4.83604
21 20 -2.25308
34 20 -0.12782
35 20 0.351153
38 20 0.11556
39 20 -0.179427
44 20 -1.17003
45 20 0.450583
48 20 -0.0626877
49 20 -0.109396
50 20 -1.15842
51 20 0.452517
104 20 0.0268864
105 20 0.0130817
106 20 0.00313514
107 20 -0.108661
108 20 -0.0358955
109 20 -0.0586646
0 21 0.0135971
2 21 -0.134575
3 21 0.244449
10 21 -1.05142
16 21 0.0411215
17 21 -0.0060372
20 21 -2.25308
21 21 4.82096
34 21 0.368449
35 21 -1.01626
38 21 -0.0789458
39 21 0.127257
44 21 0.414171
45 21 -0.162291
48 21 0.0377338
49 21 -0.0919578
50 21 -0.00566577
51 21 -0.0947662
104 21 -0.272754
105 21 0.0421689
106 21 -0.00158636
107 21 -1.27164
108 21 0.52406
109 21 -0.0708632
0 22 -0.140697
3 22 -0.90355
6 22 0.00626826
7 22 0.196857
16 22 -1.10863
17 22 0.405356
22 22 4.91231
23 22 -2.14909
28 22 0.0157051
29 22 -0.0082614
36 22 -0.0459177
37 22 0.0960554
44 22 -0.152237
45 22 -0.0120851
52 22 -0.00655794
53 22 -0.294527
54 22 0.160011
55 22 -0.059676
98 22 0.477954
99 22 -0.188695
110 22 -1.36408
111 22 -0.301276
112 22 0.0267447
113 22 0.571373
0 23 0.0475419
3 23 0.234645
6 23 -0.0394411
7 23 -0.790725
16 23 0.395668
17 23 -0.145653
22 23 -2.14909
23 23 4.9956
28 23 0.0155335
29 23 -0.129243
36 23 0.0843025
37 23 -0.185545
44 23 -0.0224804
45 23 0.0354088
52 23 0.493862
53 23 -1.24161
54 23 -0.414963
55 23 0.0291813
98 23 -1.32118
99 23 0.513056
110 23 -0.427799
111 23 0.265886
112 23 -0.166823
113 23 0.0677824
1 24 -0.392865
2 24 -0.0261171
4 24 -1.38457
9 24 0.401316
18 24 -2.41667
19 24 0.968886
24 24 7.07767
25 24 -3.25913
32 24 0.135966
33 24 -0.228399
40 24 0.0475198
41 24 0.202344
46 24 0.235723
47 24 -0.145692
56 24 0.932305
57 24 -0.247326
58 24 0.0197059
59 24 -0.50406
102 24 0.74523
103 24 -0.283355
114 24 -0.128335
115 24 -0.104179
116 24 -2.52908
117 24 1.0096
1 25 0.140983
2 25 0.00433059
4 25 0.355729
9 25 -1.48877
18 25 0.895415
19 25 -0.365163
24 25 -3.25913
25 25 6.87392
32 25 -0.214946
33 25 0.237701
40 25 0.214735
41 25 -0.50259
46 25 -0.196397
47 25 0.096447
56 25 -0.0804812
57 25 -2.74845
58 25 1.14926
59 25 -0.0386338
102 25 -2.01595
103 25 0.760492
114 25 -0.289055
115 25 0.715528
116 25 0.0416342
117 25 -0.168127
1 26 0.0347643
4 26 -1.37897
8 26 0.310366
13 26 0.175222
18 26 0.425704
19 26 -0.314423
26 26 7.58668
27 26 -3.39095
30 26 1.09047
31 26 -0.44979
42 26 0.181539
43 26 -0.583571
46 26 -2.27815
47 26 0.860263
60 26 -3.11979
61 26 -0.576995
62 26 0.138436
63 26 1.32265
100 26 0.13389
101 26 -0.280809
118 26 -0.0551127
119 26 -0.383601
120 26 1.12997
121 26 -0.444388
1 27 -0.041083
4 27 0.371496
8 27 -1.2919
13 27 -0.484484
18 27 -0.319332
19 27 0.182786
26 27 -3.39095
27 27 8.03019
30 27 -2.91769
31 27 1.18332
42 27 0.113312
43 27 0.168136
46 27 0.859343
47 27 -0.327242
60 27 -0.820753
61 27 1.41849
62 27 -0.732919
63 27 0.229806
100 27 -0.234603
101 27 0.435716
118 27 1.14426
119 27 -2.84049
120 27 -0.582683
121 27 -0.00500129
0 28 -0.105559
3 28 -0.000582799
6 28 -0.642076
7 28 0.29629
14 28 -0.0364955
16 28 0.0283016
17 28 -0.0888785
22 28 0.0157051
23 28 0.0155335
28 28 6.06136
29 28 -2.41874
36 28 -0.958006
37 28 0.336638
52 28 0.552263
53 28 -0.218076
54 28 0.603834
55 28 -2.0594
74 28 0.0100446
75 28 -0.00502232
88 28 0.332478
89 28 0.335491
151 28 -2.01897
0 29 0.0386643
3 29 -0.0115394
6 29 0.357765
7 29 -0.633956
14 29 -0.0364955
16 29 -0.100725
17 29 -0.110214
22 29 -0.0082614
23 29 -0.129243
28 29 -2.41874
29 29 6.19832
36 29 0.35971
37 29 -0.128261
52 29 0.294575
53 29 0.601386
54 29 -2.23504
55 29 -0.657585
74 29 -0.00502232
75 29 -0.00200893
88 29 -1.67746
89 29 0.332478
151 29 0.00602679
1 30 -0.0633302
4 30 -0.31949
8 30 -0.302619
12 30 -0.0492467
13 30 0.127073
18 30 -0.184634
19 30 0.258589
26 30 1.09047
27 30 -2.91769
30 30 8.46619
31 30 -2.7101
42 30 0.253233
43 30 -0.486242
60 30 -4.30449
61 30 1.12026
62 30 -1.15303
63 30 2.99469
78 30 0.108733
79 30 0.110993
94 30 0.333733
95 30 -1.67997
156 30 -0.67048
1 31 0.123929
4 31 0.129475
8 31 0.164495
12 31 -0.0492467
13 31 -0.325845
18 31 -0.429236
19 31 -0.197682
26 31 -0.44979
27 31 1.18332
30 31 -2.7101
31 31 9.36283
42 31 -0.549779
43 31 0.989885
60 31 -3.14662
61 31 1.35669
62 31 1.25123
63 31 -4.88567
78 31 -0.554967
79 31 0.108733
94 31 0.335993
95 31 0.333733
156 31 -2.02048
1 32 -0.364385
2 32 -0.132567
4 32 -0.0379949
9 32 0.137684
15 32 -0.0391183
18 32 0.21918
19 32 -0.227405
24 32 0.135966
25 32 -0.214946
32 32 8.36723
33 32 -2.4076
40 32 -2.94408
41 32 1.11369
56 32 2.26443
57 32 -0.919393
58 32 1.33548
59 32 -4.78965
84 32 0.133092
85 32 -0.688058
96 32 0.217467
97 32 0.221987
157 32 -1.34096
1 33 0.135361
2 33 0.0960651
4 33 0.0563995
9 33 -0.174041
15 33 -0.0391183
18 33 -0.214947
19 33 -0.32505
24 33 -0.228399
25 33 0.237701
32 33 -2.4076
33 33 7.86579
40 33 1.11726
41 33 -0.426095
56 33 -4.43048
57 33 1.23083
58 33 0.853889
59 33 -1.84929
84 33 0.137612
85 33 0.133092
96 33 -1.10993
97 33 0.217467
157 33 -0.83471
0 34 -0.0404559
2 34 -0.820637
3 34 0.0406464
10 34 0.402787
15 34 -0.0391183
16 34 -0.0791981
17 34 -0.119551
20 34 -0.12782
21 34 0.368449
34 34 7.34457
35 34 -3.06519
38 34 0.113127
39 34 -0.45493
48 34 0.714322
49 34 0.141354
50 34 -0.233832
51 34 -2.63746
84 34 -0.148158
85 34 0.718192
86 34 0.503237
87 34 0.498717
150 34 -3.02846
0 35 0.00880354
2 35 0.499238
3 35 -0.115056
10 35 -0.840341
15 35 -0.0391183
16 35 -0.131372
17 35 0.0201956
20 35 0.351153
21 35 -1.01626
34 35 -3.06519
35 35 7.46746
38 35 -0.0259511
39 35 0.126673
48 35 -0.170254
49 35 0.762033
50 35 -2.80122
51 35 0.474511
84 35 -0.143638
85 35 -0.148158
86 35 0.498717
87 35 -2.51618
150 35 0.85279
0 36 0.279259
3 36 0.00932503
5 36 -0.0463728
6 36 -0.615458
7 36 -0.150194
16 36 -0.00627539
17 36 0.0682817
22 36 -0.0459177
23 36 0.0843025
28 36 -0.958006
29 36 0.35971
36 36 5.269
37 36 -2.04137
52 36 -0.00898821
53 36 -0.0329717
54 36 0.101413
55 36 -0.553102
64 36 0.252121
65 36 0.250614
82 36 0.166239
83 36 -0.838728
147 36 -1.51574
0 37 -0.683672
3 37 -0.0537105
5 37 -0.0463728
6 37 0.270374
7 37 0.0512843
16 37 0.0774511
17 37 -0.341852
22 37 0.0960554
23 37 -0.185545
28 37 0.336638
29 37 -0.128261
36 37 -2.04137
37 37 5.24274
52 37 -0.438809
53 37 0.0651697
54 37 0.366563
55 37 -0.872289
64 37 0.250614
65 37 -1.2606
82 37 0.167746
83 37 0.166239
147 37 -1.00949
0 38 -0.690582
1 38 -0.0463728
2 38 0.301804
3 38 -0.138914
10 38 0.0162851
16 38 0.313149
17 38 -0.844132
20 38 0.11556
21 38 -0.0789458
34 38 0.113127
35 38 -0.0259511
38 38 5.22306
39 38 -2.10464
40 38 0.250614
41 38 0.252121
48 38 -0.26107
49 38 0.00839937
50 38 0.0622891
51 38 -0.247497
68 38 -0.838728
69 38 0.166239
149 38 -1.51574
0 39 0.294738
1 39 -0.0463728
2 39 -0.760331
3 39 0.0460093
10 39 -0.0721782
16 39 -0.107949
17 39 0.286841
20 39 -0.179427
21 39 0.127257
34 39 -0.45493
35 39 0.126673
38 39 -2.10464
39 39 5.22338
40 39 -1.2606
41 39 0.250614
48 39 -0.810222
49 39 0.333013
50 39 -0.0239405
51 39 -0.160589
68 39 0.166239
69 39 0.167746
149 39 -1.00949
0 40 -0.0463728
1 40 0.413354
2 40 -1.2174
4 40 -0.0309772
9 40 -0.356899
18 40 0.184368
19 40 -0.394799
24 40 0.0475198
25 40 0.214735
32 40 -2.94408
33 40 1.11726
38 40 0.250614
39 40 -1.2606
40 40 7.39717
41 40 -3.17445
56 40 -0.137529
57 40 -0.594475
58 40 1.49898
59 40 -0.270008
68 40 0.167746
69 40 0.166239
149 40 -1.00949
0 41 -0.0463728
1 41 -1.17588
2 41 0.432114
4 41 0.0246373
9 41 0.129715
18 41 -0.33011
19 41 0.640378
24 41 0.202344
25 41 -0.50259
32 41 1.11369
33 41 -0.426095
38 41 0.252121
39 41 0.250614
40 41 -3.17445
41 41 7.62709
56 41 1.50532
57 41 -0.0838286
58 41 -0.491412
59 41 -3.73991
68 41 0.166239
69 41 -0.838728
149 41 -1.51574
1 42 -1.20518
4 42 -0.409192
5 42 -0.0463728
8 42 -0.0485605
13 42 0.401479
18 42 1.33357
19 42 -3.52082
26 42 0.181539
27 42 0.113312
30 42 0.253233
31 42 -0.549779
42 42 8.19705
43 42 -3.43665
60 42 -0.862146
61 42 0.0216153
62 42 -0.9522
63 42 2.23257
66 42 0.250614
67 42 -1.2606
80 42 0.166239
81 42 0.167746
148 42 -1.00949
1 43 0.433331
4 43 0.152699
5 43 -0.0463728
8 43 0.0638488
13 43 -1.20117
18 43 -0.519532
19 43 1.3597
26 43 -0.583571
27 43 0.168136
30 43 -0.486242
31 43 0.989885
42 43 -3.43665
43 43 8.70356
60 43 0.101524
61 43 1.82479
62 43 -4.50396
63 43 -1.31827
66 43 0.252121
67 43 0.250614
80 43 -0.838728
81 43 0.166239
148 43 -1.51574
3 44 0.237482
7 44 -0.00294591
10 44 -0.124956
20 44 -1.17003
21 44 0.414171
22 44 -0.152237
23 44 -0.0224804
44 44 6.37222
45 44 -1.51642
98 44 -0.120443
99 44 -0.164307
104 44 -0.151068
105 44 0.0712837
106 44 0.784821
107 44 -2.84989
108 44 0.969875
109 44 -0.358716
110 44 0.758399
111 44 -2.78331
112 44 -0.821471
113 44 0.392063
3 45 -0.113688
7 45 -0.00862947
10 45 0.0476977
20 45 0.450583
21 45 -0.162291
22 45 -0.0120851
23 45 0.0354088
44 45 -1.51642
45 45 6.79154
98 45 0.0824174
99 45 -0.132426
104 45 -0.12629
105 45 -0.162988
106 45 0.352333
107 45 -0.75799
108 45 -3.05777
109 45 0.841387
110 45 -0.402069
111 45 1.00913
112 45 -2.9981
113 45 0.820794
4 46 0.373179
8 46 -0.285427
9 46 0.0432669
24 46 0.235723
25 46 -0.196397
26 46 -2.27815
27 46 0.859343
46 46 8.40657
47 46 -1.86061
100 46 0.153343
101 46 -0.164571
102 46 -0.194914
103 46 -0.20107
114 46 -1.32486
115 46 -3.73201
116 46 1.0181
117 46 0.597762
118 46 1.64629
119 46 -3.70836
120 46 1.0283
121 46 -0.671738
4 47 -0.212366
8 47 0.105391
9 47 -0.0244858
24 47 -0.145692
25 47 0.096447
26 47 0.860263
27 47 -0.327242
46 47 -1.86061
47 47 7.70054
100 47 -0.152303
101 47 -0.256959
102 47 0.134508
103 47 -0.18282
114 47 -3.45416
115 47 1.5794
116 47 -0.601235
117 47 0.946388
118 47 -3.41298
119 47 -1.41217
120 47 0.652654
121 47 0.941584
0 48 -0.377936
2 48 0.261708
3 48 0.395314
10 48 -0.0131298
16 48 -0.39662
17 48 -2.37469
20 48 -0.0626877
21 48 0.0377338
34 48 0.714322
35 48 -0.170254
38 48 -0.26107
39 48 -0.810222
48 48 9.47169
49 48 -2.78828
50 48 1.40158
51 48 -4.96592
0 49 0.0926207
2 49 -0.0984186
3 49 -1.08485
10 49 0.0549218
16 49 -2.54164
17 49 0.51088
20 49 -0.109396
21 49 -0.0919578
34 49 0.141354
35 49 0.762033
38 49 0.00839937
39 49 0.333013
48 49 -2.78828
49 49 9.82525
50 49 -5.21736
51 49 0.259679
0 50 -0.0190105
2 50 0.289605
3 50 0.379598
10 50 -0.336222
16 50 0.699109
17 50 -0.175563
20 50 -1.15842
21 50 -0.00566577
34 50 -0.233832
35 50 -2.80122
38 50 0.0622891
39 50 -0.0239405
48 50 1.40158
49 50 -5.21736
50 50 9.9186
51 50 -2.71802
0 51 0.0997124
2 51 -0.786325
3 51 -0.138261
10 51 0.105822
16 51 0.193
17 51 0.65168
20 51 0.452517
21 51 -0.0947662
34 51 -2.63746
35 51 0.474511
38 51 -0.247497
39 51 -0.160589
48 51 -4.96592
49 51 0.259679
50 51 -2.71802
51 51 9.57872
0 52 -0.863372
3 52 0.0559169
6 52 0.0532646
7 52 -0.161333
16 52 0.539223
17 52 -2.29817
22 52 -0.00655794
23 52 0.493862
28 52 0.552263
29 52 0.294575
36 52 -0.00898821
37 52 -0.438809
52 52 9.37017
53 52 -2.93816
54 52 0.0256294
55 52 -4.6115
0 53 0.321682
3 53 -0.219296
6 53 0.00199344
7 53 0.438623
16 53 -2.46776
17 53 -0.450641
22 53 -0.294527
23 53 -1.24161
28 53 -0.218076
29 53 0.601386
36 53 -0.0329717
37 53 0.0651697
52 53 -2.93816
53 53 9.75542
54 53 -4.88384
55 53 1.61535
0 54 -0.114312
3 54 0.00748912
6 54 0.0378072
7 54 -1.22375
16 54 0.666509
17 54 0.22671
22 54 0.160011
23 54 -0.414963
28 54 0.603834
29 54 -2.23504
36 54 0.101413
37 54 0.366563
52 54 0.0256294
53 54 -4.88384
54 54 9.77543
55 54 -3.05203
0 55 0.299974
3 55 0.00714733
6 55 -0.255809
7 55 0.449686
16 55 -0.208255
17 55 0.616854
22 55 -0.059676
23 55 0.0291813
28 55 -2.0594
29 55 -0.657585
36 55 -0.553102
37 55 -0.872289
52 55 -4.6115
53 55 1.61535
54 55 -3.05203
55 55 9.36419
1 56 -0.473309
2 56 -0.25865
4 56 -0.249135
9 56 -2.19302
18 56 1.15653
19 56 1.00095
24 56 0.932305
25 56 -0.0804812
32 56 2.26443
33 56 -4.43048
40 56 -0.137529
41 56 1.50532
56 56 15.8801
57 56 -8.50989
58 56 -1.65493
59 56 -4.71182
1 57 1.26775
2 57 0.167952
4 57 0.357088
9 57 0.817903
18 57 -4.28735
19 57 -2.26992
24 57 -0.247326
25 57 -2.74845
32 57 -0.919393
33 57 1.23083
40 57 -0.594475
41 57 -0.0838286
56 57 -8.50989
57 57 16.3002
58 57 -5.04328
59 57 4.59734
1 58 -3.35143
2 58 -0.367468
4 58 -0.27974
9 58 -0.333512
18 58 2.46384
19 58 -4.70003
24 58 0.0197059
25 58 1.14926
32 58 1.33548
33 58 0.853889
40 58 1.49898
41 58 -0.491412
56 58 -1.65493
57 58 -5.04328
58 58 18.3257
59 58 -9.39517
1 59 1.24767
2 59 0.485105
4 59 0.149774
9 59 0.874996
18 59 -0.950008
19 59 1.25622
24 59 -0.50406
25 59 -0.0386338
32 59 -4.78965
33 59 -1.84929
40 59 -0.270008
41 59 -3.73991
56 59 -4.71182
57 59 4.59734
58 59 -9.39517
59 59 17.6726
1 60 0.225464
4 60 0.952581
8 60 0.593359
13 60 1.64084
18 60 1.20951
19 60 -1.09331
26 60 -3.11979
27 60 -0.820753
30 60 -4.30449
31 60 -3.14662
42 60 -0.862146
43 60 0.101524
60 60 18.4688
61 60 -8.96888
62 60 5.608
63 60 -6.45771
1 61 -0.369872
4 61 -2.50377
8 61 -0.348291
13 61 -0.613595
18 61 -4.3124
19 61 2.60346
26 61 -0.576995
27 61 1.41849
30 61 1.12026
31 61 1.35669
42 61 0.0216153
43 61 1.82479
60 61 -8.96888
61 61 17.431
62 61 -5.80947
63 61 -2.24136
1 62 0.740017
4 62 1.00707
8 62 0.204461
13 62 1.62825
18 62 -2.41888
19 62 -4.77417
26 62 0.138436
27 62 -0.732919
30 62 -1.15303
31 62 1.25123
42 62 -0.9522
43 62 -4.50396
60 62 5.608
61 62 -5.80947
62 62 20.0421
63 62 -10.2486
1 63 -0.50553
4 63 -0.391914
8 63 -0.415302
13 63 -4.35841
18 63 1.095
19 63 1.35284
26 63 1.32265
27 63 0.229806
30 63 2.99469
31 63 -4.88567
42 63 2.23257
43 63 -1.31827
60 63 -6.45771
61 63 -2.24136
62 63 -10.2486
63 63 21.6163
0 64 0.384375
1 64 -0.0463728
5 64 -0.627455
6 64 -0.0463728
36 64 0.252121
37 64 0.250614
64 64 5.92634
65 64 -2.20078
66 64 -1.2606
67 64 0.250614
68 64 0.166239
69 64 0.167746
82 64 -0.838728
83 64 0.166239
146 64 -1.00949
147 64 -1.51574
0 65 -0.627455
1 65 -0.0463728
5 65 0.384375
6 65 -0.0463728
36 65 0.250614
37 65 -1.2606
64 65 -2.20078
65 65 5.92634
66 65 0.250614
67 65 0.252121
68 65 -0.838728
69 65 0.166239
82 65 0.166239
83 65 0.167746
146 65 -1.51574
147 65 -1.00949
0 66 -0.0463728
1 66 0.384375
5 66 -0.627455
13 66 -0.0463728
42 66 0.250614
43 66 0.252121
64 66 -1.2606
65 66 0.250614
66 66 5.92634
67 66 -2.20078
68 66 0.167746
69 66 0.166239
80 66 0.166239
81 66 -0.838728
146 66 -1.00949
148 66 -1.51574
0 67 -0.0463728
1 67 -0.627455
5 67 0.384375
13 67 -0.0463728
42 67 -1.2606
43 67 0.250614
64 67 0.250614
65 67 0.252121
66 67 -2.20078
67 67 5.92634
68 67 0.166239
69 67 -0.838728
80 67 0.167746
81 67 0.166239
146 67 -1.51574
148 67 -1.00949
0 68 -0.97433
1 68 0.54375
2 68 -0.0369978
5 68 -0.0369978
38 68 -0.838728
39 68 0.166239
40 68 0.167746
41 68 0.166239
64 68 0.166239
65 68 -0.838728
66 68 0.167746
67 68 0.166239
68 68 5.92634
69 68 -2.70703
146 68 -1.00949
149 68 -1.00949
0 69 0.54375
1 69 -0.97433
2 69 -0.0369978
5 69 -0.0369978
38 69 0.166239
39 69 0.167746
40 69 0.166239
41 69 -0.838728
64 69 0.167746
65 69 0.166239
66 69 0.166239
67 69 -0.838728
68 69 -2.70703
69 69 5.92634
146 69 -1.00949
149 69 -1.00949
5 70 -0.627455
11 70 -0.0463728
12 70 0.384375
13 70 -0.0463728
70 70 5.92634
71 70 -2.20078
72 70 -1.2606
73 70 0.250614
78 70 0.252121
79 70 0.250614
80 70 0.166239
81 70 -0.838728
92 70 0.166239
93 70 0.167746
153 70 -1.00949
154 70 -1.51574
5 71 0.384375
11 71 -0.0463728
12 71 -0.627455
13 71 -0.0463728
70 71 -2.20078
71 71 5.92634
72 71 0.250614
73 71 0.252121
78 71 0.250614
79 71 -1.2606
80 71 0.167746
81 71 0.166239
92 71 -0.838728
93 71 0.166239
153 71 -1.51574
154 71 -1.00949
5 72 -0.627455
6 72 -0.0463728
11 72 0.384375
12 72 -0.0463728
70 72 -1.2606
71 72 0.250614
72 72 5.92634
73 72 -2.20078
76 72 0.252121
77 72 0.250614
82 72 -0.838728
83 72 0.166239
92 72 0.167746
93 72 0.166239
153 72 -1.00949
155 72 -1.51574
5 73 0.384375
6 73 -0.0463728
11 73 -0.627455
12 73 -0.0463728
70 73 0.250614
71 73 0.252121
72 73 -2.20078
73 73 5.92634
76 73 0.250614
77 73 -1.2606
82 73 0.166239
83 73 0.167746
92 73 0.166239
93 73 -0.838728
153 73 -1.51574
155 73 -1.00949
6 74 -0.936328
7 74 -0.0364955
11 74 -0.0492467
14 74 0.51875
28 74 0.0100446
29 74 -0.00502232
74 74 6.50391
75 74 -2.8248
76 74 -0.554967
77 74 0.108733
88 74 0.335491
89 74 0.332478
90 74 0.333733
91 74 0.335993
151 74 -2.01897
152 74 -2.02048
6 75 0.58125
7 75 -0.0364955
11 75 -0.0492467
14 75 -0.998828
28 75 -0.00502232
29 75 -0.00200893
74 75 -2.8248
75 75 6.50391
76 75 0.108733
77 75 0.110993
88 75 0.332478
89 75 -1.67746
90 75 -1.67997
91 75 0.333733
151 75 0.00602679
152 75 -0.67048
5 76 -0.0463728
6 76 -0.964788
11 76 0.5375
14 76 -0.0304967
72 76 0.252121
73 76 0.250614
74 76 -0.554967
75 76 0.108733
76 76 6.07199
77 76 -2.73691
82 76 0.166239
83 76 -0.838728
90 76 0.167243
91 76 0.164983
152 76 -1.00798
155 76 -1.51574
5 77 -0.0463728
6 77 0.553125
11 77 -0.980413
14 77 -0.0304967
72 77 0.250614
73 77 -1.2606
74 77 0.108733
75 77 0.110993
76 77 -2.73691
77 77 6.07199
82 77 0.167746
83 77 0.166239
90 77 0.164983
91 77 -0.836217
152 77 -0.67048
155 77 -1.00949
5 78 -0.0463728
8 78 -0.0304967
12 78 0.5375
13 78 -0.964788
30 78 0.108733
31 78 -0.554967
70 78 0.252121
71 78 0.250614
78 78 6.07199
79 78 -2.73691
80 78 -0.838728
81 78 0.166239
94 78 0.164983
95 78 0.167243
154 78 -1.51574
156 78 -1.00798
5 79 -0.0463728
8 79 -0.0304967
12 79 -0.980413
13 79 0.553125
30 79 0.110993
31 79 0.108733
70 79 0.250614
71 79 -1.2606
78 79 -2.73691
79 79 6.07199
80 79 0.166239
81 79 0.167746
94 79 -0.836217
95 79 0.164983
154 79 -1.00949
156 79 -0.67048
1 80 -0.0369978
5 80 0.54375
12 80 -0.0369978
13 80 -0.97433
42 80 0.166239
43 80 -0.838728
66 80 0.166239
67 80 0.167746
70 80 0.166239
71 80 0.167746
78 80 -0.838728
79 80 0.166239
80 80 5.92634
81 80 -2.70703
148 80 -1.00949
154 80 -1.00949
1 81 -0.0369978
5 81 -0.97433
12 81 -0.0369978
13 81 0.54375
42 81 0.167746
43 81 0.166239
66 81 -0.838728
67 81 0.166239
70 81 -0.838728
71 81 0.166239
78 81 0.166239
79 81 0.167746
80 81 -2.70703
81 81 5.92634
148 81 -1.00949
154 81 -1.00949
0 82 -0.0369978
5 82 -0.97433
6 82 0.54375
11 82 -0.0369978
36 82 0.166239
37 82 0.167746
64 82 -0.838728
65 82 0.166239
72 82 -0.838728
73 82 0.166239
76 82 0.166239
77 82 0.167746
82 82 5.92634
83 82 -2.70703
147 82 -1.00949
155 82 -1.00949
0 83 -0.0369978
5 83 0.54375
6 83 -0.97433
11 83 -0.0369978
36 83 -0.838728
37 83 0.166239
64 83 0.166239
65 83 0.167746
72 83 0.166239
73 83 0.167746
76 83 -0.838728
77 83 0.166239
82 83 -2.70703
83 83 5.92634
147 83 -1.00949
155 83 -1.00949
2 84 0.8125
9 84 -0.0391183
10 84 -0.0391183
15 84 -1.46049
32 84 0.133092
33 84 0.137612
34 84 -0.148158
35 84 -0.143638
84 84 7.37277
85 84 -3.67734
86 84 -2.51618
87 84 0.498717
96 84 0.217467
97 84 -1.10993
150 84 0.85279
157 84 -0.83471
2 85 -1.37924
9 85 -0.0391183
10 85 -0.0391183
15 85 0.73125
32 85 -0.688058
33 85 0.133092
34 85 0.718192
35 85 -0.148158
84 85 -3.67734
85 85 7.37277
86 85 0.498717
87 85 0.503237
96 85 0.221987
97 85 0.217467
150 85 -3.02846
157 85 -1.34096
2 86 -0.110993
10 86 -0.16875
15 86 0.677009
34 86 0.503237
35 86 0.498717
84 86 -2.51618
85 86 0.498717
86 86 8.77902
87 86 -0.921094
122 86 0.498717
123 86 -2.51618
124 86 0.503237
125 86 0.498717
150 86 -3.02846
158 86 -3.02846
2 87 -0.110993
10 87 0.677009
15 87 -0.16875
34 87 0.498717
35 87 -2.51618
84 87 0.498717
85 87 0.503237
86 87 -0.921094
87 87 8.77902
122 87 0.503237
123 87 0.498717
124 87 0.498717
125 87 -2.51618
150 87 -3.02846
158 87 -3.02846
6 88 -0.0739955
7 88 0.0763393
14 88 0.075
28 88 0.332478
29 88 -1.67746
74 88 0.335491
75 88 0.332478
88 88 6.79018
89 88 -1.36406
126 88 -1.67746
127 88 0.332478
128 88 0.332478
129 88 0.335491
151 88 -2.01897
159 88 -2.01897
6 89 -0.0739955
7 89 0.075
14 89 0.0763393
28 89 0.335491
29 89 0.332478
74 89 0.332478
75 89 -1.67746
88 89 -1.36406
89 89 6.79018
126 89 0.332478
127 89 0.335491
128 89 -1.67746
129 89 0.332478
151 89 -2.01897
159 89 -2.01897
6 90 -0.0554967
11 90 0.28125
14 90 -0.392746
74 90 0.333733
75 90 -1.67997
76 90 0.167243
77 90 0.164983
90 90 6.21763
91 90 -1.92305
130 90 -0.836217
131 90 0.164983
132 90 0.333733
133 90 0.335993
152 90 -1.00798
160 90 -2.02048
6 91 -0.0554967
11 91 -0.392746
14 91 0.28125
74 91 0.335993
75 91 0.333733
76 91 0.164983
77 91 -0.836217
90 91 -1.92305
91 91 6.21763
130 91 0.164983
131 91 0.167243
132 91 -1.67997
133 91 0.333733
152 91 -2.02048
160 91 -1.00798
5 92 -0.0369978
11 92 0.54375
12 92 -0.97433
70 92 0.166239
71 92 -0.838728
72 92 0.167746
73 92 0.166239
92 92 5.92634
93 92 -2.70703
142 92 0.166239
143 92 0.167746
144 92 -0.838728
145 92 0.166239
153 92 -1.00949
161 92 -1.00949
5 93 -0.0369978
11 93 -0.97433
12 93 0.54375
70 93 0.167746
71 93 0.166239
72 93 0.166239
73 93 -0.838728
92 93 -2.70703
93 93 5.92634
142 93 -0.838728
143 93 0.166239
144 93 0.166239
145 93 0.167746
153 93 -1.00949
161 93 -1.00949
8 94 0.28125
12 94 -0.392746
13 94 -0.0554967
30 94 0.333733
31 94 0.335993
78 94 0.164983
79 94 -0.836217
94 94 6.21763
95 94 -1.92305
134 94 -1.67997
135 94 0.333733
136 94 0.164983
137 94 0.167243
156 94 -2.02048
162 94 -1.00798
8 95 -0.392746
12 95 0.28125
13 95 -0.0554967
30 95 -1.67997
31 95 0.333733
78 95 0.167243
79 95 0.164983
94 95 -1.92305
95 95 6.21763
134 95 0.333733
135 95 0.335993
136 95 -0.836217
137 95 0.164983
156 95 -1.00798
162 95 -2.02048
2 96 -0.0484933
9 96 -0.510491
15 96 0.33125
32 96 0.217467
33 96 -1.10993
84 96 0.217467
85 96 0.221987
96 96 5.96652
97 96 -2.04609
138 96 0.217467
139 96 -1.10993
140 96 0.221987
141 96 0.217467
157 96 -1.34096
163 96 -1.34096
2 97 -0.0484933
9 97 0.33125
15 97 -0.510491
32 97 0.221987
33 97 0.217467
84 97 -1.10993
85 97 0.217467
96 97 -2.04609
97 97 5.96652
138 97 0.221987
139 97 0.217467
140 97 0.217467
141 97 -1.10993
157 97 -1.34096
163 97 -1.34096
3 98 -0.144828
7 98 -0.597635
22 98 0.477954
23 98 -1.32118
44 98 -0.120443
45 98 0.0824174
98 98 6.5017
99 98 -2.51515
110 98 -2.5668
111 98 0.691678
112 98 -0.41662
113 98 1.10409
126 98 0.0100446
127 98 -0.00502232
170 98 -2.01897
3 99 0.0556278
7 99 0.344528
22 99 -0.188695
23 99 0.513056
44 99 -0.164307
45 99 -0.132426
98 99 -2.51515
99 99 6.74063
110 99 -1.07635
111 99 0.477653
112 99 0.752689
113 99 -2.79714
126 99 -0.00502232
127 99 -0.00200893
170 99 0.00602679
4 100 -0.0332043
8 100 0.131382
26 100 0.13389
27 100 -0.234603
46 100 0.153343
47 100 -0.152303
100 100 6.99299
101 100 -2.18206
118 100 0.869217
119 100 -0.69834
120 100 1.81916
121 100 -3.25313
136 100 0.108733
137 100 0.110993
175 100 -0.67048
4 101 0.0610418
8 101 -0.229091
26 101 -0.280809
27 101 0.435716
46 101 -0.164571
47 101 -0.256959
100 101 -2.18206
101 101 7.42873
118 101 0.784002
119 101 0.952178
120 101 -3.58884
121 101 -1.7905
136 101 -0.554967
137 101 0.108733
175 101 -2.02048
4 102 -0.238728
9 102 -0.147578
24 102 0.74523
25 102 -2.01595
46 102 -0.194914
47 102 0.134508
102 102 7.2159
103 102 -2.13959
114 102 -0.58677
115 102 1.08672
116 102 -3.93033
117 102 1.48433
138 102 0.133092
139 102 -0.688058
176 102 -1.34096
4 103 0.0883742
9 103 0.11795
24 103 -0.283355
25 103 0.760492
46 103 -0.20107
47 103 -0.18282
102 103 -2.13959
103 103 6.91279
114 103 1.01313
115 103 0.511909
116 103 -1.06947
117 103 -3.67363
138 103 0.137612
139 103 0.133092
176 103 -0.83471
3 104 -0.0141804
10 104 -0.764898
20 104 0.0268864
21 104 -0.272754
44 104 -0.151068
45 104 -0.12629
104 104 7.72457
105 104 -3.12666
106 104 -3.10053
107 104 0.848611
108 104 0.290971
109 104 -0.568893
124 104 -0.148158
125 104 0.718192
169 104 -3.02846
3 105 -0.00293326
10 105 0.481618
20 105 0.0130817
21 105 0.0421689
44 105 0.0712837
45 105 -0.162988
104 105 -3.12666
105 105 7.91626
106 105 0.91682
107 105 -0.350804
108 105 0.905931
109 105 -3.29975
124 105 -0.143638
125 105 -0.148158
169 105 0.85279
3 106 0.0127405
10 106 -1.09587
20 106 0.00313514
21 106 -0.00158636
44 106 0.784821
45 106 0.352333
104 106 -3.10053
105 106 0.91682
106 106 10.6815
107 106 -5.71873
108 106 -0.196447
109 106 -2.92983
3 107 -0.191532
10 107 0.383872
20 107 -0.108661
21 107 -1.27164
44 107 -2.84989
45 107 -0.75799
104 107 0.848611
105 107 -0.350804
106 107 -5.71873
107 107 10.6275
108 107 -3.02663
109 107 2.07807
3 108 0.00499471
10 108 -0.150561
20 108 -0.0358955
21 108 0.52406
44 108 0.969875
45 108 -3.05777
104 108 0.290971
105 108 0.905931
106 108 -0.196447
107 108 -3.02663
108 108 11.2627
109 108 -6.07965
3 109 0.0207193
10 109 0.420051
20 109 -0.0586646
21 109 -0.0708632
44 109 -0.358716
45 109 0.841387
104 109 -0.568893
105 109 -3.29975
106 109 -2.92983
107 109 2.07807
108 109 -6.07965
109 109 11.2796
3 110 0.431626
7 110 -0.0583501
22 110 -1.36408
23 110 -0.427799
44 110 0.758399
45 110 -0.402069
98 110 -2.5668
99 110 -1.07635
110 110 10.7381
111 110 -5.44333
112 110 2.36901
113 110 -3.39842
3 111 -1.19596
7 111 -0.0388556
22 111 -0.301276
23 111 0.265886
44 111 -2.78331
45 111 1.00913
98 111 0.691678
99 111 0.477653
110 111 -5.44333
111 111 10.6464
112 111 -3.23615
113 111 -0.465636
3 112 0.462039
7 112 0.0449557
22 112 0.0267447
23 112 -0.166823
44 112 -0.821471
45 112 -2.9981
98 112 -0.41662
99 112 0.752689
110 112 2.36901
111 112 -3.23615
112 112 11.3646
113 112 -5.85903
3 113 -0.170661
7 113 -0.0574391
22 113 0.571373
23 113 0.0677824
44 113 0.392063
45 113 0.820794
98 113 1.10409
99 113 -2.79714
110 113 -3.39842
111 113 -0.465636
112 113 -5.85903
113 113 11.5232
4 114 0.831301
9 114 0.0860143
24 114 -0.128335
25 114 -0.289055
46 114 -1.32486
47 114 -3.45416
102 114 -0.58677
103 114 1.01313
114 114 12.6756
115 114 -3.6688
116 114 3.06422
117 114 -6.81589
4 115 -2.20499
9 115 -0.177771
24 115 -0.104179
25 115 0.715528
46 115 -3.73201
47 115 1.5794
102 115 1.08672
103 115 0.511909
114 115 -3.6688
115 115 13.7886
116 115 -7.35972
117 115 -0.79853
4 116 0.811171
9 116 0.129419
24 116 -2.52908
25 116 0.0416342
46 116 1.0181
47 116 -0.601235
102 116 -3.93033
103 116 -1.06947
114 116 3.06422
115 116 -7.35972
116 116 13.6153
117 116 -3.50512
4 117 -0.306853
9 117 -0.0979919
24 117 1.0096
25 117 -0.168127
46 117 0.597762
47 117 0.946388
102 117 1.48433
103 117 -3.67363
114 117 -6.81589
115 117 -0.79853
116 117 -3.50512
117 117 12.5934
4 118 -0.169549
8 118 -0.367581
26 118 -0.0551127
27 118 1.14426
46 118 1.64629
47 118 -3.41298
100 118 0.869217
101 118 0.784002
118 118 13.0025
119 118 -4.03002
120 118 -1.15623
121 118 -6.74292
4 119 0.294699
8 119 0.973126
26 119 -0.383601
27 119 -2.84049
46 119 -3.70836
47 119 -1.41217
100 119 -0.69834
101 119 0.952178
118 119 -4.03002
119 119 14.3257
120 119 -7.42621
121 119 3.55136
4 120 -0.255997
8 120 -2.62052
26 120 1.12997
27 120 -0.582683
46 120 1.0283
47 120 0.652654
100 120 1.81916
101 120 -3.58884
118 120 -1.15623
119 120 -7.42621
120 120 14.8444
121 120 -4.31772
4 121 0.119111
8 121 0.987469
26 121 -0.444388
27 121 -0.00500129
46 121 -0.671738
47 121 0.941584
100 121 -3.25313
101 121 -1.7905
118 121 -6.74292
119 121 3.55136
120 121 -4.31772
121 121 13.3454
10 122 -0.0391183
15 122 1.05312
86 122 0.498717
87 122 0.503237
122 122 8.77902
123 122 -4.80234
124 122 0.718192
125 122 -0.148158
158 122 -3.02846
166 122 -0.143638
167 122 -0.148158
168 122 0.85279
10 123 -0.0391183
15 123 -1.98237
86 123 -2.51618
87 123 0.498717
122 123 -4.80234
123 123 8.77902
124 123 -0.148158
125 123 -0.143638
158 123 0.85279
166 123 -0.148158
167 123 0.718192
168 123 -3.02846
10 124 1.05313
15 124 -0.0391183
86 124 0.503237
87 124 0.498717
104 124 -0.148158
105 124 -0.143638
122 124 0.718192
123 124 -0.148158
124 124 8.77902
125 124 -4.80234
158 124 -3.02846
169 124 0.85279
10 125 -1.98237
15 125 -0.0391183
86 125 0.498717
87 125 -2.51618
104 125 0.718192
105 125 -0.148158
122 125 -0.148158
123 125 -0.143638
124 125 -4.80234
125 125 8.77902
158 125 0.85279
169 125 -3.02846
7 126 -1.31116
14 126 -0.0364955
88 126 -1.67746
89 126 0.332478
98 126 0.0100446
99 126 -0.00502232
126 126 6.79018
127 126 -3.38906
128 126 -0.00200893
129 126 -0.00502232
159 126 0.00602679
170 126 -2.01897
7 127 0.7125
14 127 -0.0364955
88 127 0.332478
89 127 0.335491
98 127 -0.00502232
99 127 -0.00200893
126 127 -3.38906
127 127 6.79018
128 127 -0.00502232
129 127 0.0100446
159 127 -2.01897
170 127 0.00602679
7 128 -0.0364955
14 128 -1.31116
88 128 0.332478
89 128 -1.67746
126 128 -0.00200893
127 128 -0.00502232
128 128 6.79018
129 128 -3.38906
159 128 0.00602679
164 128 0.0100446
165 128 -0.00502232
171 128 -2.01897
7 129 -0.0364955
14 129 0.7125
88 129 0.335491
89 129 0.332478
126 129 -0.00502232
127 129 0.0100446
128 129 -3.38906
129 129 6.79018
159 129 -2.01897
164 129 -0.00502232
165 129 -0.00200893
171 129 0.00602679
11 130 -0.0304967
14 130 -1.31775
90 130 -0.836217
91 130 0.164983
130 130 6.21763
131 130 -3.27305
132 130 0.110993
133 130 0.108733
160 130 -0.67048
164 130 -0.554967
165 130 0.108733
172 130 -1.00798
11 131 -0.0304967
14 131 0.70625
90 131 0.164983
91 131 0.167243
130 131 -3.27305
131 131 6.21763
132 131 0.108733
133 131 -0.554967
160 131 -1.00798
164 131 0.108733
165 131 0.110993
172 131 -0.67048
11 132 -0.623996
14 132 -0.0492467
90 132 0.333733
91 132 -1.67997
130 132 0.110993
131 132 0.108733
132 132 6.21763
133 132 -2.26055
142 132 -0.554967
143 132 0.108733
160 132 -0.67048
173 132 -2.02048
11 133 0.3875
14 133 -0.0492467
90 133 0.335993
91 133 0.333733
130 133 0.108733
131 133 -0.554967
132 133 -2.26055
133 133 6.21763
142 133 0.108733
143 133 0.110993
