108
30 30
0 0 3.42918
1 0 -0.729167
2 0 -0.629649
3 0 -0.479167
4 0 -0.564066
5 0 0.103635
8 0 -0.564869
13 0 -0.232568
0 1 -0.729167
1 1 4.73728
2 1 -1.09181
3 1 -0.479167
6 1 0.147839
7 1 -1.12747
11 1 0.209535
12 1 -1.43787
0 2 -0.629649
1 2 -1.09181
2 2 4.34048
5 2 -0.513288
6 2 0.099143
12 2 -0.106475
13 2 -0.608816
15 2 -1.02083
0 3 -0.479167
1 3 -0.479167
3 3 3.625
4 3 -0.729167
7 3 -0.729167
9 3 -0.479167
10 3 -0.479167
0 4 -0.564066
3 4 -0.729167
4 4 3.72167
5 4 -0.174163
8 4 -0.493859
9 4 -0.723958
14 4 -0.713542
0 5 0.103635
2 5 -0.513288
4 5 -0.174163
5 5 3.43307
8 5 -0.798265
13 5 -0.919729
1 6 0.147839
2 6 0.099143
6 6 5.11821
7 6 -1.72983
11 6 -1.27237
12 6 -1.35378
1 7 -1.12747
3 7 -0.729167
6 7 -1.72983
7 7 4.87019
10 7 -0.723958
11 7 -0.372262
0 8 -0.564869
4 8 -0.493859
5 8 -0.798265
8 8 3.75102
14 8 0.0416667
3 9 -0.479167
4 9 -0.723958
9 9 3.73958
10 9 -0.729167
14 9 -0.302083
3 10 -0.479167
7 10 -0.723958
9 10 -0.729167
10 10 3.73958
11 10 -0.302083
1 11 0.209535
6 11 -1.27237
7 11 -0.372262
10 11 -0.302083
11 11 4.37713
1 12 -1.43787
2 12 -0.106475
6 12 -1.35378
12 12 4.53732
15 12 -0.354167
0 13 -0.232568
2 13 -0.608816
5 13 -0.919729
13 13 4.57365
15 13 0.479167
4 14 -0.713542
8 14 0.0416667
9 14 -0.302083
14 14 4.05208
2 15 -1.02083
12 15 -0.354167
13 15 0.479167
15 15 4.70833
16 16 1
17 17 1
18 18 1
19 19 1
20 20 1
21 21 1
22 22 1
23 23 1
24 24 1
25 25 1
26 26 1
27 27 1
28 28 1
29 29 1
331.644
228.752
466.142
249.589
321.418
370.995
250.044
187.488
412.848
311.658
312.47
291.888
519.818
576.356
434.395
744.656
0
0
0
0
0
0
0
0
0
0
0
0
0
0
